第0世代
f1,f2,first_soc,front
124.52,11.5601,100,0
time
44.52,76.31,95.5554
soc
66,76,80
f1,f2,first_soc,front
105.128,21.2665,100,0
time
41.8,61.7308
soc
58,66
f1,f2,first_soc,front
110.383,15.7521,100,0
time
39.08,66.3468,80.0806
soc
53,43,52
f1,f2,first_soc,front
108.631,19.0805,100,0
time
45.88,81.1114,96.5897
soc
57,37,25
f1,f2,first_soc,front
115.686,11.5818,100,0
time
18.68,46.8694,63.3838
soc
74,50,79
f1,f2,first_soc,front
106.452,19.7554,100,0
time
41.8,80.4209
soc
60,38
f1,f2,first_soc,front
122.505,11.5676,100,0
time
25.48,58.6088,77.8483
soc
72,48,76
f1,f2,first_soc,front
111.038,13.5072,100,0
time
45.88,73.067
soc
68,73
f1,f2,first_soc,front
113.171,12.5854,100,0
time
14.6,28.654,62.5758
soc
80,79,74
f1,f2,first_soc,front
111.263,12.7622,100,0
time
45.88
soc
79
f1,f2,first_soc,front
123.51,11.5638,100,0
time
43.16,51.4567,86.722
soc
38,75,78
f1,f2,first_soc,front
130.717,11.5624,100,1
time
36.36,78.3041,110.396
soc
76,66,64
f1,f2,first_soc,front
107.763,24.0501,100,1
time
49.96
soc
65
f1,f2,first_soc,front
110.702,18.2553,100,1
time
37.72,59.7544,81.564
soc
45,51,55
f1,f2,first_soc,front
117.56,12.3309,100,1
time
26.84,56.1051,60.1089
soc
62,24,78
f1,f2,first_soc,front
111.886,14.8359,100,1
time
40.44,91.0795
soc
70,37
f1,f2,first_soc,front
113.158,13.082,100,1
time
24.12,32.1215,52.9438,84.2785
soc
65,66,72,59
f1,f2,first_soc,front
123.429,11.5685,100,1
time
32.28,59.6183,96.5919
soc
73,73,59
f1,f2,first_soc,front
123.921,11.5676,100,1
time
25.48,41.9389,78.0402,112.204
soc
74,79,61,45
f1,f2,first_soc,front
114.191,13.2427,100,2
time
44.52,82.6445,96.9533
soc
57,33,36
f1,f2,first_soc,front
108.327,32.9398,100,2
time
7.8,46.4622
soc
93,77
f1,f2,first_soc,front
111.078,18.921,100,2
time
30.92,56.9955
soc
54,66
f1,f2,first_soc,front
111.014,28.9017,100,2
time
32.28,52.4684
soc
75,87
f1,f2,first_soc,front
111.064,24.5434,100,2
time
33.64,69.4476
soc
85,75
f1,f2,first_soc,front
127.641,14.2759,100,3
time
33.64,88.1464,110.908
soc
82,67,70
f1,f2,first_soc,front
111.263,19.3723,100,3
time
41.8
soc
83
f1,f2,first_soc,front
116.447,15.6319,100,3
time
45.88,71.2019
soc
67,83
f1,f2,first_soc,front
114.924,16.3414,100,3
time
24.12,46.9264,70.0554
soc
62,42,61
f1,f2,first_soc,front
115.654,16.8807,100,4
time
20.04,64.1866
soc
79,68
f1,f2,first_soc,front
111.849,43.0149,100,4
time
6.44,56.6471,68.5887,99.569
soc
100,38,47,21
f1,f2,first_soc,front
112.207,22.6407,100,4
time
45.88,67.6666,101.225
soc
60,64,25
f1,f2,first_soc,front
113.275,22.1188,100,4
time
47.24,57.9817
soc
25,68
f1,f2,first_soc,front
118.389,17.0124,100,5
time
32.28,53.3629,97.7501
soc
66,84,52
f1,f2,first_soc,front
112.692,46.9986,100,5
time
20.04,68.7781
soc
96,67
f1,f2,first_soc,front
113.833,31.5345,100,5
time
54.04,64.2761,90.4505
soc
23,42,40
f1,f2,first_soc,front
117.279,27.7494,100,5
time
22.76,34.47,92.6629
soc
72,88,41
f1,f2,first_soc,front
113.349,37.3712,100,5
time
6.44,63.4471
soc
100,61
f1,f2,first_soc,front
118.174,26.7678,100,5
time
54.04,76.7472
soc
45,73
f1,f2,first_soc,front
126.217,17.9932,100,6
time
45.88,57.9155,73.9313
soc
38,48,84
f1,f2,first_soc,front
113.752,38.415,100,6
time
25.48,48.37
soc
82,91
f1,f2,first_soc,front
119.128,18.8549,100,6
time
1,44.3149,78.956
soc
100,54,60
f1,f2,first_soc,front
115.38,33.1723,100,6
time
1,40.2349
soc
100,89
f1,f2,first_soc,front
118.399,26.7678,100,6
time
54.04
soc
79
f1,f2,first_soc,front
118.91,22.7869,100,6
time
45.88
soc
87
f1,f2,first_soc,front
113.868,35.8052,100,6
time
47.24,70.6872,96.4396
soc
34,34,33
f1,f2,first_soc,front
138.089,18.6534,100,7
time
32.28,68.4781,79.7257,121.635
soc
69,45,85,75
f1,f2,first_soc,front
116.394,49.5229,100,7
time
1,18.4749,58.9524
soc
100,95,82
f1,f2,first_soc,front
119.599,40.4543,100,7
time
35
soc
97
f1,f2,first_soc,front
129.175,18.6618,100,7
time
25.48,51.4589,75.4885,114.672
soc
74,79,85,55
f1,f2,first_soc,front
120.372,19.6287,100,7
time
13.24,38.0042,59.4542,96.0953
soc
85,61,59,47
f1,f2,first_soc,front
119.742,26.0227,100,7
time
6.44,59.3655,74.5315,110.359
soc
96,34,60,36
f1,f2,first_soc,front
116.752,48.8387,100,7
time
22.76,95.2957
soc
93,31
f1,f2,first_soc,front
120.351,23.3037,100,7
time
51.32,63.0625
soc
28,81
f1,f2,first_soc,front
119.868,25.0355,100,7
time
33.64,68.7668
soc
83,86
f1,f2,first_soc,front
125.06,20.8147,100,8
time
41.8,53.8447,75.6859
soc
37,38,74
f1,f2,first_soc,front
119.037,52.6059,100,8
time
13.24,38.0042
soc
85,97
f1,f2,first_soc,front
120.109,33.3175,100,8
time
39.08
soc
94
f1,f2,first_soc,front
121.262,21.6672,100,8
time
51.32,102.46,110.474
soc
71,48,50
f1,f2,first_soc,front
122.238,21.208,100,8
time
33.64,74.548,92.7247
soc
86,71,67
f1,f2,first_soc,front
130.497,20.8951,100,9
time
49.96,83.7116,99.6208,120.537
soc
47,44,61,58
f1,f2,first_soc,front
120.818,47.3805,100,9
time
13.24,46.5087,89.5152,105.263
soc
96,79,38,39
f1,f2,first_soc,front
121.111,33.3581,100,9
time
36.36,82.7097
soc
93,81
f1,f2,first_soc,front
125.134,21.6672,100,9
time
51.32,79.6532
soc
42,75
f1,f2,first_soc,front
122.225,27.1093,100,9
time
51.32,84.9348
soc
74,84
f1,f2,first_soc,front
123.757,26.1483,100,9
time
37.72,51.2841
soc
39,89
f1,f2,first_soc,front
124.858,25.9987,100,9
time
2.36,27.6729,47.4216,94.0694
soc
100,76,85,63
f1,f2,first_soc,front
124.365,26.0876,100,9
time
21.4,47.8589,75.3135
soc
81,81,87
f1,f2,first_soc,front
136.753,21.5856,100,10
time
24.12,65.732,96.9982
soc
75,58,85
f1,f2,first_soc,front
121.982,36.6643,100,10
time
45.88,56.4399,69.8107,86.5308
soc
27,22,27,60
f1,f2,first_soc,front
122.726,28.1223,100,10
time
3.72,54.9006
soc
99,85
f1,f2,first_soc,front
127.255,24.2185,100,10
time
52.68,108.237
soc
72,58
f1,f2,first_soc,front
134.725,22.9978,100,10
time
39.08,107.185
soc
84,64
f1,f2,first_soc,front
137.824,22.7981,100,11
time
29.56,89.6777,110.994
soc
87,54,78
f1,f2,first_soc,front
122.781,33.8918,100,11
time
2.36,16.7929,52.9029,91.1644
soc
100,93,72,54
f1,f2,first_soc,front
127.318,25.3271,100,11
time
45.88,85.7361,98.1705
soc
50,26,62
f1,f2,first_soc,front
123.179,29.8592,100,11
time
13.24,33.9225,52.8077
soc
81,60,91
f1,f2,first_soc,front
132.452,24.2185,100,11
time
52.68,102.991
soc
67,73
f1,f2,first_soc,front
135.87,24.2946,100,12
time
49.96,75.8619,100.441,114.515
soc
53,51,40,71
f1,f2,first_soc,front
123.491,40.433,100,12
time
24.12,71.663
soc
94,84
f1,f2,first_soc,front
131.58,27.6064,100,12
time
21.4,40.7779,58.2764,81.0787
soc
68,52,64,90
f1,f2,first_soc,front
124.891,34.7773,100,12
time
11.88,68.7814,100.468
soc
95,62,56
f1,f2,first_soc,front
126.307,30.2843,100,12
time
29.56,55.8035
soc
54,88
f1,f2,first_soc,front
134.936,24.5606,100,12
time
1,48.3949,60.1411,67.5098,75.7603,100.844,110.723
soc
100,42,48,48,47,25,62
f1,f2,first_soc,front
124.622,39.375,100,12
time
36.36,58.7591
soc
75,98
f1,f2,first_soc,front
128.376,28.0904,100,12
time
54.04,88.9872
soc
45,72
f1,f2,first_soc,front
127.949,29.7489,100,12
time
52.68,59.0488,89.9109
soc
15,49,75
f1,f2,first_soc,front
144.534,24.4281,100,13
time
13.24,38.3454,69.4223,115.406
soc
88,77,76,80
f1,f2,first_soc,front
124.761,45.7518,100,13
time
1,18.4749,65.7541,89.458
soc
100,99,65,58
f1,f2,first_soc,front
127.025,32.4779,100,13
time
2.36,22.2329,66.1079,84.8814
soc
100,89,55,75
f1,f2,first_soc,front
137.263,24.9081,100,13
time
51.32,81.6338,113.558
soc
54,78,82
f1,f2,first_soc,front
126.615,42.9486,100,13
time
29.56,48.3797,71.5754
soc
77,88,92
f1,f2,first_soc,front
134.532,27.6705,100,13
time
49.96,95.912,110.527,119.411
soc
55,38,47,66
f1,f2,first_soc,front
131.359,30.5656,100,13
time
21.4,71.6597,86.6265
soc
83,27,74
f1,f2,first_soc,front
129.628,30.7805,100,13
time
35,50.886,67.4509
soc
51,53,92
f1,f2,first_soc,front
126.148,44.2703,100,13
time
2.36,24.9529,57.2655,61.2389
soc
100,86,55,91
f1,f2,first_soc,front
134.661,29.5523,100,14
time
1,41.5949,113.513
soc
100,90,57
f1,f2,first_soc,front
125.43,53.6384,100,14
time
2.36,20.8729,67.6393
soc
100,97,84
f1,f2,first_soc,front
128.669,34.0725,100,14
time
26.84,61.8001,87.4326
soc
90,83,81
f1,f2,first_soc,front
127.655,51.6834,100,14
time
14.6,53.8214,96.6815
soc
98,76,49
f1,f2,first_soc,front
132.546,31.6666,100,14
time
1,44.3149,69.3204,77.8307
soc
100,43,23,84
f1,f2,first_soc,front
134.876,29.9905,100,15
time
22.76,48.6146,119.004
soc
65,92,60
f1,f2,first_soc,front
126.652,55.3297,100,15
time
26.84,33.8401,71.0675
soc
61,95,92
f1,f2,first_soc,front
128.739,37.14,100,15
time
6.44,60.0447,105.021
soc
94,54,52
f1,f2,first_soc,front
131.594,35.6012,100,15
time
21.4,43.1084,98.9451
soc
78,95,74
f1,f2,first_soc,front
133.169,32.9529,100,15
time
52.68,103.381
soc
57,65
f1,f2,first_soc,front
137.154,29.9927,100,16
time
6.44,39.9859,59.5753,93.4488,104.852
soc
97,71,83,63,81
f1,f2,first_soc,front
127.765,66.8155,100,16
time
9.16,49.5529
soc
99,98
f1,f2,first_soc,front
128.819,41.5341,100,16
time
25.48,37.7433,71.9233,92.6255
soc
63,95,94,80
f1,f2,first_soc,front
131.182,37.1933,100,16
time
30.92,95.9733
soc
96,73
f1,f2,first_soc,front
136.298,37.1913,100,16
time
28.2,101.755
soc
96,69
f1,f2,first_soc,front
141.146,30.8339,100,17
time
29.56,44.6892,94.8635,115.622
soc
67,91,68,81
f1,f2,first_soc,front
128.437,76.7439,100,17
time
11.88,46.3422,72.8656
soc
97,92,89
f1,f2,first_soc,front
128.859,42.4702,100,17
time
2.36,9.99286,17.0849,23.8374,75.4523
soc
100,99,99,100,74
f1,f2,first_soc,front
131.515,37.4799,100,17
time
1,22.5549,80.5427
soc
100,94,81
f1,f2,first_soc,front
137.011,37.2398,100,17
time
2.36,38.5529,76.299,89.5804
soc
100,85,63,87
f1,f2,first_soc,front
138.781,36.4007,100,17
time
54.04,122.306
soc
86,70
f1,f2,first_soc,front
148.199,31.6582,100,18
time
37.72,108.035,118.046
soc
90,40,83
f1,f2,first_soc,front
129.274,54.4515,100,18
time
33.64,69.7905
soc
92,100
f1,f2,first_soc,front
142.2,35.5773,100,18
time
29.56,44.9995,80.2501
soc
73,78,95
f1,f2,first_soc,front
129.797,43.5605,100,18
time
43.16
soc
100
f1,f2,first_soc,front
134.761,39.6324,100,18
time
35,42.4157,117.817
soc
45,98,56
f1,f2,first_soc,front
147.266,35.1852,100,18
time
9.16,51.2508,89.8796,106.744
soc
94,67,41,85
f1,f2,first_soc,front
133.954,40.8807,100,18
time
51.32,83.4593
soc
63,92
f1,f2,first_soc,front
134.637,40.5736,100,18
time
48.6,80.8858
soc
68,95
f1,f2,first_soc,front
143.22,37.1688,100,19
time
43.16,84.9088,97.6188
soc
80,70,96
f1,f2,first_soc,front
130.438,54.7785,100,19
time
28.2,62.6541,109.557
soc
95,100,52
f1,f2,first_soc,front
136.306,40.1942,100,19
time
36.36,56.2338,88.578
soc
70,88,91
f1,f2,first_soc,front
131.149,45.9812,100,19
time
54.04
soc
92
f1,f2,first_soc,front
132.405,43.5943,100,19
time
21.4,80.8466,93.3381,107.826
soc
100,64,74,72
f1,f2,first_soc,front
134.07,41.4002,100,19
time
25.48,95.9733
soc
90,66
f1,f2,first_soc,front
134.147,41.0833,100,19
time
5.08,15.4782,22.5702,59.9235,90.5999
soc
98,97,99,64,74
f1,f2,first_soc,front
145.518,37.4997,100,20
time
39.08,54.767,89.6727,100.162
soc
57,64,21,85
f1,f2,first_soc,front
133.007,48.1765,100,20
time
5.08,51.519,110.006
soc
100,94,66
f1,f2,first_soc,front
137.698,40.3647,100,20
time
43.16,64.007
soc
44,98
f1,f2,first_soc,front
137.379,45.11,100,20
time
6.44,22.6455,55.6767,103.795
soc
96,87,67,63
f1,f2,first_soc,front
135.617,46.8291,100,20
time
7.8,43.0647,55.9955,98.7466
soc
99,78,89,74
f1,f2,first_soc,front
149.487,38.0976,100,21
time
33.64,44.9589,74.6352,111.631
soc
47,84,88,87
f1,f2,first_soc,front
134.044,49.8345,100,21
time
52.68
soc
96
f1,f2,first_soc,front
138.985,44.0135,100,21
time
40.44,75.7333,120.212
soc
88,98,64
f1,f2,first_soc,front
134.524,48.6053,100,21
time
7.8,19.9431,27.0351,75.6096,98.4624
soc
95,94,99,64,77
f1,f2,first_soc,front
145.901,41.0537,100,21
time
6.44,42.0267,89.1264,107.041
soc
99,79,47,87
f1,f2,first_soc,front
139.179,41.567,100,21
time
32.28,66.0684,94.0081,121.486
soc
75,88,96,75
f1,f2,first_soc,front
148.003,40.4181,100,21
time
24.12,60.0989,90.8829
soc
84,63,94
f1,f2,first_soc,front
139.143,42.1363,100,21
time
29.56,69.014,87.0481
soc
64,42,92
f1,f2,first_soc,front
145.63,43.4492,100,22
time
25.48,68.4304,79.5978
soc
83,41,98
f1,f2,first_soc,front
135.09,62.7661,100,22
time
17.32,69.4606
soc
99,94
f1,f2,first_soc,front
139.554,46.8611,100,22
time
7.8,46.8051,90.161
soc
100,83,85
f1,f2,first_soc,front
141.289,43.8181,100,22
time
48.6,100.208
soc
85,92
f1,f2,first_soc,front
158.05,44.3529,100,23
time
25.48,76.9316,107.077
soc
86,56,97
f1,f2,first_soc,front
141.009,65.7205,100,23
time
24.12,43.5066,94.0179
soc
66,100,97
f1,f2,first_soc,front
141.046,47.3583,100,23
time
49.96,124.186
soc
98,74
f1,f2,first_soc,front
151.72,45.0834,100,23
time
51.32,97.4092,126.635
soc
61,80,95
f1,f2,first_soc,front
146.957,45.4577,100,23
time
32.28,72.2478,107.816
soc
63,70,95
f1,f2,first_soc,front
143.184,45.8172,100,23
time
40.44,95.7937
soc
89,93
f1,f2,first_soc,front
157.754,45.2115,100,24
time
41.8,98.2165
soc
71,99
f1,f2,first_soc,front
141.197,52.2058,100,24
time
6.44,57.3247,81.8919
soc
94,56,97
f1,f2,first_soc,front
143.906,47.2583,100,24
time
33.64,57.354,81.3164
soc
50,34,92
f1,f2,first_soc,front
148.233,46.9652,100,24
time
48.6,93.786
soc
72,99
f1,f2,first_soc,front
144.036,48.1629,100,25
time
20.04,30.352,65.8132,71.9446,106.881,119.585
soc
81,99,79,83,39,62
f1,f2,first_soc,front
141.373,64.4228,100,25
time
28.2,83.3953
soc
98,96
f1,f2,first_soc,front
142.342,53.6647,100,25
time
2.36,57.5929,74.836
soc
100,30,94
f1,f2,first_soc,front
141.642,56.136,100,25
time
1,56.5549,73.2621
soc
100,35,98
f1,f2,first_soc,front
147.722,49.8058,100,26
time
11.88,62.321,93.6801
soc
94,59,91
f1,f2,first_soc,front
142.217,69.2167,100,26
time
37.72,90.3586
soc
98,98
f1,f2,first_soc,front
143.891,62.3437,100,26
time
1,53.8349,108.237
soc
100,97,100
f1,f2,first_soc,front
145.088,51.5175,100,26
time
54.04,59.0704,101.388
soc
10,64,92
f1,f2,first_soc,front
150.273,50.6584,100,27
time
52.68,94.9106
soc
51,94
f1,f2,first_soc,front
144.428,66.0217,100,27
time
43.16,101.577
soc
99,95
f1,f2,first_soc,front
145.981,55.4969,100,27
time
29.56,45.5045,64.6039,100.285
soc
74,89,91,89
f1,f2,first_soc,front
147.422,52.8198,100,27
time
49.96,56.4753,133.796
soc
20,98,74
f1,f2,first_soc,front
147.354,52.8849,100,27
time
25.48,41.589,83.1412
soc
76,87,100
f1,f2,first_soc,front
149.865,53.7248,100,28
time
20.04,49.7398,55.4543,97.9063,119.478
soc
100,100,99,48,73
f1,f2,first_soc,front
145.796,67.5856,100,28
time
54.04,118.912
soc
100,94
f1,f2,first_soc,front
146.869,59.6533,100,28
time
26.84,78.4614,101.552
soc
93,81,96
f1,f2,first_soc,front
148.025,54.5075,100,28
time
29.56,61.4589,86.9555,115.281
soc
90,85,83,89
f1,f2,first_soc,front
147.119,57.0038,100,28
time
33.64,92.5709
soc
93,96
f1,f2,first_soc,front
152.098,53.9923,100,29
time
20.04,64.6982,101.41,120.964
soc
96,86,67,85
f1,f2,first_soc,front
147.193,69.9512,100,29
time
6.44,30.1263,82.3291,103.619
soc
98,100,73,88
f1,f2,first_soc,front
148.323,60.6294,100,29
time
7.8,63.4631,138.241
soc
95,98,69
f1,f2,first_soc,front
150.816,54.2294,100,29
time
2.36,31.7529,70.6891,115.161
soc
100,84,88,90
f1,f2,first_soc,front
151.635,54.8776,100,30
time
7.8,47.4843,55.887,80.7411,99.2367,107.655,124.661
soc
98,64,75,64,63,84,91
f1,f2,first_soc,front
148.426,60.7445,100,30
time
52.68,99.0199,131.967,142.36
soc
87,98,76,70
f1,f2,first_soc,front
153.858,55.2606,100,31
time
25.48,75.2369,111.997
soc
99,73,84
f1,f2,first_soc,front
152.399,65.215,100,31
time
7.8,29.4647,51.2661,65.5179,103.681
soc
99,91,79,84,90
f1,f2,first_soc,front
157.46,58.128,100,32
time
35,73.0181,122.953
soc
94,99,85
f1,f2,first_soc,front
153.01,76.9554,100,32
time
2.36,16.7929,77.0433
soc
100,94,99
f1,f2,first_soc,front
155.962,59.1197,100,32
time
51.32,128.772
soc
96,88
f1,f2,first_soc,front
156.438,60.0169,100,33
time
36.36,82.2686,144.157
soc
65,98,90
f1,f2,first_soc,front
162.154,60.6189,100,34
time
49.96,88.5674,100.272,144.079
soc
62,50,95,94
f1,f2,first_soc,front
156.808,74.5475,100,34
time
47.24,101.405,125.031,147.093
soc
94,100,99,76
f1,f2,first_soc,front
157.253,63.2425,100,34
time
13.24,55.6825,72.8513,101.617
soc
81,27,37,96
f1,f2,first_soc,front
165.009,64.1449,100,35
time
21.4,45.5181,100.641,139.202
soc
72,92,90,93
f1,f2,first_soc,front
158.872,73.6164,100,35
time
39.08,64.3662,105.734,133.888
soc
41,82,95,93
f1,f2,first_soc,front
162.258,66.9012,100,35
time
28.2,62.6541,120.437
soc
95,100,88
f1,f2,first_soc,front
162.709,65.1315,100,35
time
47.24,94.2624,129.58
soc
87,92,95
f1,f2,first_soc,front
170.293,73.15,100,36
time
14.6,82.721,122.722,163.201
soc
97,66,98,97
f1,f2,first_soc,front
163.367,106.126,100,36
time
2.36,16.7929,36.5845,45.7712,95.7351,128.722
soc
100,97,92,100,90,96
f1,f2,first_soc,front
164.744,73.2777,100,36
time
22.76,68.2753,136.681
soc
77,99,97
f1,f2,first_soc,front
167.331,73.8315,100,37
time
47.24,90.8632,128.909
soc
89,97,98
f1,f2,first_soc,front
174.843,91.5527,100,38
time
2.36,30.3929,66.4443,99.0489,118.25,127.899,149.405
soc
100,89,94,89,80,84,92
第1世代
f1,f2,first_soc,front
105.128,21.2665,100,0
time
41.8,61.7308
soc
58,66
f1,f2,first_soc,front
105.128,21.2665,100,0
time
41.8,61.7308
soc
58,66
f1,f2,first_soc,front
124.52,11.5601,100,0
time
44.52,76.31,95.5554
soc
66,76,80
f1,f2,first_soc,front
114.494,11.5818,100,0
time
18.68,49.5894,64.4026
soc
74,50,79
f1,f2,first_soc,front
122.141,11.5638,100,0
time
43.16,75.973,95.0323
soc
65,78,80
f1,f2,first_soc,front
106.452,19.7554,100,0
time
41.8,80.4209
soc
60,38
f1,f2,first_soc,front
109.611,15.6286,100,0
time
45.88,82.8213,94.8885
soc
55,37,34
f1,f2,first_soc,front
108.699,17.1893,100,0
time
30.92,57.8108
soc
61,66
f1,f2,first_soc,front
110.699,14.8969,100,0
time
40.44,89.7195
soc
70,37
f1,f2,first_soc,front
108.459,17.9501,100,0
time
45.88,81.9664,96.4216
soc
56,37,27
f1,f2,first_soc,front
105.255,20.1203,100,0
time
43.16,81.2579
soc
62,38
f1,f2,first_soc,front
112.752,12.0364,100,0
time
40.44,66.6787,81.6036
soc
54,43,52
f1,f2,first_soc,front
111.038,13.5072,100,0
time
45.88,73.067
soc
68,73
f1,f2,first_soc,front
111.263,12.7622,100,0
time
45.88
soc
79
f1,f2,first_soc,front
122.752,11.5634,100,0
time
33.64,60.8102,96.2471
soc
73,75,60
f1,f2,first_soc,front
113.742,11.9199,100,0
time
25.48,43.2989,77.8721
soc
74,79,61
f1,f2,first_soc,front
124.515,11.563,100,0
time
45.88,77.4969,95.5503
soc
66,76,80
f1,f2,first_soc,front
108.464,17.9472,100,0
time
44.52,80.2744,96.4267
soc
55,37,27
f1,f2,first_soc,front
111.038,13.5072,100,0
time
45.88,73.067
soc
68,73
f1,f2,first_soc,front
111.263,12.7622,100,0
time
45.88
soc
79
f1,f2,first_soc,front
113.245,11.9907,100,0
time
33.64,68.2704
soc
77,75
f1,f2,first_soc,front
124.52,11.5601,100,0
time
44.52,76.815,95.5554
soc
67,76,80
f1,f2,first_soc,front
111.038,13.5072,100,0
time
45.88,73.067
soc
68,73
f1,f2,first_soc,front
124.52,11.5601,100,0
time
44.52,76.31,95.5554
soc
66,76,80
f1,f2,first_soc,front
130.717,11.5624,100,1
time
36.36,78.3041,110.396
soc
76,66,64
f1,f2,first_soc,front
107.763,24.0501,100,1
time
49.96
soc
65
f1,f2,first_soc,front
108.631,19.0805,100,1
time
45.88,81.1114,96.5897
soc
57,37,25
f1,f2,first_soc,front
115.686,11.5818,100,1
time
18.68,46.8694,63.3838
soc
74,50,79
f1,f2,first_soc,front
125.707,11.563,100,1
time
45.88,77.4969,94.8901
soc
66,72,80
f1,f2,first_soc,front
122.505,11.5676,100,1
time
25.48,58.6088,77.8483
soc
72,48,76
f1,f2,first_soc,front
109.651,18.6832,100,1
time
44.52,81.2845,96.7766
soc
57,35,27
f1,f2,first_soc,front
109.878,16.3296,100,1
time
39.08,65.8417,80.0806
soc
52,43,51
f1,f2,first_soc,front
111.886,14.8359,100,1
time
40.44,91.0795
soc
70,37
f1,f2,first_soc,front
113.171,12.5854,100,1
time
14.6,28.654,62.5758
soc
80,79,74
f1,f2,first_soc,front
110.383,15.7521,100,1
time
39.08,66.3468,80.0806
soc
53,43,52
f1,f2,first_soc,front
113.01,13.8626,100,1
time
44.52,84.0045,97.2903
soc
57,34,36
f1,f2,first_soc,front
123.51,11.5638,100,1
time
43.16,51.4567,86.722
soc
38,75,78
f1,f2,first_soc,front
113.158,13.082,100,1
time
24.12,32.1215,52.9438,84.2785
soc
65,66,72,59
f1,f2,first_soc,front
122.505,11.5676,100,1
time
25.48,58.6088,77.8483
soc
72,48,76
f1,f2,first_soc,front
133.09,11.5624,100,2
time
36.36,76.9441,111.924
soc
76,66,64
f1,f2,first_soc,front
107.763,24.3215,100,2
time
49.96
soc
65
f1,f2,first_soc,front
113.158,13.082,100,2
time
24.12,31.9268,53.5954,84.2785
soc
70,72,72,59
f1,f2,first_soc,front
110.702,18.2553,100,2
time
37.72,59.7544,81.564
soc
45,51,55
f1,f2,first_soc,front
109.828,19.0142,100,2
time
47.24,69.2084,99.6972
soc
58,64,25
f1,f2,first_soc,front
117.378,11.5818,100,2
time
18.68,46.8694,64.7438
soc
74,50,80
f1,f2,first_soc,front
124.01,11.5638,100,2
time
43.16,52.8167,87.4038
soc
38,74,79
f1,f2,first_soc,front
123.429,11.5685,100,2
time
32.28,59.6183,96.5919
soc
73,73,59
f1,f2,first_soc,front
123.429,11.5685,100,2
time
32.28,59.6183,96.5919
soc
73,73,59
f1,f2,first_soc,front
123.921,11.5676,100,2
time
25.48,41.9389,78.0402,112.204
soc
74,79,61,45
f1,f2,first_soc,front
123.921,11.5676,100,2
time
25.48,41.9389,78.0402,112.204
soc
74,79,61,45
f1,f2,first_soc,front
117.56,12.3309,100,3
time
26.84,56.1051,60.1089
soc
62,24,78
f1,f2,first_soc,front
107.763,25.3206,100,3
time
49.96
soc
65
f1,f2,first_soc,front
113.737,14.0484,100,3
time
24.12,46.9264,68.6954
soc
62,42,61
f1,f2,first_soc,front
110.525,21.0171,100,3
time
37.72,61.1144,83.4162
soc
45,55,57
f1,f2,first_soc,front
111.078,18.921,100,3
time
30.92,56.9955
soc
54,66
f1,f2,first_soc,front
111.078,18.921,100,3
time
30.92,56.9955
soc
54,66
f1,f2,first_soc,front
114.191,13.2427,100,3
time
44.52,82.6445,96.9533
soc
57,33,36
f1,f2,first_soc,front
110.75,20.6859,100,3
time
22.76,63.3316
soc
83,67
f1,f2,first_soc,front
114.191,13.2427,100,3
time
44.52,82.6445,96.9533
soc
57,33,36
f1,f2,first_soc,front
114.191,13.2427,100,3
time
44.52,82.6445,96.9533
soc
57,33,36
f1,f2,first_soc,front
125.459,13.1838,100,4
time
33.64,85.766,111.92
soc
81,67,62
f1,f2,first_soc,front
108.327,32.9398,100,4
time
7.8,46.4622
soc
93,77
f1,f2,first_soc,front
114.667,14.8162,100,4
time
18.68,47.2193,67.0614
soc
72,63,82
f1,f2,first_soc,front
111.263,19.3723,100,4
time
41.8
soc
83
f1,f2,first_soc,front
108.949,25.5114,100,4
time
51.32
soc
65
f1,f2,first_soc,front
111.064,24.5434,100,4
time
33.64,69.4476
soc
85,75
f1,f2,first_soc,front
127.641,14.2759,100,5
time
33.64,88.1464,110.908
soc
82,67,70
f1,f2,first_soc,front
109.872,26.84,100,5
time
33.64,68.0876
soc
85,75
f1,f2,first_soc,front
116.447,15.6319,100,5
time
45.88,71.2019
soc
67,83
f1,f2,first_soc,front
112.207,22.6407,100,5
time
45.88,67.6666,101.225
soc
60,64,25
f1,f2,first_soc,front
113.275,19.9439,100,5
time
47.24,58.9918
soc
27,68
f1,f2,first_soc,front
111.52,26.3096,100,5
time
44.52,77.2045,97.441
soc
57,38,26
f1,f2,first_soc,front
114.924,16.3414,100,5
time
24.12,46.9264,70.0554
soc
62,42,61
f1,f2,first_soc,front
112.284,20.3927,100,5
time
41.8
soc
84
f1,f2,first_soc,front
114.924,16.3414,100,5
time
24.12,46.9264,70.0554
soc
62,42,61
f1,f2,first_soc,front
115.654,15.7974,100,5
time
20.04,64.6916
soc
80,68
f1,f2,first_soc,front
115.383,15.9441,100,5
time
44.52,82.6445,98.3133
soc
57,33,36
f1,f2,first_soc,front
128.146,14.2759,100,6
time
33.64,88.1464,111.918
soc
82,69,71
f1,f2,first_soc,front
110.387,28.4412,100,6
time
33.64,69.108
soc
86,75
f1,f2,first_soc,front
120.303,16.7729,100,6
time
41.8,54.0395,76.16
soc
32,45,74
f1,f2,first_soc,front
113.275,21.0313,100,6
time
47.24,58.4868
soc
26,68
f1,f2,first_soc,front
115.654,16.8807,100,6
time
20.04,64.1866
soc
79,68
f1,f2,first_soc,front
114.191,20.4346,100,6
time
49.96,83.672,97.0998
soc
55,38,36
f1,f2,first_soc,front
115.654,16.8807,100,6
time
20.04,64.1866
soc
79,68
f1,f2,first_soc,front
130.343,14.8042,100,7
time
33.64,86.7864,111.076
soc
82,67,73
f1,f2,first_soc,front
111.014,28.9017,100,7
time
32.28,52.4684
soc
75,87
f1,f2,first_soc,front
118.389,17.0124,100,7
time
32.28,54.373,97.7501
soc
68,84,52
f1,f2,first_soc,front
113.275,22.1188,100,7
time
47.24,57.9817
soc
25,68
f1,f2,first_soc,front
116.116,21.5576,100,7
time
25.48,46.7583,70.2285
soc
62,42,61
f1,f2,first_soc,front
118.389,17.0124,100,7
time
32.28,53.3629,97.7501
soc
66,84,52
f1,f2,first_soc,front
118.389,17.0124,100,7
time
32.28,53.3629,97.7501
soc
66,84,52
f1,f2,first_soc,front
133.702,16.3406,100,8
time
47.24,82.1482,113.559
soc
54,79,82
f1,f2,first_soc,front
111.314,41.9655,100,8
time
5.08,56.959,68.8912,99.5309
soc
100,39,49,20
f1,f2,first_soc,front
117.212,24.2185,100,8
time
52.68
soc
79
f1,f2,first_soc,front
111.489,37.0293,100,8
time
45.88,63.3951,90.6539
soc
30,35,33
f1,f2,first_soc,front
113.833,31.5345,100,8
time
54.04,64.2761,90.4505
soc
23,42,40
f1,f2,first_soc,front
113.833,31.5345,100,8
time
54.04,64.2761,90.4505
soc
23,42,40
f1,f2,first_soc,front
119.861,18.0295,100,8
time
13.24,36.9838,60.2988,96.7718
soc
84,61,59,47
f1,f2,first_soc,front
126.217,17.9932,100,8
time
45.88,57.9155,73.9313
soc
38,48,84
f1,f2,first_soc,front
126.217,17.9932,100,8
time
45.88,57.9155,73.9313
soc
38,48,84
f1,f2,first_soc,front
118.91,22.7869,100,8
time
45.88
soc
87
f1,f2,first_soc,front
119.128,18.8549,100,8
time
1,44.3149,78.956
soc
100,54,60
f1,f2,first_soc,front
118.91,22.7869,100,8
time
45.88
soc
87
f1,f2,first_soc,front
126.217,17.9932,100,8
time
45.88,57.9155,73.4263
soc
38,47,84
f1,f2,first_soc,front
135.19,17.1225,100,9
time
33.64,68.31,79.0834,121.46
soc
69,38,84,75
f1,f2,first_soc,front
111.849,43.0149,100,9
time
6.44,56.6471,68.5887,99.569
soc
100,38,47,21
f1,f2,first_soc,front
111.849,43.0149,100,9
time
6.44,56.6471,68.5887,99.569
soc
100,38,47,21
f1,f2,first_soc,front
127.243,18.5891,100,9
time
44.52,57.7387,74.4414
soc
40,49,85
f1,f2,first_soc,front
119.866,19.6287,100,9
time
13.24,38.0042,59.4542,96.0953
soc
85,61,59,46
f1,f2,first_soc,front
119.742,26.0227,100,9
time
6.44,59.3655,74.5315,110.359
soc
96,34,60,36
f1,f2,first_soc,front
117.279,27.7494,100,9
time
22.76,34.47,92.6629
soc
72,88,41
f1,f2,first_soc,front
115.535,31.6786,100,9
time
52.68,64.0993,91.8156
soc
25,42,41
f1,f2,first_soc,front
112.009,38.6666,100,9
time
7.8,63.8043
soc
98,58
f1,f2,first_soc,front
113.349,37.3712,100,9
time
6.44,63.4471
soc
100,61
f1,f2,first_soc,front
113.868,35.8052,100,9
time
47.24,70.6872,96.4396
soc
34,34,33
f1,f2,first_soc,front
114.349,34.0401,100,9
time
6.44,62.4267
soc
99,64
f1,f2,first_soc,front
115.38,33.1723,100,9
time
1,40.2349
soc
100,89
f1,f2,first_soc,front
118.174,26.7678,100,9
time
54.04,77.2522
soc
46,73
f1,f2,first_soc,front
118.174,26.7678,100,9
time
54.04,76.7472
soc
45,73
f1,f2,first_soc,front
138.089,18.6534,100,10
time
32.28,68.4781,79.7257,121.635
soc
69,45,85,75
f1,f2,first_soc,front
112.692,46.9986,100,10
time
20.04,68.7781
soc
96,67
f1,f2,first_soc,front
129.175,18.6618,100,10
time
25.48,51.4589,75.4885,114.672
soc
74,79,85,55
f1,f2,first_soc,front
114.878,35.8052,100,10
time
47.24,70.6872,96.4396
soc
34,34,35
f1,f2,first_soc,front
120.372,19.6287,100,10
time
13.24,38.0042,59.4542,96.0953
soc
85,61,59,47
f1,f2,first_soc,front
118.399,26.7678,100,10
time
54.04
soc
79
f1,f2,first_soc,front
113.752,38.415,100,10
time
25.48,48.37
soc
82,91
f1,f2,first_soc,front
118.399,26.7678,100,10
time
54.04
soc
79
f1,f2,first_soc,front
119.868,25.0355,100,10
time
33.64,68.7668
soc
83,86
f1,f2,first_soc,front
113.752,38.415,100,10
time
25.48,48.37
soc
82,91
f1,f2,first_soc,front
120.351,23.3037,100,10
time
51.32,63.0625
soc
28,81
f1,f2,first_soc,front
120.315,23.6827,100,10
time
1,44.3149,79.3059
soc
100,52,60
f1,f2,first_soc,front
120.351,23.3037,100,10
time
51.32,63.0625
soc
28,81
f1,f2,first_soc,front
133.538,19.4888,100,11
time
39.08,105.825
soc
84,64
f1,f2,first_soc,front
114.276,57.1493,100,11
time
9.16,57.3733,69.2312,99.0771
soc
100,55,53,21
f1,f2,first_soc,front
117.118,37.2296,100,11
time
47.24,56.2718,65.5539,84.3251
soc
27,24,27,48
f1,f2,first_soc,front
125.06,20.8147,100,11
time
41.8,53.8447,75.6859
soc
37,38,74
f1,f2,first_soc,front
116.752,48.8387,100,11
time
22.76,95.2957
soc
93,31
f1,f2,first_soc,front
116.394,49.5229,100,11
time
1,18.4749,58.9524
soc
100,95,82
f1,f2,first_soc,front
120.558,24.2185,100,11
time
52.68,76.2601
soc
41,73
f1,f2,first_soc,front
120.109,33.3175,100,11
time
39.08
soc
94
f1,f2,first_soc,front
120.366,31.9827,100,11
time
5.08,53.2186
soc
99,85
f1,f2,first_soc,front
121.733,21.208,100,11
time
33.64,74.548,92.7247
soc
86,71,66
f1,f2,first_soc,front
125.06,20.8147,100,11
time
41.8,53.8447,75.6859
soc
37,38,74
f1,f2,first_soc,front
121.262,21.6672,100,11
time
51.32,102.46,110.474
soc
71,48,50
f1,f2,first_soc,front
121.262,21.6672,100,11
time
51.32,102.46,110.474
soc
71,48,50
f1,f2,first_soc,front
136.892,19.6067,100,12
time
32.28,68.4781,79.5705,121.462
soc
69,42,85,75
f1,f2,first_soc,front
117.107,49.9325,100,12
time
22.76,96.9969
soc
96,31
f1,f2,first_soc,front
130.497,20.8951,100,12
time
49.96,83.7116,99.6208,120.537
soc
47,44,61,58
f1,f2,first_soc,front
122.238,21.208,100,12
time
33.64,74.548,92.7247
soc
86,71,67
f1,f2,first_soc,front
121.267,24.2185,100,12
time
52.68,103.147,110.479
soc
70,48,50
f1,f2,first_soc,front
117.392,40.8002,100,12
time
33.64
soc
96
f1,f2,first_soc,front
119.599,40.4543,100,12
time
35
soc
97
f1,f2,first_soc,front
121.111,33.3581,100,12
time
36.36,82.7097
soc
93,81
f1,f2,first_soc,front
120.654,34.591,100,12
time
11.88,69.4606,100.456
soc
93,62,52
f1,f2,first_soc,front
122.238,21.208,100,12
time
33.64,74.548,92.7247
soc
86,71,67
f1,f2,first_soc,front
121.106,33.7637,100,12
time
37.72,83.8965
soc
93,81
f1,f2,first_soc,front
121.106,33.7637,100,12
time
37.72,83.8965
soc
93,81
f1,f2,first_soc,front
136.753,21.5856,100,13
time
24.12,65.732,96.9982
soc
75,58,85
f1,f2,first_soc,front
119.037,52.6059,100,13
time
13.24,38.0042
soc
85,97
f1,f2,first_soc,front
128.819,21.6352,100,13
time
2.36,46.7129,60.5014,72.4597,76.4483,100.699,110.163
soc
100,42,48,50,82,77,69
f1,f2,first_soc,front
121.982,36.6643,100,13
time
45.88,56.4399,69.8107,86.5308
soc
27,22,27,60
f1,f2,first_soc,front
122.449,21.6672,100,13
time
51.32,103.82,113.02
soc
71,48,50
f1,f2,first_soc,front
120.969,45.6795,100,13
time
15.96,46.8466,89.3395,106.274
soc
94,78,37,39
f1,f2,first_soc,front
122.225,27.1093,100,13
time
51.32,84.9348
soc
74,84
f1,f2,first_soc,front
119.209,50.2112,100,13
time
14.6,40.5561
soc
85,96
f1,f2,first_soc,front
120.818,47.3805,100,13
time
13.24,46.5087,89.5152,105.263
soc
96,79,38,39
f1,f2,first_soc,front
122.225,27.1093,100,13
time
51.32,84.9348
soc
74,84
f1,f2,first_soc,front
122.954,21.6672,100,14
time
51.32,103.315,113.525
soc
70,49,51
f1,f2,first_soc,front
121.078,54.6403,100,14
time
15.96,40.3829
soc
85,99
f1,f2,first_soc,front
121.339,48.5079,100,14
time
11.88,46.3422,90.0356,105.783
soc
97,79,38,39
f1,f2,first_soc,front
122.488,33.9809,100,14
time
41.8
soc
94
f1,f2,first_soc,front
122.502,27.6882,100,14
time
21.4,47.8589,73.614
soc
81,82,87
f1,f2,first_soc,front
122.913,21.8003,100,14
time
30.92,54.7805
soc
55,87
f1,f2,first_soc,front
125.134,21.6672,100,15
time
51.32,79.6532
soc
42,75
f1,f2,first_soc,front
122.726,28.1223,100,15
time
3.72,54.9006
soc
99,85
f1,f2,first_soc,front
123.178,25.7952,100,15
time
21.4,49.2189,75.1455
soc
81,81,87
f1,f2,first_soc,front
123.945,21.9584,100,15
time
33.64,74.2084,93.4132
soc
87,71,67
f1,f2,first_soc,front
131.437,21.6672,100,16
time
51.32,101.799
soc
67,71
f1,f2,first_soc,front
122.781,33.8918,100,16
time
2.36,16.7929,52.9029,91.1644
soc
100,93,72,54
f1,f2,first_soc,front
123.947,24.2185,100,16
time
52.68,79.4852
soc
42,75
f1,f2,first_soc,front
123.757,26.1483,100,16
time
37.72,51.2841
soc
39,89
f1,f2,first_soc,front
123.179,29.8592,100,16
time
13.24,33.9225,52.8077
soc
81,60,91
f1,f2,first_soc,front
123.179,30.8274,100,16
time
14.6,33.7544,51.1158
soc
81,59,91
f1,f2,first_soc,front
134.674,21.6672,100,17
time
51.32,81.1288,101.126,114.484
soc
53,48,45,71
f1,f2,first_soc,front
122.896,41.0763,100,17
time
29.56,51.0997,71.2342
soc
77,88,91
f1,f2,first_soc,front
127.255,24.2185,100,17
time
52.68,108.237
soc
72,58
f1,f2,first_soc,front
123.84,32.8564,100,17
time
52.68
soc
86
f1,f2,first_soc,front
123.179,36.7125,100,17
time
45.88,54.225,64.8671,84.3252
soc
28,25,27,60
f1,f2,first_soc,front
124.365,26.0876,100,17
time
21.4,47.8589,75.3135
soc
81,81,87
f1,f2,first_soc,front
126.752,25.6695,100,17
time
41.8,53.8447,76.0358
soc
37,36,75
f1,f2,first_soc,front
124.858,25.9987,100,17
time
2.36,27.6729,47.4216,94.0694
soc
100,76,85,63
f1,f2,first_soc,front
126.813,25.3271,100,17
time
45.88,85.7361,98.6756
soc
50,27,61
f1,f2,first_soc,front
124.858,25.9987,100,17
time
2.36,27.6729,47.4216,94.0694
soc
100,76,85,63
f1,f2,first_soc,front
137.824,22.7981,100,18
time
29.56,89.6777,110.994
soc
87,54,78
f1,f2,first_soc,front
137.824,22.7981,100,18
time
29.56,89.6777,110.994
soc
87,54,78
f1,f2,first_soc,front
123.491,40.433,100,18
time
24.12,71.663
soc
94,84
f1,f2,first_soc,front
125.552,26.0769,100,18
time
21.4,47.8589,76.6735
soc
81,81,87
f1,f2,first_soc,front
124.891,34.7773,100,18
time
11.88,68.7814,100.468
soc
95,62,56
f1,f2,first_soc,front
132.452,24.2185,100,18
time
52.68,102.991
soc
67,73
f1,f2,first_soc,front
127.318,25.3271,100,18
time
45.88,85.7361,98.1705
soc
50,26,62
第2世代
f1,f2,first_soc,front
120.954,11.5601,100,0
time
44.52,76.31,91.4753
soc
66,76,80
f1,f2,first_soc,front
105.128,21.2665,100,0
time
41.8,61.7308
soc
58,66
f1,f2,first_soc,front
105.128,21.2665,100,0
time
41.8,61.7308
soc
58,66
f1,f2,first_soc,front
117.924,11.5607,100,0
time
41.8,62.0411,76.9097
soc
64,66,74
f1,f2,first_soc,front
107.128,17.9778,100,0
time
43.16,82.9678
soc
60,37
f1,f2,first_soc,front
109.191,16.1122,100,0
time
39.08,68.2118,79.9075
soc
54,43,52
f1,f2,first_soc,front
114.432,11.5634,100,0
time
33.64,69.6304
soc
77,75
f1,f2,first_soc,front
108.699,17.1893,100,0
time
30.92,57.8108
soc
61,66
f1,f2,first_soc,front
106.452,19.7554,100,0
time
41.8,80.4209
soc
60,38
f1,f2,first_soc,front
109.242,15.0722,100,0
time
45.88
soc
75
f1,f2,first_soc,front
112.048,12.3563,100,0
time
35,68.6023
soc
78,75
f1,f2,first_soc,front
111.038,13.5072,100,0
time
45.88,73.067
soc
68,73
f1,f2,first_soc,front
110.699,14.8969,100,0
time
40.44,89.7195
soc
70,37
f1,f2,first_soc,front
105.255,20.1203,100,0
time
43.16,81.2579
soc
62,38
f1,f2,first_soc,front
112.752,12.0364,100,0
time
40.44,66.6787,81.6036
soc
54,43,52
f1,f2,first_soc,front
106.447,19.7585,100,0
time
43.16,82.6179
soc
62,38
f1,f2,first_soc,front
105.255,20.1203,100,0
time
43.16,81.2579
soc
62,38
f1,f2,first_soc,front
110.699,14.8969,100,0
time
40.44,89.7195
soc
70,37
f1,f2,first_soc,front
108.464,17.9472,100,0
time
44.52,80.2744,95.9216
soc
55,36,27
f1,f2,first_soc,front
111.263,12.7622,100,0
time
45.88
soc
79
f1,f2,first_soc,front
111.263,12.7622,100,0
time
45.88
soc
79
f1,f2,first_soc,front
108.459,17.9501,100,0
time
45.88,81.9664,96.4216
soc
56,37,27
f1,f2,first_soc,front
114.176,11.5722,100,0
time
26.84,58.5908,78.0657
soc
75,72,76
f1,f2,first_soc,front
111.038,13.5072,100,0
time
45.88,73.067
soc
68,73
f1,f2,first_soc,front
113.742,11.9199,100,0
time
25.48,43.2989,77.3671
soc
74,78,61
f1,f2,first_soc,front
113.742,11.9199,100,0
time
25.48,43.2989,77.8721
soc
74,79,61
f1,f2,first_soc,front
113.245,11.9907,100,0
time
33.64,68.2704
soc
77,75
f1,f2,first_soc,front
113.245,11.9907,100,0
time
33.64,68.2704
soc
77,75
f1,f2,first_soc,front
111.038,13.5072,100,0
time
45.88,73.067
soc
68,73
f1,f2,first_soc,front
105.128,21.2665,100,0
time
41.8,61.7308
soc
58,66
f1,f2,first_soc,front
113.245,11.9907,100,0
time
33.64,68.2704
soc
77,75
f1,f2,first_soc,front
106.447,19.7585,100,0
time
43.16,82.6179
soc
62,38
f1,f2,first_soc,front
108.464,17.9472,100,0
time
44.52,80.2744,96.4267
soc
55,37,27
f1,f2,first_soc,front
113.742,11.9199,100,0
time
25.48,43.2989,77.8721
soc
74,79,61
f1,f2,first_soc,front
105.128,21.2665,100,0
time
41.8,61.7308
soc
58,66
f1,f2,first_soc,front
113.742,11.9199,100,0
time
25.48,43.2989,77.8721
soc
74,79,61
f1,f2,first_soc,front
111.038,13.5072,100,0
time
45.88,73.067
soc
68,73
f1,f2,first_soc,front
111.263,12.7622,100,0
time
45.88
soc
79
f1,f2,first_soc,front
111.263,12.7622,100,0
time
45.88
soc
79
f1,f2,first_soc,front
111.263,12.7622,100,0
time
45.88
soc
79
f1,f2,first_soc,front
111.263,12.7622,100,0
time
45.88
soc
79
f1,f2,first_soc,front
123.51,11.5601,100,1
time
44.52,76.31,95.5554
soc
66,76,78
f1,f2,first_soc,front
105.437,20.9135,100,1
time
43.16,82.6179
soc
62,36
f1,f2,first_soc,front
107.25,18.8446,100,1
time
36.36,78.3041
soc
76,49
f1,f2,first_soc,front
109.611,15.6286,100,1
time
45.88,82.8213,94.8885
soc
55,37,34
f1,f2,first_soc,front
111.543,12.9297,100,1
time
45.88,73.067
soc
68,74
f1,f2,first_soc,front
115.442,11.5634,100,1
time
33.64,68.6203
soc
75,77
f1,f2,first_soc,front
109.199,16.6158,100,1
time
32.28,55.4623
soc
54,67
f1,f2,first_soc,front
123.328,11.563,100,1
time
45.88,77.4969,93.1802
soc
66,74,80
f1,f2,first_soc,front
105.634,20.689,100,1
time
41.8,61.7308
soc
58,67
f1,f2,first_soc,front
114.237,11.5747,100,1
time
24.12,43.972,79.0539
soc
75,79,62
f1,f2,first_soc,front
113.171,12.5854,100,1
time
14.6,28.654,62.5758
soc
80,79,74
f1,f2,first_soc,front
113.171,12.5854,100,1
time
14.6,28.654,62.5758
soc
80,79,74
f1,f2,first_soc,front
106.066,23.7082,100,2
time
48.6
soc
64
f1,f2,first_soc,front
124.52,11.5601,100,2
time
44.52,76.31,95.5554
soc
66,76,80
f1,f2,first_soc,front
108.631,19.0805,100,2
time
45.88,81.1114,96.5897
soc
57,37,25
f1,f2,first_soc,front
116.121,11.5676,100,2
time
25.48,43.2989,78.0669
soc
74,74,61
f1,f2,first_soc,front
122.025,11.5638,100,2
time
43.16,81.7629,86.5646
soc
63,36,68
f1,f2,first_soc,front
111.565,13.3954,100,2
time
40.44,66.6787,80.2436
soc
54,43,52
f1,f2,first_soc,front
109.651,18.6832,100,2
time
44.52,81.2845,96.7766
soc
57,35,27
f1,f2,first_soc,front
110.383,15.7521,100,2
time
39.08,66.3468,80.0806
soc
53,43,52
f1,f2,first_soc,front
114.252,12.7289,100,2
time
25.48,41.9389,78.2057
soc
74,81,61
f1,f2,first_soc,front
109.878,16.3296,100,2
time
39.08,65.8417,80.5857
soc
52,44,51
f1,f2,first_soc,front
112.3,13.0696,100,2
time
36.36,78.3041
soc
76,59
f1,f2,first_soc,front
114.494,11.5818,100,2
time
18.68,49.5894,64.4026
soc
74,50,79
f1,f2,first_soc,front
124.01,11.563,100,2
time
45.88,77.4969,96.0554
soc
66,77,79
f1,f2,first_soc,front
114.494,11.5818,100,2
time
18.68,49.5894,64.4026
soc
74,50,79
f1,f2,first_soc,front
109.886,15.8303,100,2
time
30.92,56.6456
soc
56,66
f1,f2,first_soc,front
122.752,11.5634,100,2
time
33.64,60.8102,96.2471
soc
73,75,60
f1,f2,first_soc,front
112.229,13.1453,100,2
time
45.88,73.9219
soc
67,73
f1,f2,first_soc,front
109.878,16.3296,100,2
time
39.08,65.8417,80.0806
soc
52,43,51
f1,f2,first_soc,front
122.752,11.5634,100,2
time
33.64,60.8102,96.2471
soc
73,75,60
f1,f2,first_soc,front
110.383,15.7521,100,2
time
39.08,66.3468,80.0806
soc
53,43,52
f1,f2,first_soc,front
124.52,11.5601,100,2
time
44.52,76.31,95.5554
soc
66,76,80
f1,f2,first_soc,front
124.52,11.5601,100,2
time
44.52,76.31,95.5554
soc
66,76,80
f1,f2,first_soc,front
124.52,11.5601,100,2
time
44.52,76.815,95.5554
soc
67,76,80
f1,f2,first_soc,front
124.52,11.5601,100,2
time
44.52,76.815,95.5554
soc
67,76,80
f1,f2,first_soc,front
124.52,11.5601,100,2
time
44.52,76.31,95.5554
soc
66,76,80
f1,f2,first_soc,front
124.52,11.5601,100,2
time
44.52,76.815,95.5554
soc
67,76,80
f1,f2,first_soc,front
124.525,11.5601,100,3
time
44.52,74.95,95.3786
soc
66,78,80
f1,f2,first_soc,front
107.763,24.0501,100,3
time
49.96
soc
65
f1,f2,first_soc,front
114.494,11.5818,100,3
time
18.68,50.0944,64.4026
soc
75,50,79
f1,f2,first_soc,front
108.884,22.093,100,3
time
39.08
soc
83
f1,f2,first_soc,front
121.05,11.5685,100,3
time
32.28,59.813,96.2507
soc
68,73,59
f1,f2,first_soc,front
109.828,19.0142,100,3
time
47.24,69.2084,99.6972
soc
58,64,25
f1,f2,first_soc,front
111.073,16.2505,100,3
time
32.28,58.1823
soc
54,66
f1,f2,first_soc,front
111.886,14.8359,100,3
time
40.44,91.0795
soc
70,37
f1,f2,first_soc,front
110.702,18.2553,100,3
time
37.72,59.7544,81.564
soc
45,51,55
f1,f2,first_soc,front
112.3,14.0624,100,3
time
25.48,33.3134,55.6689,83.9423
soc
65,66,72,62
f1,f2,first_soc,front
124.515,11.563,100,3
time
45.88,77.4969,95.5503
soc
66,76,80
f1,f2,first_soc,front
122.141,11.5638,100,3
time
43.16,75.973,94.5273
soc
65,77,80
f1,f2,first_soc,front
113.158,13.082,100,3
time
24.12,32.1215,52.9438,84.2785
soc
65,66,72,59
f1,f2,first_soc,front
110.702,18.2553,100,3
time
37.72,59.7544,81.564
soc
45,51,55
f1,f2,first_soc,front
113.158,13.082,100,3
time
24.12,32.1215,52.9438,84.2785
soc
65,66,72,59
f1,f2,first_soc,front
113.01,13.8626,100,3
time
44.52,84.0045,97.2903
soc
57,34,36
f1,f2,first_soc,front
122.141,11.5638,100,3
time
43.16,75.973,95.0323
soc
65,78,80
f1,f2,first_soc,front
113.158,13.082,100,3
time
24.12,32.1215,52.9438,84.2785
soc
65,66,72,59
f1,f2,first_soc,front
113.01,13.8626,100,3
time
44.52,84.0045,97.2903
soc
57,34,36
f1,f2,first_soc,front
113.158,13.082,100,3
time
24.12,32.1215,52.9438,84.2785
soc
65,66,72,59
f1,f2,first_soc,front
122.141,11.5638,100,3
time
43.16,75.973,95.0323
soc
65,78,80
f1,f2,first_soc,front
125.717,11.5601,100,4
time
44.52,75.9601,95.7285
soc
68,76,80
f1,f2,first_soc,front
107.763,24.3215,100,4
time
49.96
soc
65
f1,f2,first_soc,front
107.763,24.3215,100,4
time
49.96
soc
65
f1,f2,first_soc,front
114.499,11.5818,100,4
time
18.68,50.4443,65.5945
soc
73,50,79
f1,f2,first_soc,front
112.622,15.6267,100,4
time
44.52
soc
82
f1,f2,first_soc,front
122.318,11.5638,100,4
time
43.16,52.3116,86.5489
soc
37,75,78
f1,f2,first_soc,front
110.151,20.018,100,4
time
48.6,71.7552,99.524
soc
58,64,28
f1,f2,first_soc,front
111.078,18.921,100,4
time
30.92,56.9955
soc
54,66
f1,f2,first_soc,front
113.158,13.082,100,4
time
24.12,31.9268,53.5954,84.2785
soc
70,72,72,59
f1,f2,first_soc,front
110.151,20.018,100,4
time
48.6,71.7552,99.524
soc
58,64,28
f1,f2,first_soc,front
124.52,11.563,100,4
time
45.88,76.6419,95.3735
soc
67,78,80
f1,f2,first_soc,front
111.078,18.921,100,4
time
30.92,56.9955
soc
54,66
f1,f2,first_soc,front
113.158,13.082,100,4
time
24.12,31.9268,53.5954,84.2785
soc
70,72,72,59
f1,f2,first_soc,front
111.078,18.921,100,4
time
30.92,56.9955
soc
54,66
f1,f2,first_soc,front
128.338,11.5624,100,5
time
36.36,78.3041,111.211
soc
76,73,64
f1,f2,first_soc,front
107.763,25.3206,100,5
time
49.96
soc
65
f1,f2,first_soc,front
115.686,11.5818,100,5
time
18.68,46.8694,63.3838
soc
74,50,79
f1,f2,first_soc,front
111.263,19.3723,100,5
time
41.8
soc
83
f1,f2,first_soc,front
113.737,14.0484,100,5
time
24.12,46.9264,68.6954
soc
62,42,61
f1,f2,first_soc,front
109.454,24.9339,100,5
time
51.32
soc
66
f1,f2,first_soc,front
110.525,21.0171,100,5
time
37.72,61.1144,83.4162
soc
45,55,57
f1,f2,first_soc,front
122.505,11.5676,100,5
time
25.48,58.6088,77.8483
soc
72,48,76
f1,f2,first_soc,front
114.191,13.2427,100,5
time
44.52,82.6445,96.9533
soc
57,33,36
f1,f2,first_soc,front
110.75,20.6859,100,5
time
22.76,63.3316
soc
83,67
f1,f2,first_soc,front
125.707,11.563,100,5
time
45.88,77.4969,94.3851
soc
66,71,80
f1,f2,first_soc,front
111.263,19.3723,100,5
time
41.8
soc
83
f1,f2,first_soc,front
123.328,11.5638,100,5
time
43.16,76.828,97.5792
soc
64,78,80
f1,f2,first_soc,front
125.707,11.563,100,5
time
45.88,77.4969,94.8901
soc
66,72,80
f1,f2,first_soc,front
114.191,13.2427,100,5
time
44.52,82.6445,96.9533
soc
57,33,36
f1,f2,first_soc,front
113.737,14.0484,100,5
time
24.12,46.9264,68.6954
soc
62,42,61
f1,f2,first_soc,front
122.505,11.5676,100,5
time
25.48,58.6088,77.8483
soc
72,48,76
f1,f2,first_soc,front
123.328,11.5638,100,5
time
43.16,76.828,97.5792
soc
64,78,80
f1,f2,first_soc,front
114.191,13.2427,100,5
time
44.52,82.6445,96.9533
soc
57,33,36
f1,f2,first_soc,front
122.505,11.5676,100,5
time
25.48,58.6088,77.8483
soc
72,48,76
f1,f2,first_soc,front
130.717,11.5624,100,6
time
36.36,78.3041,110.396
soc
76,66,64
f1,f2,first_soc,front
108.307,27.8237,100,6
time
6.44,45.4243
soc
93,77
f1,f2,first_soc,front
111.263,19.597,100,6
time
41.8
soc
83
f1,f2,first_soc,front
113.868,15.9441,100,6
time
44.52,83.1496,98.3133
soc
58,33,33
f1,f2,first_soc,front
110.833,21.2906,100,6
time
45.88,81.6165,96.9396
soc
58,35,27
f1,f2,first_soc,front
114.667,14.8162,100,6
time
18.68,47.2193,67.0614
soc
72,63,82
f1,f2,first_soc,front
110.012,25.1931,100,6
time
43.16,82.1524
soc
53,38
f1,f2,first_soc,front
125.712,11.563,100,6
time
45.88,76.1369,95.2184
soc
66,75,80
f1,f2,first_soc,front
122.739,11.5676,100,6
time
25.48,41.9389,79.4002,112.036
soc
74,79,61,45
f1,f2,first_soc,front
116.191,11.5818,100,6
time
18.68,46.8694,65.404
soc
74,54,80
f1,f2,first_soc,front
115.977,11.7836,100,6
time
21.4,64.0134
soc
79,71
f1,f2,first_soc,front
108.949,25.5114,100,6
time
51.32
soc
65
f1,f2,first_soc,front
123.333,11.5638,100,6
time
43.16,75.973,95.8873
soc
65,77,80
f1,f2,first_soc,front
131.909,11.5624,100,7
time
36.36,77.294,111.756
soc
74,66,64
f1,f2,first_soc,front
108.327,32.9398,100,7
time
7.8,46.4622
soc
93,77
f1,f2,first_soc,front
116.873,11.5818,100,7
time
18.68,46.8694,64.7438
soc
74,50,79
f1,f2,first_soc,front
123.51,11.5638,100,7
time
43.16,50.4466,86.217
soc
36,74,78
f1,f2,first_soc,front
109.705,28.4147,100,7
time
33.64,67.748
soc
86,76
f1,f2,first_soc,front
123.429,11.5685,100,7
time
32.28,59.6183,96.5919
soc
73,73,59
f1,f2,first_soc,front
116.447,15.6319,100,7
time
45.88,71.2019
soc
67,83
f1,f2,first_soc,front
112.207,22.6407,100,7
time
45.88,67.6666,101.225
soc
60,64,25
f1,f2,first_soc,front
114.644,17.964,100,7
time
20.04,63.6815
soc
78,66
f1,f2,first_soc,front
111.064,24.5434,100,7
time
33.64,69.4476
soc
85,75
f1,f2,first_soc,front
113.275,19.9439,100,7
time
47.24,58.9918
soc
27,68
f1,f2,first_soc,front
112.284,20.3927,100,7
time
41.8
soc
84
f1,f2,first_soc,front
110.421,25.7306,100,7
time
51.32,63.9175
soc
27,60
f1,f2,first_soc,front
109.872,26.84,100,7
time
33.64,68.0876
soc
85,75
f1,f2,first_soc,front
114.712,16.4385,100,7
time
11.88,27.9765,62.9299
soc
83,79,74
f1,f2,first_soc,front
110.141,26.7017,100,7
time
52.68
soc
65
f1,f2,first_soc,front
115.654,15.7974,100,7
time
20.04,64.6916
soc
80,68
f1,f2,first_soc,front
114.791,16.0659,100,7
time
22.76,63.3316
soc
83,75
f1,f2,first_soc,front
115.383,15.9441,100,7
time
44.52,82.6445,98.3133
soc
57,33,36
f1,f2,first_soc,front
123.429,11.5685,100,7
time
32.28,59.1132,96.5919
soc
72,73,59
f1,f2,first_soc,front
123.51,11.5638,100,7
time
43.16,51.4567,86.722
soc
38,75,78
f1,f2,first_soc,front
123.429,11.5685,100,7
time
32.28,59.6183,96.5919
soc
73,73,59
f1,f2,first_soc,front
108.429,33.117,100,8
time
47.24,62.1773,81.8214
soc
36,35,34
f1,f2,first_soc,front
133.09,11.5624,100,8
time
36.36,76.9441,111.924
soc
76,66,64
f1,f2,first_soc,front
110.387,28.4412,100,8
time
33.64,69.108
soc
86,75
f1,f2,first_soc,front
117.378,11.5818,100,8
time
18.68,46.8694,64.7438
soc
74,50,80
f1,f2,first_soc,front
133.09,11.5624,100,8
time
36.36,76.9441,111.924
soc
76,66,64
f1,f2,first_soc,front
124.01,11.5638,100,8
time
43.16,53.3217,87.4038
soc
39,74,79
f1,f2,first_soc,front
123.696,11.5676,100,8
time
25.48,58.6088,79.2083
soc
72,48,76
f1,f2,first_soc,front
117.05,13.895,100,8
time
20.04,47.7114,67.9127
soc
76,64,82
f1,f2,first_soc,front
114.491,20.0462,100,8
time
43.16
soc
85
f1,f2,first_soc,front
112.265,24.0135,100,8
time
28.2,56.4817
soc
55,66
f1,f2,first_soc,front
116.393,15.9441,100,8
time
44.52,82.6445,98.3133
soc
57,33,38
f1,f2,first_soc,front
114.924,16.3414,100,8
time
24.12,46.9264,70.0554
soc
62,42,61
f1,f2,first_soc,front
113.005,22.8569,100,8
time
51.32,83.4989,97.0731
soc
55,43,36
f1,f2,first_soc,front
113.275,21.0313,100,8
time
47.24,58.4868
soc
26,68
f1,f2,first_soc,front
111.52,26.3096,100,8
time
44.52,77.2045,97.441
soc
57,38,26
f1,f2,first_soc,front
111.579,26.2092,100,8
time
33.64,70.468
soc
86,75
f1,f2,first_soc,front
114.191,20.4346,100,8
time
49.96,83.672,97.0998
soc
55,38,36
f1,f2,first_soc,front
114.924,16.3414,100,8
time
24.12,46.9264,70.0554
soc
62,42,61
f1,f2,first_soc,front
114.924,16.3414,100,8
time
24.12,46.9264,70.0554
soc
62,42,61
f1,f2,first_soc,front
124.01,11.5638,100,8
time
43.16,52.8167,87.4038
soc
38,74,79
f1,f2,first_soc,front
111.52,26.3096,100,8
time
44.52,77.2045,97.441
soc
57,38,26
f1,f2,first_soc,front
133.09,11.5624,100,8
time
36.36,76.9441,111.924
soc
76,66,64
f1,f2,first_soc,front
133.09,11.5624,100,8
time
36.36,76.9441,111.924
soc
76,66,64
f1,f2,first_soc,front
125.207,11.5638,100,9
time
43.16,50.9516,87.577
soc
37,74,79
f1,f2,first_soc,front
108.868,39.7433,100,9
time
1,56.5549,73.9223,99.6313
soc
100,39,49,20
f1,f2,first_soc,front
111.014,28.9017,100,9
time
32.28,52.4684
soc
75,87
f1,f2,first_soc,front
117.56,12.3309,100,9
time
26.84,56.1051,60.1089
soc
62,24,78
f1,f2,first_soc,front
113.275,22.1188,100,9
time
47.24,57.9817
soc
25,68
f1,f2,first_soc,front
123.916,11.5722,100,9
time
26.84,43.1258,78.0352,112.199
soc
74,79,61,45
f1,f2,first_soc,front
114.583,21.3155,100,9
time
3.72,53.8802
soc
98,75
f1,f2,first_soc,front
115.654,16.8807,100,9
time
20.04,64.1866
soc
79,68
第3世代
f1,f2,first_soc,front
114.191,11.5601,100,0
time
44.52,82.6445,97.9634
soc
57,35,36
f1,f2,first_soc,front
104.068,22.4785,100,0
time
43.16,79.3928
soc
61,38
f1,f2,first_soc,front
106.212,18.5372,100,0
time
45.88
soc
69
f1,f2,first_soc,front
110.533,14.0847,100,0
time
45.88,73.572
soc
69,72
f1,f2,first_soc,front
105.123,20.2705,100,0
time
43.16,62.9177
soc
58,66
f1,f2,first_soc,front
108.737,15.6497,100,0
time
45.88
soc
74
f1,f2,first_soc,front
108.139,16.8229,100,0
time
43.16,83.9779
soc
62,39
f1,f2,first_soc,front
107.128,17.9778,100,0
time
43.16,82.9678
soc
60,37
f1,f2,first_soc,front
105.255,20.1203,100,0
time
43.16,81.2579
soc
62,38
f1,f2,first_soc,front
109.242,15.0722,100,0
time
45.88
soc
75
f1,f2,first_soc,front
107.634,17.4003,100,0
time
43.16,82.9678
soc
60,38
f1,f2,first_soc,front
110.757,13.3397,100,0
time
45.88
soc
78
f1,f2,first_soc,front
111.886,12.537,100,0
time
45.88,95.332
soc
69,37
f1,f2,first_soc,front
109.242,15.0722,100,0
time
45.88
soc
75
f1,f2,first_soc,front
111.263,12.7622,100,0
time
45.88
soc
79
f1,f2,first_soc,front
112.752,12.0364,100,0
time
40.44,66.6787,81.6036
soc
54,43,52
f1,f2,first_soc,front
113.08,11.6629,100,0
time
40.44,66.6787,80.2436
soc
54,43,55
f1,f2,first_soc,front
113.815,11.5624,100,0
time
36.36,77.294
soc
74,62
f1,f2,first_soc,front
112.048,12.3563,100,0
time
35,68.0973
soc
77,75
f1,f2,first_soc,front
113.308,11.5818,100,0
time
18.68,49.5894,66.0729
soc
74,56,79
f1,f2,first_soc,front
112.752,12.0364,100,0
time
40.44,67.1837,81.6036
soc
55,43,52
f1,f2,first_soc,front
111.263,12.7622,100,0
time
45.88
soc
79
f1,f2,first_soc,front
112.048,12.3563,100,0
time
35,68.0973
soc
77,75
f1,f2,first_soc,front
105.123,20.2705,100,0
time
43.16,62.4126
soc
57,66
f1,f2,first_soc,front
105.255,20.1203,100,0
time
43.16,81.2579
soc
62,38
f1,f2,first_soc,front
111.263,12.7622,100,0
time
45.88
soc
79
f1,f2,first_soc,front
112.048,12.3563,100,0
time
35,68.6023
soc
78,75
f1,f2,first_soc,front
112.048,12.3563,100,0
time
35,68.6023
soc
78,75
f1,f2,first_soc,front
105.255,20.1203,100,0
time
43.16,81.2579
soc
62,38
f1,f2,first_soc,front
105.255,20.1203,100,0
time
43.16,81.2579
soc
62,38
f1,f2,first_soc,front
105.255,20.1203,100,0
time
43.16,81.2579
soc
62,38
f1,f2,first_soc,front
112.048,12.3563,100,0
time
35,68.0973
soc
77,75
f1,f2,first_soc,front
112.048,12.3563,100,0
time
35,68.6023
soc
78,75
f1,f2,first_soc,front
111.263,12.7622,100,0
time
45.88
soc
79
f1,f2,first_soc,front
111.263,12.7622,100,0
time
45.88
soc
79
f1,f2,first_soc,front
111.263,12.7622,100,0
time
45.88
soc
79
f1,f2,first_soc,front
111.263,12.7622,100,0
time
45.88
soc
79
f1,f2,first_soc,front
111.263,12.7622,100,0
time
45.88
soc
79
f1,f2,first_soc,front
111.263,12.7622,100,0
time
45.88
soc
79
f1,f2,first_soc,front
111.263,12.7622,100,0
time
45.88
soc
79
f1,f2,first_soc,front
111.263,12.7622,100,0
time
45.88
soc
79
f1,f2,first_soc,front
111.263,12.7622,100,0
time
45.88
soc
79
f1,f2,first_soc,front
120.954,11.5601,100,1
time
44.52,76.31,91.4753
soc
66,76,80
f1,f2,first_soc,front
104.879,22.5187,100,1
time
47.24
soc
64
f1,f2,first_soc,front
116.732,11.5607,100,1
time
41.8,62.0411,75.5497
soc
64,66,74
f1,f2,first_soc,front
120.954,11.5601,100,1
time
44.52,76.31,91.4753
soc
66,76,80
f1,f2,first_soc,front
113.926,11.5634,100,1
time
33.64,69.6304
soc
77,74
f1,f2,first_soc,front
109.002,15.8363,100,1
time
40.44,88.3595
soc
70,36
f1,f2,first_soc,front
107.25,18.8446,100,1
time
36.36,78.3041
soc
76,49
f1,f2,first_soc,front
110.699,14.8969,100,1
time
40.44,89.7195
soc
70,37
f1,f2,first_soc,front
111.038,13.5072,100,1
time
45.88,73.067
soc
68,73
f1,f2,first_soc,front
108.699,17.1855,100,1
time
41.8,61.7704
soc
50,66
f1,f2,first_soc,front
112.735,12.5719,100,1
time
35,69.9623
soc
78,74
f1,f2,first_soc,front
107.75,18.2685,100,1
time
43.16,82.2284
soc
72,50
f1,f2,first_soc,front
109.654,15.0904,100,1
time
43.16,83.9779
soc
62,42
f1,f2,first_soc,front
106.452,19.7554,100,1
time
41.8,80.4209
soc
60,38
f1,f2,first_soc,front
105.128,21.2665,100,1
time
41.8,61.7308
soc
58,66
f1,f2,first_soc,front
113.24,11.9904,100,1
time
45.88,74.427
soc
68,75
f1,f2,first_soc,front
112.121,12.7811,100,1
time
18.68,47.2193,67.5665
soc
72,64,79
f1,f2,first_soc,front
108.32,17.6169,100,1
time
40.44,86.9995
soc
70,37
f1,f2,first_soc,front
111.543,12.9297,100,1
time
45.88,73.067
soc
68,74
f1,f2,first_soc,front
111.038,13.5072,100,1
time
45.88,73.067
soc
68,73
f1,f2,first_soc,front
105.634,20.689,100,1
time
41.8,61.7308
soc
58,67
f1,f2,first_soc,front
105.947,20.3329,100,1
time
41.8,80.4209
soc
60,37
f1,f2,first_soc,front
107.507,18.5503,100,1
time
30.92,57.4609
soc
63,66
f1,f2,first_soc,front
106.447,19.7585,100,1
time
43.16,82.6179
soc
62,38
f1,f2,first_soc,front
110.699,14.8969,100,1
time
40.44,89.7195
soc
70,37
f1,f2,first_soc,front
108.336,17.5978,100,1
time
45.88,71.707
soc
68,70
f1,f2,first_soc,front
108.694,17.1933,100,1
time
32.28,56.4724
soc
56,66
f1,f2,first_soc,front
109.611,15.6286,100,1
time
45.88,82.8213,94.8885
soc
55,37,34
f1,f2,first_soc,front
105.942,20.336,100,1
time
43.16,82.6179
soc
62,37
f1,f2,first_soc,front
109.611,15.6286,100,1
time
45.88,82.8213,94.8885
soc
55,37,34
f1,f2,first_soc,front
105.371,20.9905,100,1
time
37.72,76.771
soc
76,50
f1,f2,first_soc,front
113.742,11.9199,100,1
time
25.48,43.2989,77.8721
soc
74,79,61
f1,f2,first_soc,front
105.128,21.2665,100,1
time
41.8,61.7308
soc
58,66
f1,f2,first_soc,front
113.742,11.9199,100,1
time
25.48,43.2989,77.8721
soc
74,79,61
f1,f2,first_soc,front
105.437,20.9135,100,1
time
43.16,82.6179
soc
62,36
f1,f2,first_soc,front
111.543,12.9297,100,1
time
45.88,73.067
soc
68,74
f1,f2,first_soc,front
111.543,12.9297,100,1
time
45.88,73.067
soc
68,74
f1,f2,first_soc,front
105.437,20.9135,100,1
time
43.16,82.6179
soc
62,36
f1,f2,first_soc,front
108.694,17.1933,100,1
time
32.28,55.4623
soc
54,66
f1,f2,first_soc,front
106.452,19.7554,100,1
time
41.8,80.4209
soc
60,38
f1,f2,first_soc,front
106.447,19.7585,100,1
time
43.16,82.6179
soc
62,38
f1,f2,first_soc,front
113.742,11.9199,100,1
time
25.48,43.2989,77.3671
soc
74,78,61
f1,f2,first_soc,front
105.128,21.2665,100,1
time
41.8,61.7308
soc
58,66
f1,f2,first_soc,front
105.128,21.2665,100,1
time
41.8,61.7308
soc
58,66
f1,f2,first_soc,front
105.128,21.2665,100,1
time
41.8,61.7308
soc
58,66
f1,f2,first_soc,front
105.128,21.2665,100,1
time
41.8,61.7308
soc
58,66
f1,f2,first_soc,front
105.128,21.2665,100,1
time
41.8,61.7308
soc
58,66
f1,f2,first_soc,front
113.742,11.9199,100,1
time
25.48,43.2989,77.8721
soc
74,79,61
f1,f2,first_soc,front
105.437,20.9135,100,1
time
43.16,82.6179
soc
62,36
f1,f2,first_soc,front
105.437,20.9135,100,1
time
43.16,82.6179
soc
62,36
f1,f2,first_soc,front
113.742,11.9199,100,1
time
25.48,43.2989,77.8721
soc
74,79,61
f1,f2,first_soc,front
111.038,13.5072,100,1
time
45.88,73.067
soc
68,73
f1,f2,first_soc,front
111.038,13.5072,100,1
time
45.88,73.067
soc
68,73
f1,f2,first_soc,front
111.038,13.5072,100,1
time
45.88,73.067
soc
68,73
f1,f2,first_soc,front
111.038,13.5072,100,1
time
45.88,73.067
soc
68,73
f1,f2,first_soc,front
111.038,13.5072,100,1
time
45.88,73.067
soc
68,73
f1,f2,first_soc,front
122.146,11.5601,100,2
time
44.52,78.175,94.5323
soc
67,77,80
f1,f2,first_soc,front
106.045,38.1486,100,2
time
47.24,59.6916,82.6671
soc
23,35,34
f1,f2,first_soc,front
106.066,23.7082,100,2
time
48.6
soc
64
f1,f2,first_soc,front
117.924,11.5607,100,2
time
41.8,62.0411,76.9097
soc
64,66,74
f1,f2,first_soc,front
107.116,20.8129,100,2
time
45.88,81.1114,96.5897
soc
57,37,22
f1,f2,first_soc,front
114.432,11.5634,100,2
time
33.64,69.1254
soc
76,75
f1,f2,first_soc,front
108.459,17.9501,100,2
time
45.88,82.4714,96.4216
soc
57,37,27
f1,f2,first_soc,front
106.066,23.7082,100,2
time
48.6
soc
64
f1,f2,first_soc,front
111.393,14.5972,100,2
time
39.08,66.3468,80.0806
soc
53,43,54
f1,f2,first_soc,front
111.543,12.9338,100,2
time
35,69.1074
soc
79,74
f1,f2,first_soc,front
110.076,15.1175,100,2
time
44.52
soc
79
f1,f2,first_soc,front
109.191,16.1122,100,2
time
39.08,68.2118,79.9075
soc
54,43,52
f1,f2,first_soc,front
113.01,12.7497,100,2
time
44.52,84.5096,97.2903
soc
58,34,36
f1,f2,first_soc,front
114.176,11.5722,100,2
time
26.84,58.5908,78.0657
soc
75,72,76
f1,f2,first_soc,front
113.245,11.9907,100,2
time
33.64,68.2704
soc
77,75
f1,f2,first_soc,front
109.851,15.8653,100,2
time
45.88,71.707
soc
68,73
f1,f2,first_soc,front
108.699,17.1893,100,2
time
30.92,57.8108
soc
61,66
f1,f2,first_soc,front
108.464,17.9472,100,2
time
44.52,80.2744,95.9216
soc
55,36,27
f1,f2,first_soc,front
108.699,17.1893,100,2
time
30.92,57.8108
soc
61,66
f1,f2,first_soc,front
109.873,15.3338,100,2
time
40.44,66.5235,81.0857
soc
51,45,51
f1,f2,first_soc,front
113.171,12.5854,100,2
time
14.6,28.654,62.5758
soc
80,79,74
f1,f2,first_soc,front
113.171,12.5854,100,2
time
14.6,28.654,62.5758
soc
80,79,74
f1,f2,first_soc,front
114.426,11.5671,100,2
time
35,70.8173
soc
77,75
f1,f2,first_soc,front
113.245,11.9907,100,2
time
33.64,68.2704
soc
77,75
f1,f2,first_soc,front
113.245,11.9907,100,2
time
33.64,68.2704
soc
77,75
f1,f2,first_soc,front
114.432,11.5634,100,2
time
33.64,69.6304
soc
77,75
f1,f2,first_soc,front
108.464,17.9472,100,2
time
44.52,80.2744,96.4267
soc
55,37,27
f1,f2,first_soc,front
108.459,17.9501,100,2
time
45.88,81.9664,96.4216
soc
56,37,27
f1,f2,first_soc,front
108.699,17.1893,100,2
time
30.92,57.8108
soc
61,66
f1,f2,first_soc,front
108.699,17.1893,100,2
time
30.92,57.8108
soc
61,66
f1,f2,first_soc,front
113.245,11.9907,100,2
time
33.64,68.2704
soc
77,75
f1,f2,first_soc,front
113.245,11.9907,100,2
time
33.64,68.2704
soc
77,75
f1,f2,first_soc,front
113.245,11.9907,100,2
time
33.64,68.2704
soc
77,75
f1,f2,first_soc,front
123.005,11.5601,100,3
time
44.52,76.31,95.5554
soc
66,76,77
f1,f2,first_soc,front
107.763,24.0501,100,3
time
49.96
soc
65
f1,f2,first_soc,front
119.111,11.5607,100,3
time
41.8,62.0411,78.2697
soc
64,66,74
f1,f2,first_soc,front
108.631,19.0805,100,3
time
45.88,81.1114,96.5897
soc
57,37,25
f1,f2,first_soc,front
114.76,11.5634,100,3
time
33.64,68.2704
soc
77,78
f1,f2,first_soc,front
110.383,15.7521,100,3
time
39.08,66.3468,80.0806
soc
53,43,52
f1,f2,first_soc,front
114.237,11.5747,100,3
time
24.12,43.972,79.0539
soc
75,79,62
f1,f2,first_soc,front
112.3,13.0696,100,3
time
36.36,78.3041
soc
76,59
f1,f2,first_soc,front
108.969,17.3697,100,3
time
44.52,79.7694,96.9317
soc
54,38,28
f1,f2,first_soc,front
111.565,13.3954,100,3
time
40.44,66.6787,80.2436
soc
54,43,52
f1,f2,first_soc,front
108.631,19.0805,100,3
time
45.88,81.1114,96.5897
soc
57,37,25
f1,f2,first_soc,front
109.851,15.8694,100,3
time
35,66.7373
soc
77,73
f1,f2,first_soc,front
109.204,16.6118,100,3
time
30.92,57.8108
soc
61,67
f1,f2,first_soc,front
111.565,13.3954,100,3
time
40.44,66.6787,80.7487
soc
54,44,52
f1,f2,first_soc,front
109.199,16.6158,100,3
time
32.28,55.4623
soc
54,67
f1,f2,first_soc,front
112.229,13.1453,100,3
time
45.88,74.427
soc
68,73
f1,f2,first_soc,front
109.886,15.8303,100,3
time
30.92,56.6456
soc
56,66
f1,f2,first_soc,front
111.565,13.3954,100,3
time
40.44,66.6787,80.2436
soc
54,43,52
f1,f2,first_soc,front
110.383,15.7521,100,3
time
39.08,66.3468,80.0806
soc
53,43,52
f1,f2,first_soc,front
114.426,11.5685,100,3
time
32.28,68.4385
soc
77,75
f1,f2,first_soc,front
112.229,13.1453,100,3
time
45.88,73.9219
soc
67,73
f1,f2,first_soc,front
112.229,13.1453,100,3
time
45.88,73.9219
soc
67,73
f1,f2,first_soc,front
110.383,15.7521,100,3
time
39.08,66.3468,80.0806
soc
53,43,52
f1,f2,first_soc,front
110.383,15.7521,100,3
time
39.08,66.3468,80.0806
soc
53,43,52
f1,f2,first_soc,front
111.565,13.3954,100,3
time
40.44,66.6787,80.2436
soc
54,43,52
f1,f2,first_soc,front
123.01,11.5601,100,4
time
44.52,74.95,95.3786
soc
66,78,77
f1,f2,first_soc,front
107.763,24.3215,100,4
time
49.96
soc
65
f1,f2,first_soc,front
107.763,24.3215,100,4
time
49.96
soc
65
f1,f2,first_soc,front
108.884,22.093,100,4
time
39.08
soc
83
f1,f2,first_soc,front
109.53,18.6796,100,4
time
25.48,42.7938,78.0376
soc
73,81,54
f1,f2,first_soc,front
115.442,11.5634,100,4
time
33.64,68.6203
soc
75,77
f1,f2,first_soc,front
122.136,11.563,100,4
time
45.88,77.4969,93.8404
soc
66,78,80
f1,f2,first_soc,front
111.886,14.8359,100,4
time
40.44,91.0795
soc
70,37
f1,f2,first_soc,front
109.974,16.2176,100,4
time
45.88,81.9664,96.4216
soc
56,37,30
f1,f2,first_soc,front
109.878,16.3296,100,4
time
39.08,65.8417,80.5857
soc
52,44,51
f1,f2,first_soc,front
114.252,12.7289,100,4
time
25.48,41.9389,78.2057
soc
74,81,61
f1,f2,first_soc,front
112.398,13.6808,100,4
time
39.08,61.4514,84.4442
soc
46,54,56
f1,f2,first_soc,front
112.045,13.8522,100,4
time
39.08,66.3468,84.9364
soc
53,58,60
f1,f2,first_soc,front
114.494,11.5818,100,4
time
18.68,49.5894,64.4026
soc
74,50,79
f1,f2,first_soc,front
113.158,13.082,100,4
time
24.12,32.1215,52.9438,84.2785
soc
65,66,72,59
f1,f2,first_soc,front
107.763,24.3215,100,4
time
49.96
soc
65
f1,f2,first_soc,front
113.158,13.082,100,4
time
24.12,32.1215,52.9438,84.2785
soc
65,66,72,59
f1,f2,first_soc,front
114.932,11.5671,100,4
time
35,70.8173
soc
77,76
f1,f2,first_soc,front
122.146,11.5607,100,4
time
41.8,75.2912,95.0374
soc
66,78,80
f1,f2,first_soc,front
114.494,11.5818,100,4
time
18.68,49.5894,64.4026
soc
74,50,79
f1,f2,first_soc,front
113.158,13.082,100,4
time
24.12,32.1215,52.9438,84.2785
soc
65,66,72,59
f1,f2,first_soc,front
109.878,16.3296,100,4
time
39.08,65.8417,80.5857
soc
52,44,51
f1,f2,first_soc,front
109.878,16.3296,100,4
time
39.08,65.8417,80.0806
soc
52,43,51
f1,f2,first_soc,front
113.158,13.082,100,4
time
24.12,32.1215,52.9438,84.2785
soc
65,66,72,59
f1,f2,first_soc,front
113.158,13.082,100,4
time
24.12,32.1215,52.9438,84.2785
soc
65,66,72,59
f1,f2,first_soc,front
113.158,13.082,100,4
time
24.12,32.1215,52.9438,84.2785
soc
65,66,72,59
f1,f2,first_soc,front
113.158,13.082,100,4
time
24.12,32.1215,52.9438,84.2785
soc
65,66,72,59
f1,f2,first_soc,front
123.186,11.5601,100,5
time
44.52,79.7298,83.4911
soc
62,40,75
f1,f2,first_soc,front
107.763,25.3206,100,5
time
49.96
soc
65
f1,f2,first_soc,front
107.763,25.3206,100,5
time
49.96
soc
65
f1,f2,first_soc,front
115.947,11.5634,100,5
time
33.64,68.6203
soc
75,78
f1,f2,first_soc,front
109.454,24.9339,100,5
time
51.32
soc
66
f1,f2,first_soc,front
109.651,18.6832,100,5
time
44.52,81.2845,96.7766
soc
57,35,27
f1,f2,first_soc,front
111.073,16.2505,100,5
time
32.28,58.1823
soc
54,66
f1,f2,first_soc,front
110.156,16.9418,100,5
time
44.52,80.7795,97.2816
soc
56,36,28
f1,f2,first_soc,front
114.494,11.5818,100,5
time
18.68,50.0944,64.4026
soc
75,50,79
f1,f2,first_soc,front
112.295,14.067,100,5
time
26.84,34.5003,56.1689,83.9373
soc
65,67,72,62
f1,f2,first_soc,front
113.158,13.082,100,5
time
24.12,31.9268,53.5954,84.2785
soc
70,72,72,59
f1,f2,first_soc,front
109.651,18.6832,100,5
time
44.52,81.2845,96.7766
soc
57,35,27
f1,f2,first_soc,front
109.454,24.9339,100,5
time
51.32
soc
66
f1,f2,first_soc,front
107.763,25.3206,100,5
time
49.96
soc
65
f1,f2,first_soc,front
113.01,13.8626,100,5
time
44.52,84.0045,97.2903
soc
57,34,36
f1,f2,first_soc,front
113.158,13.082,100,5
time
24.12,31.9268,53.5954,84.2785
soc
70,72,72,59
f1,f2,first_soc,front
112.3,14.0624,100,5
time
25.48,33.3134,55.6689,83.9423
soc
65,66,72,62
第4世代
f1,f2,first_soc,front
114.191,11.5601,100,0
time
44.52,82.6445,97.9634
soc
57,35,36
f1,f2,first_soc,front
104.068,22.4785,100,0
time
43.16,80.908
soc
64,38
f1,f2,first_soc,front
105.707,19.1147,100,0
time
45.88
soc
68
f1,f2,first_soc,front
111.768,12.1847,100,0
time
45.88
soc
80
f1,f2,first_soc,front
104.573,21.901,100,0
time
43.16,79.8979
soc
62,39
f1,f2,first_soc,front
105.078,21.3235,100,0
time
43.16,79.3928
soc
61,40
f1,f2,first_soc,front
108.139,16.8229,100,0
time
43.16,83.9779
soc
62,39
f1,f2,first_soc,front
112.553,11.7747,100,0
time
45.88,73.067
soc
68,76
f1,f2,first_soc,front
107.128,17.9778,100,0
time
43.16,82.9678
soc
60,37
f1,f2,first_soc,front
109.881,14.8352,100,0
time
32.28,57.8324
soc
56,66
f1,f2,first_soc,front
106.212,18.5372,100,0
time
45.88
soc
69
f1,f2,first_soc,front
110.076,14.1184,100,0
time
44.52
soc
79
f1,f2,first_soc,front
109.242,15.0722,100,0
time
45.88
soc
75
f1,f2,first_soc,front
108.737,15.6497,100,0
time
45.88
soc
74
f1,f2,first_soc,front
107.634,17.4003,100,0
time
43.16,82.9678
soc
60,38
f1,f2,first_soc,front
106.212,18.5372,100,0
time
45.88
soc
69
f1,f2,first_soc,front
111.263,12.7622,100,0
time
45.88
soc
79
f1,f2,first_soc,front
107.275,17.8104,100,0
time
43.16,81.2579
soc
62,42
f1,f2,first_soc,front
105.123,20.2705,100,0
time
43.16,62.4126
soc
57,66
f1,f2,first_soc,front
105.255,20.1203,100,0
time
43.16,81.2579
soc
62,38
f1,f2,first_soc,front
110.757,13.3397,100,0
time
45.88
soc
78
f1,f2,first_soc,front
110.533,14.0847,100,0
time
45.88,73.572
soc
69,72
f1,f2,first_soc,front
108.578,16.3204,100,0
time
43.16,81.3734
soc
73,54
f1,f2,first_soc,front
108.512,16.3947,100,0
time
45.88,73.067
soc
68,68
f1,f2,first_soc,front
108.737,15.6497,100,0
time
45.88
soc
74
f1,f2,first_soc,front
107.634,17.4003,100,0
time
43.16,82.9678
soc
60,38
f1,f2,first_soc,front
113.08,11.6629,100,0
time
40.44,66.6787,80.2436
soc
54,43,55
f1,f2,first_soc,front
105.255,20.1203,100,0
time
43.16,81.2579
soc
62,38
f1,f2,first_soc,front
113.308,11.5818,100,0
time
18.68,49.5894,66.0729
soc
74,56,79
f1,f2,first_soc,front
111.263,12.7622,100,0
time
45.88
soc
79
f1,f2,first_soc,front
110.757,13.3397,100,0
time
45.88
soc
78
f1,f2,first_soc,front
113.563,11.563,100,0
time
45.88,73.067
soc
68,78
f1,f2,first_soc,front
109.242,15.0722,100,0
time
45.88
soc
75
f1,f2,first_soc,front
111.263,12.7622,100,0
time
45.88
soc
79
f1,f2,first_soc,front
110.757,13.3397,100,0
time
45.88
soc
78
f1,f2,first_soc,front
110.533,14.0847,100,0
time
45.88,73.572
soc
69,72
f1,f2,first_soc,front
113.815,11.5624,100,0
time
36.36,77.294
soc
74,62
f1,f2,first_soc,front
113.08,11.6629,100,0
time
40.44,66.6787,80.2436
soc
54,43,55
f1,f2,first_soc,front
105.123,20.2705,100,0
time
43.16,62.4126
soc
57,66
f1,f2,first_soc,front
113.815,11.5624,100,0
time
36.36,76.789
soc
73,62
f1,f2,first_soc,front
109.242,15.0722,100,0
time
45.88
soc
75
f1,f2,first_soc,front
105.255,20.1203,100,0
time
43.16,81.2579
soc
62,38
f1,f2,first_soc,front
105.255,20.1203,100,0
time
43.16,81.2579
soc
62,38
f1,f2,first_soc,front
111.263,12.7622,100,0
time
45.88
soc
79
f1,f2,first_soc,front
111.263,12.7622,100,0
time
45.88
soc
79
f1,f2,first_soc,front
106.212,18.5372,100,0
time
45.88
soc
69
f1,f2,first_soc,front
106.212,18.5372,100,0
time
45.88
soc
69
f1,f2,first_soc,front
111.263,12.7622,100,0
time
45.88
soc
79
f1,f2,first_soc,front
111.263,12.7622,100,0
time
45.88
soc
79
f1,f2,first_soc,front
111.263,12.7622,100,0
time
45.88
soc
79
f1,f2,first_soc,front
111.263,12.7622,100,0
time
45.88
soc
79
f1,f2,first_soc,front
105.255,20.1203,100,0
time
43.16,81.2579
soc
62,38
f1,f2,first_soc,front
111.263,12.7622,100,0
time
45.88
soc
79
f1,f2,first_soc,front
105.255,20.1203,100,0
time
43.16,81.2579
soc
62,38
f1,f2,first_soc,front
111.263,12.7622,100,0
time
45.88
soc
79
f1,f2,first_soc,front
111.263,12.7622,100,0
time
45.88
soc
79
f1,f2,first_soc,front
105.123,20.2705,100,0
time
43.16,62.9177
soc
58,66
f1,f2,first_soc,front
105.123,20.2705,100,0
time
43.16,62.9177
soc
58,66
f1,f2,first_soc,front
105.123,20.2705,100,0
time
43.16,62.4126
soc
57,66
f1,f2,first_soc,front
111.263,12.7622,100,0
time
45.88
soc
79
f1,f2,first_soc,front
111.263,12.7622,100,0
time
45.88
soc
79
f1,f2,first_soc,front
110.757,13.3397,100,0
time
45.88
soc
78
f1,f2,first_soc,front
110.757,13.3397,100,0
time
45.88
soc
78
f1,f2,first_soc,front
110.757,13.3397,100,0
time
45.88
soc
78
f1,f2,first_soc,front
111.263,12.7622,100,0
time
45.88
soc
79
f1,f2,first_soc,front
111.263,12.7622,100,0
time
45.88
soc
79
f1,f2,first_soc,front
110.533,14.0847,100,0
time
45.88,73.572
soc
69,72
f1,f2,first_soc,front
111.263,12.7622,100,0
time
45.88
soc
79
f1,f2,first_soc,front
111.263,12.7622,100,0
time
45.88
soc
79
f1,f2,first_soc,front
111.263,12.7622,100,0
time
45.88
soc
79
f1,f2,first_soc,front
111.263,12.7622,100,0
time
45.88
soc
79
f1,f2,first_soc,front
111.263,12.7622,100,0
time
45.88
soc
79
f1,f2,first_soc,front
111.263,12.7622,100,0
time
45.88
soc
79
f1,f2,first_soc,front
108.737,15.6497,100,0
time
45.88
soc
74
f1,f2,first_soc,front
111.263,12.7622,100,0
time
45.88
soc
79
f1,f2,first_soc,front
111.263,12.7622,100,0
time
45.88
soc
79
f1,f2,first_soc,front
111.263,12.7622,100,0
time
45.88
soc
79
f1,f2,first_soc,front
111.263,12.7622,100,0
time
45.88
soc
79
f1,f2,first_soc,front
111.263,12.7622,100,0
time
45.88
soc
79
f1,f2,first_soc,front
111.263,12.7622,100,0
time
45.88
soc
79
f1,f2,first_soc,front
120.954,11.5601,100,1
time
44.52,76.31,91.4753
soc
66,76,80
f1,f2,first_soc,front
104.068,22.4785,100,1
time
43.16,79.3928
soc
61,38
f1,f2,first_soc,front
104.068,22.4785,100,1
time
43.16,79.3928
soc
61,38
f1,f2,first_soc,front
120.954,11.5601,100,1
time
44.52,76.31,91.4753
soc
66,76,80
f1,f2,first_soc,front
116.732,11.5607,100,1
time
41.8,62.0411,75.5497
soc
64,66,74
f1,f2,first_soc,front
105.76,19.5429,100,1
time
43.16,80.2478
soc
60,39
f1,f2,first_soc,front
106.558,18.6324,100,1
time
37.72,78.131
soc
76,50
f1,f2,first_soc,front
116.732,11.5607,100,1
time
41.8,62.0411,75.5497
soc
64,66,74
f1,f2,first_soc,front
113.926,11.5634,100,1
time
33.64,69.6304
soc
77,74
f1,f2,first_soc,front
110.525,14.5889,100,1
time
40.44,68.0387,83.4162
soc
54,55,57
f1,f2,first_soc,front
108.937,15.9104,100,1
time
43.16,83.5884
soc
72,50
f1,f2,first_soc,front
109.654,15.0904,100,1
time
43.16,83.9779
soc
62,42
f1,f2,first_soc,front
108.699,17.1855,100,1
time
41.8,61.7704
soc
50,66
f1,f2,first_soc,front
105.634,20.689,100,1
time
41.8,61.7308
soc
58,67
f1,f2,first_soc,front
105.128,21.2665,100,1
time
41.8,61.7308
soc
58,66
f1,f2,first_soc,front
109.507,15.2588,100,1
time
40.44,88.3595
soc
70,37
f1,f2,first_soc,front
107.75,18.2685,100,1
time
43.16,82.2284
soc
72,50
f1,f2,first_soc,front
107.507,18.5503,100,1
time
30.92,57.4609
soc
63,66
f1,f2,first_soc,front
111.184,13.3406,100,1
time
43.16,62.9177
soc
58,78
f1,f2,first_soc,front
109.002,15.8363,100,1
time
40.44,88.3595
soc
70,36
f1,f2,first_soc,front
110.944,14.102,100,1
time
45.88,82.8213,95.0436
soc
55,40,39
f1,f2,first_soc,front
108.194,17.7668,100,1
time
30.92,57.8108
soc
61,65
f1,f2,first_soc,front
112.58,12.2372,100,1
time
39.08,64.9868,80.2487
soc
53,43,54
f1,f2,first_soc,front
110.848,14.2155,100,1
time
40.44,66.6787,82.3794
soc
54,58,60
f1,f2,first_soc,front
113.24,11.9904,100,1
time
45.88,74.427
soc
68,75
f1,f2,first_soc,front
105.128,21.2665,100,1
time
41.8,61.7308
soc
58,66
f1,f2,first_soc,front
104.068,22.4785,100,1
time
43.16,79.3928
soc
61,38
f1,f2,first_soc,front
111.038,13.5072,100,1
time
45.88,73.067
soc
68,73
f1,f2,first_soc,front
108.336,17.5978,100,1
time
45.88,71.707
soc
68,70
f1,f2,first_soc,front
108.694,17.1933,100,1
time
32.28,55.4623
soc
54,66
f1,f2,first_soc,front
111.543,12.9297,100,1
time
45.88,73.067
soc
68,74
f1,f2,first_soc,front
111.543,12.9297,100,1
time
45.88,73.067
soc
68,74
f1,f2,first_soc,front
111.886,12.537,100,1
time
45.88,95.332
soc
69,37
f1,f2,first_soc,front
105.371,20.9905,100,1
time
37.72,76.771
soc
76,50
f1,f2,first_soc,front
112.048,12.3563,100,1
time
35,69.1074
soc
79,75
f1,f2,first_soc,front
113.926,11.5634,100,1
time
33.64,69.6304
soc
77,74
f1,f2,first_soc,front
107.654,18.3806,100,1
time
36.36,66.5692
soc
77,71
f1,f2,first_soc,front
105.128,21.2665,100,1
time
41.8,61.7308
soc
58,66
f1,f2,first_soc,front
113.737,11.9245,100,1
time
26.84,44.4858,77.8671
soc
74,79,61
f1,f2,first_soc,front
112.752,12.0364,100,1
time
40.44,66.6787,81.6036
soc
54,43,52
f1,f2,first_soc,front
113.742,11.9199,100,1
time
25.48,43.2989,77.8721
soc
74,79,61
f1,f2,first_soc,front
105.634,20.689,100,1
time
41.8,61.7308
soc
58,67
f1,f2,first_soc,front
112.752,12.0364,100,1
time
40.44,67.1837,81.6036
soc
55,43,52
f1,f2,first_soc,front
111.886,12.537,100,1
time
45.88,95.332
soc
69,37
f1,f2,first_soc,front
108.32,17.6169,100,1
time
40.44,86.9995
soc
70,37
f1,f2,first_soc,front
108.194,17.7668,100,1
time
30.92,57.8108
soc
61,65
f1,f2,first_soc,front
105.437,20.9135,100,1
time
43.16,82.6179
soc
62,36
f1,f2,first_soc,front
105.437,20.9135,100,1
time
43.16,82.6179
soc
62,36
f1,f2,first_soc,front
111.038,13.5072,100,1
time
45.88,73.067
soc
68,73
f1,f2,first_soc,front
108.699,17.1855,100,1
time
41.8,61.7704
soc
50,66
f1,f2,first_soc,front
113.742,11.9199,100,1
time
25.48,42.7938,77.8721
soc
73,79,61
f1,f2,first_soc,front
112.048,12.3563,100,1
time
35,68.6023
soc
78,75
f1,f2,first_soc,front
109.002,15.8363,100,1
time
40.44,88.3595
soc
70,36
f1,f2,first_soc,front
112.048,12.3563,100,1
time
35,68.0973
soc
77,75
f1,f2,first_soc,front
111.038,13.5072,100,1
time
45.88,73.067
soc
68,73
f1,f2,first_soc,front
105.437,20.9135,100,1
time
43.16,82.6179
soc
62,36
f1,f2,first_soc,front
108.336,17.5978,100,1
time
45.88,71.707
soc
68,70
f1,f2,first_soc,front
108.694,17.1933,100,1
time
32.28,56.4724
soc
56,66
f1,f2,first_soc,front
108.699,17.1893,100,1
time
30.92,58.3159
soc
62,66
f1,f2,first_soc,front
108.699,17.1893,100,1
time
30.92,58.3159
soc
62,66
f1,f2,first_soc,front
113.742,11.9199,100,1
time
25.48,43.2989,76.862
soc
74,77,61
f1,f2,first_soc,front
105.634,20.689,100,1
time
41.8,61.7308
soc
58,67
f1,f2,first_soc,front
113.926,11.5634,100,1
time
33.64,69.6304
soc
77,74
f1,f2,first_soc,front
113.742,11.9199,100,1
time
25.48,43.2989,77.8721
soc
74,79,61
f1,f2,first_soc,front
105.634,20.689,100,1
time
41.8,61.7308
soc
58,67
f1,f2,first_soc,front
105.437,20.9135,100,1
time
43.16,82.6179
soc
62,36
f1,f2,first_soc,front
105.437,20.9135,100,1
time
43.16,82.6179
soc
62,36
f1,f2,first_soc,front
105.437,20.9135,100,1
time
43.16,82.6179
soc
62,36
f1,f2,first_soc,front
105.128,21.2665,100,1
time
41.8,61.7308
soc
58,66
f1,f2,first_soc,front
105.128,21.2665,100,1
time
41.8,61.7308
soc
58,66
f1,f2,first_soc,front
105.128,21.2665,100,1
time
41.8,61.7308
soc
58,66
f1,f2,first_soc,front
105.128,21.2665,100,1
time
41.8,61.2258
soc
57,66
f1,f2,first_soc,front
105.128,21.2665,100,1
time
41.8,61.7308
soc
58,66
f1,f2,first_soc,front
105.128,21.2665,100,1
time
41.8,61.7308
soc
58,66
f1,f2,first_soc,front
105.128,21.2665,100,1
time
41.8,61.7308
soc
58,66
f1,f2,first_soc,front
105.128,21.2665,100,1
time
41.8,61.7308
soc
58,66
f1,f2,first_soc,front
111.038,13.5072,100,1
time
45.88,73.067
soc
68,73
f1,f2,first_soc,front
112.048,12.3563,100,1
time
35,68.6023
soc
78,75
f1,f2,first_soc,front
112.048,12.3563,100,1
time
35,68.6023
soc
78,75
f1,f2,first_soc,front
112.048,12.3563,100,1
time
35,68.0973
soc
77,75
f1,f2,first_soc,front
112.048,12.3563,100,1
time
35,68.0973
soc
77,75
f1,f2,first_soc,front
112.048,12.3563,100,1
time
35,68.6023
soc
78,75
f1,f2,first_soc,front
112.048,12.3563,100,1
time
35,68.0973
soc
77,75
f1,f2,first_soc,front
112.048,12.3563,100,1
time
35,68.6023
soc
78,75
f1,f2,first_soc,front
112.048,12.3563,100,1
time
35,68.0973
soc
77,75
f1,f2,first_soc,front
111.543,12.9297,100,1
time
45.88,73.067
soc
68,74
f1,f2,first_soc,front
111.543,12.9297,100,1
time
45.88,73.067
soc
68,74
f1,f2,first_soc,front
111.038,13.5072,100,1
time
45.88,73.067
soc
68,73
f1,f2,first_soc,front
111.038,13.5072,100,1
time
45.88,73.067
soc
68,73
f1,f2,first_soc,front
113.742,11.9199,100,1
time
25.48,43.2989,77.8721
soc
74,79,61
f1,f2,first_soc,front
111.038,13.5072,100,1
time
45.88,73.067
soc
68,73
f1,f2,first_soc,front
111.038,13.5072,100,1
time
45.88,73.067
soc
68,73
f1,f2,first_soc,front
111.038,13.5072,100,1
time
45.88,73.067
soc
68,73
f1,f2,first_soc,front
111.038,13.5072,100,1
time
45.88,73.067
soc
68,73
f1,f2,first_soc,front
111.038,13.5072,100,1
time
45.88,73.067
soc
68,73
f1,f2,first_soc,front
111.038,13.5072,100,1
time
45.88,73.067
soc
68,73
f1,f2,first_soc,front
111.038,13.5072,100,1
time
45.88,73.067
soc
68,73
f1,f2,first_soc,front
112.752,12.0364,100,1
time
40.44,67.1837,81.6036
soc
55,43,52
f1,f2,first_soc,front
113.742,11.9199,100,1
time
25.48,43.2989,77.8721
soc
74,79,61
f1,f2,first_soc,front
113.742,11.9199,100,1
time
25.48,43.2989,77.8721
soc
74,79,61
f1,f2,first_soc,front
113.742,11.9199,100,1
time
25.48,43.2989,77.3671
soc
74,78,61
f1,f2,first_soc,front
113.742,11.9199,100,1
time
25.48,43.2989,77.8721
soc
74,79,61
f1,f2,first_soc,front
122.146,11.5601,100,2
time
44.52,78.175,94.5323
soc
67,77,80
f1,f2,first_soc,front
104.879,22.5187,100,2
time
47.24
soc
64
f1,f2,first_soc,front
116.737,11.5607,100,2
time
41.8,62.8961,76.7416
soc
63,66,74
f1,f2,first_soc,front
105.942,20.336,100,2
time
43.16,83.628
soc
64,37
f1,f2,first_soc,front
104.879,22.5187,100,2
time
47.24
soc
64
f1,f2,first_soc,front
111.308,13.692,100,2
time
45.88,81.4613,95.0616
soc
55,37,35
f1,f2,first_soc,front
107.639,18.7757,100,2
time
41.8,81.7809
soc
60,38
f1,f2,first_soc,front
110.866,14.7097,100,2
time
36.36,67.9292
soc
77,75
f1,f2,first_soc,front
114.432,11.5634,100,2
time
33.64,69.6304
soc
77,75
f1,f2,first_soc,front
107.25,18.8446,100,2
time
36.36,78.3041
soc
76,49
f1,f2,first_soc,front
109.186,16.1154,100,2
time
40.44,69.9037,79.9024
soc
55,43,52
f1,f2,first_soc,front
108.699,17.1893,100,2
time
30.92,57.8108
soc
61,66
f1,f2,first_soc,front
114.176,11.5722,100,2
time
26.84,58.5908,78.0657
soc
75,72,76
f1,f2,first_soc,front
110.076,15.1175,100,2
time
44.52
soc
79
f1,f2,first_soc,front
106.452,19.7554,100,2
time
41.8,80.4209
soc
60,38
f1,f2,first_soc,front
111.543,12.9338,100,2
time
35,68.0973
soc
77,74
f1,f2,first_soc,front
108.699,17.1893,100,2
time
30.92,57.8108
soc
61,66
f1,f2,first_soc,front
108.464,17.9472,100,2
time
44.52,80.2744,96.4267
soc
55,37,27
第5世代
f1,f2,first_soc,front
104.068,22.4785,100,0
time
43.16,80.908
soc
64,38
f1,f2,first_soc,front
114.191,11.5601,100,0
time
44.52,82.6445,97.9634
soc
57,35,36
f1,f2,first_soc,front
105.078,21.3235,100,0
time
43.16,79.3928
soc
61,40
f1,f2,first_soc,front
106.717,17.9597,100,0
time
45.88
soc
70
f1,f2,first_soc,front
105.255,20.1203,100,0
time
43.16,81.7629
soc
63,38
f1,f2,first_soc,front
105.707,19.1147,100,0
time
45.88
soc
68
f1,f2,first_soc,front
104.573,21.901,100,0
time
43.16,81.413
soc
65,39
f1,f2,first_soc,front
112.391,11.9595,100,0
time
45.88,95.332
soc
69,38
f1,f2,first_soc,front
108.737,15.6497,100,0
time
45.88
soc
74
f1,f2,first_soc,front
108.139,16.8229,100,0
time
43.16,82.9678
soc
60,39
f1,f2,first_soc,front
106.212,18.5372,100,0
time
45.88
soc
69
f1,f2,first_soc,front
105.707,19.1147,100,0
time
45.88
soc
68
f1,f2,first_soc,front
104.442,22.0511,100,0
time
43.16,61.5577
soc
58,67
f1,f2,first_soc,front
111.768,12.1847,100,0
time
45.88
soc
80
f1,f2,first_soc,front
110.027,14.6622,100,0
time
45.88,73.572
soc
69,71
f1,f2,first_soc,front
105.123,20.2705,100,0
time
43.16,62.4126
soc
57,66
f1,f2,first_soc,front
108.578,16.3204,100,0
time
43.16,81.3734
soc
73,54
f1,f2,first_soc,front
110.533,14.0847,100,0
time
45.88,73.572
soc
69,72
f1,f2,first_soc,front
107.634,17.4003,100,0
time
43.16,82.9678
soc
60,38
f1,f2,first_soc,front
109.242,15.0722,100,0
time
45.88
soc
75
f1,f2,first_soc,front
111.768,12.1847,100,0
time
45.88
soc
80
f1,f2,first_soc,front
108.737,15.6497,100,0
time
45.88
soc
74
f1,f2,first_soc,front
108.139,16.8229,100,0
time
43.16,83.9779
soc
62,39
f1,f2,first_soc,front
107.275,17.8104,100,0
time
43.16,81.2579
soc
62,42
f1,f2,first_soc,front
107.275,17.8104,100,0
time
43.16,81.2579
soc
62,42
f1,f2,first_soc,front
110.757,13.3397,100,0
time
45.88
soc
78
f1,f2,first_soc,front
109.571,14.6959,100,0
time
44.52
soc
78
f1,f2,first_soc,front
113.08,11.6629,100,0
time
40.44,66.6787,80.2436
soc
54,43,55
f1,f2,first_soc,front
112.553,11.7747,100,0
time
45.88,73.067
soc
68,76
f1,f2,first_soc,front
113.308,11.5818,100,0
time
18.68,49.5894,66.0729
soc
74,56,79
f1,f2,first_soc,front
107.634,17.4003,100,0
time
43.16,82.9678
soc
60,38
f1,f2,first_soc,front
111.263,12.7622,100,0
time
45.88
soc
79
f1,f2,first_soc,front
110.757,13.3397,100,0
time
45.88
soc
78
f1,f2,first_soc,front
111.263,12.7622,100,0
time
45.88
soc
79
f1,f2,first_soc,front
106.212,18.5372,100,0
time
45.88
soc
69
f1,f2,first_soc,front
111.263,12.7622,100,0
time
45.88
soc
79
f1,f2,first_soc,front
111.263,12.7622,100,0
time
45.88
soc
79
f1,f2,first_soc,front
110.757,13.3397,100,0
time
45.88
soc
78
f1,f2,first_soc,front
109.242,15.0722,100,0
time
45.88
soc
75
f1,f2,first_soc,front
106.212,18.5372,100,0
time
45.88
soc
69
f1,f2,first_soc,front
110.076,14.1184,100,0
time
44.52
soc
79
f1,f2,first_soc,front
110.533,14.0847,100,0
time
45.88,73.572
soc
69,72
f1,f2,first_soc,front
109.571,14.6959,100,0
time
44.52
soc
78
f1,f2,first_soc,front
108.512,16.3947,100,0
time
45.88,73.067
soc
68,68
f1,f2,first_soc,front
110.076,14.1184,100,0
time
44.52
soc
79
f1,f2,first_soc,front
108.512,16.3947,100,0
time
45.88,73.067
soc
68,68
f1,f2,first_soc,front
104.068,22.4785,100,0
time
43.16,80.908
soc
64,38
f1,f2,first_soc,front
113.815,11.5624,100,0
time
36.36,77.294
soc
74,62
f1,f2,first_soc,front
114.191,11.5601,100,0
time
44.52,82.6445,98.4685
soc
57,36,36
f1,f2,first_soc,front
104.068,22.4785,100,0
time
43.16,80.908
soc
64,38
f1,f2,first_soc,front
107.634,17.4003,100,0
time
43.16,82.9678
soc
60,38
f1,f2,first_soc,front
109.242,15.0722,100,0
time
45.88
soc
75
f1,f2,first_soc,front
112.553,11.7747,100,0
time
45.88,73.067
soc
68,76
f1,f2,first_soc,front
113.08,11.6629,100,0
time
40.44,67.1837,80.2436
soc
55,43,55
f1,f2,first_soc,front
113.563,11.563,100,0
time
45.88,73.067
soc
68,78
f1,f2,first_soc,front
105.123,20.2705,100,0
time
43.16,62.4126
soc
57,66
f1,f2,first_soc,front
113.563,11.563,100,0
time
45.88,73.067
soc
68,78
f1,f2,first_soc,front
113.815,11.5624,100,0
time
36.36,76.789
soc
73,62
f1,f2,first_soc,front
110.757,13.3397,100,0
time
45.88
soc
78
f1,f2,first_soc,front
110.076,14.1184,100,0
time
44.52
soc
79
f1,f2,first_soc,front
105.123,20.2705,100,0
time
43.16,62.4126
soc
57,66
f1,f2,first_soc,front
110.533,14.0847,100,0
time
45.88,73.572
soc
69,72
f1,f2,first_soc,front
109.242,15.0722,100,0
time
45.88
soc
75
f1,f2,first_soc,front
109.242,15.0722,100,0
time
45.88
soc
75
f1,f2,first_soc,front
109.242,15.0722,100,0
time
45.88
soc
75
f1,f2,first_soc,front
110.076,14.1184,100,0
time
44.52
soc
79
f1,f2,first_soc,front
110.533,14.0847,100,0
time
45.88,73.572
soc
69,72
f1,f2,first_soc,front
110.757,13.3397,100,0
time
45.88
soc
78
f1,f2,first_soc,front
106.212,18.5372,100,0
time
45.88
soc
69
f1,f2,first_soc,front
105.123,20.2705,100,0
time
43.16,62.9177
soc
58,66
f1,f2,first_soc,front
105.123,20.2705,100,0
time
43.16,62.4126
soc
57,66
f1,f2,first_soc,front
105.123,20.2705,100,0
time
43.16,62.9177
soc
58,66
f1,f2,first_soc,front
105.123,20.2705,100,0
time
43.16,62.9177
soc
58,66
f1,f2,first_soc,front
105.123,20.2705,100,0
time
43.16,62.9177
soc
58,66
f1,f2,first_soc,front
105.707,19.1147,100,0
time
45.88
soc
68
f1,f2,first_soc,front
106.212,18.5372,100,0
time
45.88
soc
69
f1,f2,first_soc,front
106.212,18.5372,100,0
time
45.88
soc
69
f1,f2,first_soc,front
106.212,18.5372,100,0
time
45.88
soc
69
f1,f2,first_soc,front
106.212,18.5372,100,0
time
45.88
soc
69
f1,f2,first_soc,front
109.242,15.0722,100,0
time
45.88
soc
75
f1,f2,first_soc,front
107.634,17.4003,100,0
time
43.16,82.9678
soc
60,38
f1,f2,first_soc,front
107.634,17.4003,100,0
time
43.16,82.9678
soc
60,38
f1,f2,first_soc,front
107.634,17.4003,100,0
time
43.16,82.9678
soc
60,38
f1,f2,first_soc,front
108.139,16.8229,100,0
time
43.16,83.9779
soc
62,39
f1,f2,first_soc,front
108.139,16.8229,100,0
time
43.16,83.9779
soc
62,39
f1,f2,first_soc,front
108.737,15.6497,100,0
time
45.88
soc
74
f1,f2,first_soc,front
108.737,15.6497,100,0
time
45.88
soc
74
f1,f2,first_soc,front
108.737,15.6497,100,0
time
45.88
soc
74
f1,f2,first_soc,front
108.737,15.6497,100,0
time
45.88
soc
74
f1,f2,first_soc,front
109.242,15.0722,100,0
time
45.88
soc
75
f1,f2,first_soc,front
111.263,12.7622,100,0
time
45.88
soc
79
f1,f2,first_soc,front
111.263,12.7622,100,0
time
45.88
soc
79
f1,f2,first_soc,front
111.263,12.7622,100,0
time
45.88
soc
79
f1,f2,first_soc,front
111.263,12.7622,100,0
time
45.88
soc
79
f1,f2,first_soc,front
111.263,12.7622,100,0
time
45.88
soc
79
f1,f2,first_soc,front
111.263,12.7622,100,0
time
45.88
soc
79
f1,f2,first_soc,front
111.263,12.7622,100,0
time
45.88
soc
79
f1,f2,first_soc,front
111.263,12.7622,100,0
time
45.88
soc
79
f1,f2,first_soc,front
111.263,12.7622,100,0
time
45.88
soc
79
f1,f2,first_soc,front
111.263,12.7622,100,0
time
45.88
soc
79
f1,f2,first_soc,front
111.263,12.7622,100,0
time
45.88
soc
79
f1,f2,first_soc,front
111.263,12.7622,100,0
time
45.88
soc
79
f1,f2,first_soc,front
111.263,12.7622,100,0
time
45.88
soc
79
f1,f2,first_soc,front
111.263,12.7622,100,0
time
45.88
soc
79
f1,f2,first_soc,front
111.263,12.7622,100,0
time
45.88
soc
79
f1,f2,first_soc,front
111.263,12.7622,100,0
time
45.88
soc
79
f1,f2,first_soc,front
111.263,12.7622,100,0
time
45.88
soc
79
f1,f2,first_soc,front
111.263,12.7622,100,0
time
45.88
soc
79
f1,f2,first_soc,front
114.191,11.5601,100,0
time
44.52,82.6445,97.9634
soc
57,35,36
f1,f2,first_soc,front
114.191,11.5601,100,0
time
44.52,82.6445,97.9634
soc
57,35,36
f1,f2,first_soc,front
113.815,11.5624,100,0
time
36.36,77.294
soc
74,62
f1,f2,first_soc,front
113.815,11.5624,100,0
time
36.36,76.789
soc
73,62
f1,f2,first_soc,front
113.08,11.6629,100,0
time
40.44,67.1837,80.2436
soc
55,43,55
f1,f2,first_soc,front
113.08,11.6629,100,0
time
40.44,66.6787,80.2436
soc
54,43,55
f1,f2,first_soc,front
113.08,11.6629,100,0
time
40.44,66.6787,80.2436
soc
54,43,55
f1,f2,first_soc,front
113.08,11.6629,100,0
time
40.44,66.6787,80.2436
soc
54,43,55
f1,f2,first_soc,front
111.263,12.7622,100,0
time
45.88
soc
79
f1,f2,first_soc,front
111.263,12.7622,100,0
time
45.88
soc
79
f1,f2,first_soc,front
111.263,12.7622,100,0
time
45.88
soc
79
f1,f2,first_soc,front
111.263,12.7622,100,0
time
45.88
soc
79
f1,f2,first_soc,front
111.263,12.7622,100,0
time
45.88
soc
79
f1,f2,first_soc,front
111.263,12.7622,100,0
time
45.88
soc
79
f1,f2,first_soc,front
111.263,12.7622,100,0
time
45.88
soc
79
f1,f2,first_soc,front
111.263,12.7622,100,0
time
45.88
soc
79
f1,f2,first_soc,front
110.757,13.3397,100,0
time
45.88
soc
78
f1,f2,first_soc,front
111.263,12.7622,100,0
time
45.88
soc
79
f1,f2,first_soc,front
111.263,12.7622,100,0
time
45.88
soc
79
f1,f2,first_soc,front
111.263,12.7622,100,0
time
45.88
soc
79
f1,f2,first_soc,front
111.263,12.7622,100,0
time
45.88
soc
79
f1,f2,first_soc,front
111.263,12.7622,100,0
time
45.88
soc
79
f1,f2,first_soc,front
111.263,12.7622,100,0
time
45.88
soc
79
f1,f2,first_soc,front
111.263,12.7622,100,0
time
45.88
soc
79
f1,f2,first_soc,front
111.263,12.7622,100,0
time
45.88
soc
79
f1,f2,first_soc,front
111.263,12.7622,100,0
time
45.88
soc
79
f1,f2,first_soc,front
110.757,13.3397,100,0
time
45.88
soc
78
f1,f2,first_soc,front
110.757,13.3397,100,0
time
45.88
soc
78
f1,f2,first_soc,front
110.757,13.3397,100,0
time
45.88
soc
78
f1,f2,first_soc,front
110.757,13.3397,100,0
time
45.88
soc
78
f1,f2,first_soc,front
110.757,13.3397,100,0
time
45.88
soc
78
f1,f2,first_soc,front
110.757,13.3397,100,0
time
45.88
soc
78
f1,f2,first_soc,front
110.533,14.0847,100,0
time
45.88,73.572
soc
69,72
f1,f2,first_soc,front
110.533,14.0847,100,0
time
45.88,73.067
soc
68,72
f1,f2,first_soc,front
111.263,12.7622,100,0
time
45.88
soc
79
f1,f2,first_soc,front
111.263,12.7622,100,0
time
45.88
soc
79
f1,f2,first_soc,front
111.263,12.7622,100,0
time
45.88
soc
79
f1,f2,first_soc,front
111.263,12.7622,100,0
time
45.88
soc
79
f1,f2,first_soc,front
111.263,12.7622,100,0
time
45.88
soc
79
f1,f2,first_soc,front
111.263,12.7622,100,0
time
45.88
soc
79
f1,f2,first_soc,front
111.263,12.7622,100,0
time
45.88
soc
79
f1,f2,first_soc,front
111.263,12.7622,100,0
time
45.88
soc
79
f1,f2,first_soc,front
111.263,12.7622,100,0
time
45.88
soc
79
f1,f2,first_soc,front
111.263,12.7622,100,0
time
45.88
soc
79
f1,f2,first_soc,front
111.263,12.7622,100,0
time
45.88
soc
79
f1,f2,first_soc,front
111.263,12.7622,100,0
time
45.88
soc
79
f1,f2,first_soc,front
111.263,12.7622,100,0
time
45.88
soc
79
f1,f2,first_soc,front
111.263,12.7622,100,0
time
45.88
soc
79
f1,f2,first_soc,front
111.263,12.7622,100,0
time
45.88
soc
79
f1,f2,first_soc,front
114.937,11.5601,100,1
time
44.52,73.59
soc
66,76
f1,f2,first_soc,front
104.068,22.4785,100,1
time
43.16,79.3928
soc
61,38
f1,f2,first_soc,front
106.558,18.6324,100,1
time
37.72,78.131
soc
76,50
f1,f2,first_soc,front
106.265,18.9654,100,1
time
43.16,80.7528
soc
61,40
f1,f2,first_soc,front
105.255,20.1203,100,1
time
43.16,81.2579
soc
62,38
f1,f2,first_soc,front
108.699,17.1855,100,1
time
41.8,61.7704
soc
50,66
f1,f2,first_soc,front
108.937,15.9104,100,1
time
43.16,83.5884
soc
72,50
f1,f2,first_soc,front
107.144,17.9605,100,1
time
43.16,62.4126
soc
57,70
f1,f2,first_soc,front
107.128,17.9778,100,1
time
43.16,82.9678
soc
60,37
f1,f2,first_soc,front
108.194,17.7668,100,1
time
30.92,57.8108
soc
61,65
f1,f2,first_soc,front
104.573,21.901,100,1
time
43.16,79.8979
soc
62,39
f1,f2,first_soc,front
105.128,21.2665,100,1
time
41.8,61.7308
soc
58,66
f1,f2,first_soc,front
104.573,21.901,100,1
time
43.16,79.8979
soc
62,39
f1,f2,first_soc,front
109.376,15.4127,100,1
time
32.28,57.8324
soc
56,65
f1,f2,first_soc,front
112.58,12.2372,100,1
time
39.08,64.9868,80.2487
soc
53,43,54
f1,f2,first_soc,front
110.525,14.5889,100,1
time
40.44,68.0387,83.4162
soc
54,55,57
f1,f2,first_soc,front
113.926,11.5634,100,1
time
33.64,69.6304
soc
77,74
f1,f2,first_soc,front
110.848,14.2155,100,1
time
40.44,66.6787,82.3794
soc
54,58,60
f1,f2,first_soc,front
109.881,14.8352,100,1
time
32.28,57.8324
soc
56,66
f1,f2,first_soc,front
109.654,15.0904,100,1
time
43.16,83.9779
soc
62,42
f1,f2,first_soc,front
109.002,15.8363,100,1
time
40.44,88.3595
soc
70,36
f1,f2,first_soc,front
111.184,13.3406,100,1
time
43.16,62.9177
soc
58,78
f1,f2,first_soc,front
108.336,17.5978,100,1
time
45.88,71.707
soc
68,70
f1,f2,first_soc,front
105.128,21.2665,100,1
time
41.8,61.7308
soc
58,66
f1,f2,first_soc,front
111.608,12.8555,100,1
time
43.16,84.4037
soc
79,60
f1,f2,first_soc,front
112.048,12.3563,100,1
time
35,68.6023
soc
78,75
f1,f2,first_soc,front
112.752,12.0364,100,1
time
40.44,67.1837,82.6137
soc
55,45,52
f1,f2,first_soc,front
111.03,14.0114,100,1
time
40.44,68.0387,83.9212
soc
54,56,58
f1,f2,first_soc,front
111.038,13.5072,100,1
time
45.88,73.067
soc
68,73
f1,f2,first_soc,front
109.507,15.2588,100,1
time
40.44,88.3595
soc
70,37
f1,f2,first_soc,front
111.886,12.537,100,1
time
45.88,95.332
soc
69,37
f1,f2,first_soc,front
105.255,20.1203,100,1
time
43.16,81.2579
soc
62,38
f1,f2,first_soc,front
105.76,19.5429,100,1
time
43.16,80.2478
soc
60,39
f1,f2,first_soc,front
105.76,19.5429,100,1
time
43.16,81.2579
soc
62,39
f1,f2,first_soc,front
104.068,22.4785,100,1
time
43.16,79.3928
soc
61,38
f1,f2,first_soc,front
110.525,14.5889,100,1
time
40.44,68.5437,83.4162
soc
55,55,57
f1,f2,first_soc,front
113.737,11.9245,100,1
time
26.84,44.4858,77.8671
soc
74,79,61
f1,f2,first_soc,front
113.245,11.9881,100,1
time
41.8,61.7704
soc
50,75
f1,f2,first_soc,front
105.128,21.2665,100,1
time
41.8,61.7308
soc
58,66
f1,f2,first_soc,front
113.24,11.9904,100,1
time
45.88,74.427
soc
68,75
f1,f2,first_soc,front
105.76,19.5429,100,1
time
43.16,80.2478
soc
60,39
f1,f2,first_soc,front
105.76,19.5429,100,1
time
43.16,80.7528
soc
61,39
f1,f2,first_soc,front
104.068,22.4785,100,1
time
43.16,79.3928
soc
61,38
第6世代
f1,f2,first_soc,front
104.068,22.4785,100,0
time
43.16,80.908
soc
64,38
f1,f2,first_soc,front
114.191,11.5601,100,0
time
44.52,82.6445,98.4685
soc
57,36,36
f1,f2,first_soc,front
104.068,22.4785,100,0
time
43.16,80.908
soc
64,38
f1,f2,first_soc,front
105.078,21.3235,100,0
time
43.16,81.413
soc
65,40
f1,f2,first_soc,front
107.275,17.8104,100,0
time
43.16,81.7629
soc
63,42
f1,f2,first_soc,front
105.255,20.1203,100,0
time
43.16,82.268
soc
64,38
f1,f2,first_soc,front
111.768,12.1847,100,0
time
45.88
soc
80
f1,f2,first_soc,front
106.717,17.9597,100,0
time
45.88
soc
70
f1,f2,first_soc,front
108.055,16.4284,100,0
time
44.52
soc
75
f1,f2,first_soc,front
106.212,18.5372,100,0
time
45.88
soc
69
f1,f2,first_soc,front
105.123,20.2705,100,0
time
43.16,62.9177
soc
58,66
f1,f2,first_soc,front
105.707,19.1147,100,0
time
45.88
soc
68
f1,f2,first_soc,front
110.581,13.5409,100,0
time
44.52
soc
80
f1,f2,first_soc,front
112.391,11.9595,100,0
time
45.88,95.332
soc
69,38
f1,f2,first_soc,front
109.571,14.6959,100,0
time
44.52
soc
78
f1,f2,first_soc,front
104.442,22.0511,100,0
time
43.16,62.5678
soc
60,67
f1,f2,first_soc,front
108.232,16.2272,100,0
time
45.88
soc
73
f1,f2,first_soc,front
108.232,16.2272,100,0
time
45.88
soc
73
f1,f2,first_soc,front
107.727,16.8047,100,0
time
45.88
soc
72
f1,f2,first_soc,front
104.573,21.901,100,0
time
43.16,81.413
soc
65,39
f1,f2,first_soc,front
107.727,16.8047,100,0
time
45.88
soc
72
f1,f2,first_soc,front
104.573,21.901,100,0
time
43.16,80.4029
soc
63,39
f1,f2,first_soc,front
110.027,14.6622,100,0
time
45.88,73.572
soc
69,71
f1,f2,first_soc,front
107.634,17.4003,100,0
time
43.16,82.9678
soc
60,38
f1,f2,first_soc,front
105.707,19.1147,100,0
time
45.88
soc
68
f1,f2,first_soc,front
108.737,15.6497,100,0
time
45.88
soc
74
f1,f2,first_soc,front
109.242,15.0722,100,0
time
45.88
soc
75
f1,f2,first_soc,front
110.757,13.3397,100,0
time
45.88
soc
78
f1,f2,first_soc,front
111.263,12.7622,100,0
time
45.88
soc
79
f1,f2,first_soc,front
111.263,12.7622,100,0
time
45.88
soc
79
f1,f2,first_soc,front
106.212,18.5372,100,0
time
45.88
soc
69
f1,f2,first_soc,front
108.737,15.6497,100,0
time
45.88
soc
74
f1,f2,first_soc,front
106.717,17.9597,100,0
time
45.88
soc
70
f1,f2,first_soc,front
111.263,12.7622,100,0
time
45.88
soc
79
f1,f2,first_soc,front
111.263,12.7622,100,0
time
45.88
soc
79
f1,f2,first_soc,front
105.707,19.1147,100,0
time
45.88
soc
68
f1,f2,first_soc,front
108.737,15.6497,100,0
time
45.88
soc
74
f1,f2,first_soc,front
108.737,15.6497,100,0
time
45.88
soc
74
f1,f2,first_soc,front
110.757,13.3397,100,0
time
45.88
soc
78
f1,f2,first_soc,front
109.242,15.0722,100,0
time
45.88
soc
75
f1,f2,first_soc,front
106.212,18.5372,100,0
time
45.88
soc
69
f1,f2,first_soc,front
111.768,12.1847,100,0
time
45.88
soc
80
f1,f2,first_soc,front
110.533,14.0847,100,0
time
45.88,73.572
soc
69,72
f1,f2,first_soc,front
110.076,14.1184,100,0
time
44.52
soc
79
f1,f2,first_soc,front
112.618,11.7025,100,0
time
37.72,76.6159
soc
73,62
f1,f2,first_soc,front
110.027,14.6622,100,0
time
45.88,73.572
soc
69,71
f1,f2,first_soc,front
107.634,17.4003,100,0
time
43.16,82.9678
soc
60,38
f1,f2,first_soc,front
113.08,11.6629,100,0
time
40.44,66.6787,80.2436
soc
54,43,55
f1,f2,first_soc,front
110.076,14.1184,100,0
time
44.52
soc
79
f1,f2,first_soc,front
110.533,14.0847,100,0
time
45.88,73.572
soc
69,72
f1,f2,first_soc,front
105.707,19.1147,100,0
time
45.88
soc
68
f1,f2,first_soc,front
114.095,11.5615,100,0
time
39.08,64.9868,80.2487
soc
53,43,57
f1,f2,first_soc,front
104.068,22.4785,100,0
time
43.16,80.908
soc
64,38
f1,f2,first_soc,front
110.757,13.3397,100,0
time
45.88
soc
78
f1,f2,first_soc,front
107.634,17.4003,100,0
time
43.16,82.9678
soc
60,38
f1,f2,first_soc,front
109.242,15.0722,100,0
time
45.88
soc
75
f1,f2,first_soc,front
112.391,11.9595,100,0
time
45.88,95.332
soc
69,38
f1,f2,first_soc,front
109.242,15.0722,100,0
time
45.88
soc
75
f1,f2,first_soc,front
109.571,14.6959,100,0
time
44.52
soc
78
f1,f2,first_soc,front
113.308,11.5818,100,0
time
18.68,49.5894,66.0729
soc
74,56,79
f1,f2,first_soc,front
113.815,11.5624,100,0
time
36.36,77.294
soc
74,62
f1,f2,first_soc,front
113.308,11.5818,100,0
time
18.68,49.5894,66.0729
soc
74,56,79
f1,f2,first_soc,front
113.563,11.563,100,0
time
45.88,73.067
soc
68,78
f1,f2,first_soc,front
105.255,20.1203,100,0
time
43.16,81.7629
soc
63,38
f1,f2,first_soc,front
104.442,22.0511,100,0
time
43.16,61.5577
soc
58,67
f1,f2,first_soc,front
113.563,11.563,100,0
time
45.88,73.067
soc
68,78
f1,f2,first_soc,front
113.815,11.5624,100,0
time
36.36,77.294
soc
74,62
f1,f2,first_soc,front
113.08,11.6629,100,0
time
40.44,66.6787,80.2436
soc
54,43,55
f1,f2,first_soc,front
111.768,12.1847,100,0
time
45.88
soc
80
f1,f2,first_soc,front
112.553,11.7747,100,0
time
45.88,73.067
soc
68,76
f1,f2,first_soc,front
112.553,11.7747,100,0
time
45.88,73.067
soc
68,76
f1,f2,first_soc,front
105.123,20.2705,100,0
time
43.16,62.9177
soc
58,66
f1,f2,first_soc,front
106.717,17.9597,100,0
time
45.88
soc
70
f1,f2,first_soc,front
112.618,11.7025,100,0
time
37.72,77.1209
soc
74,62
f1,f2,first_soc,front
112.553,11.7747,100,0
time
45.88,73.067
soc
68,76
f1,f2,first_soc,front
105.123,20.2705,100,0
time
43.16,62.4126
soc
57,66
f1,f2,first_soc,front
114.191,11.5601,100,0
time
44.52,82.6445,97.9634
soc
57,35,36
f1,f2,first_soc,front
110.533,14.0847,100,0
time
45.88,73.572
soc
69,72
f1,f2,first_soc,front
113.08,11.6629,100,0
time
40.44,66.6787,80.2436
soc
54,43,55
f1,f2,first_soc,front
110.076,14.1184,100,0
time
44.52
soc
79
f1,f2,first_soc,front
105.123,20.2705,100,0
time
43.16,62.9177
soc
58,66
f1,f2,first_soc,front
113.08,11.6629,100,0
time
40.44,67.1837,80.2436
soc
55,43,55
f1,f2,first_soc,front
109.571,14.6959,100,0
time
44.52
soc
78
f1,f2,first_soc,front
110.076,14.1184,100,0
time
44.52
soc
79
f1,f2,first_soc,front
113.815,11.5624,100,0
time
36.36,76.789
soc
73,62
f1,f2,first_soc,front
109.242,15.0722,100,0
time
45.88
soc
75
f1,f2,first_soc,front
109.242,15.0722,100,0
time
45.88
soc
75
f1,f2,first_soc,front
109.242,15.0722,100,0
time
45.88
soc
75
f1,f2,first_soc,front
104.068,22.4785,100,0
time
43.16,80.908
soc
64,38
f1,f2,first_soc,front
108.737,15.6497,100,0
time
45.88
soc
74
f1,f2,first_soc,front
108.737,15.6497,100,0
time
45.88
soc
74
f1,f2,first_soc,front
108.737,15.6497,100,0
time
45.88
soc
74
f1,f2,first_soc,front
108.737,15.6497,100,0
time
45.88
soc
74
f1,f2,first_soc,front
108.737,15.6497,100,0
time
45.88
soc
74
f1,f2,first_soc,front
104.442,22.0511,100,0
time
43.16,62.0627
soc
59,67
f1,f2,first_soc,front
110.076,14.1184,100,0
time
44.52
soc
79
f1,f2,first_soc,front
104.068,22.4785,100,0
time
43.16,80.908
soc
64,38
f1,f2,first_soc,front
110.027,14.6622,100,0
time
45.88,73.572
soc
69,71
f1,f2,first_soc,front
109.571,14.6959,100,0
time
44.52
soc
78
f1,f2,first_soc,front
109.571,14.6959,100,0
time
44.52
soc
78
f1,f2,first_soc,front
109.571,14.6959,100,0
time
44.52
soc
78
f1,f2,first_soc,front
104.068,22.4785,100,0
time
43.16,80.908
soc
64,38
f1,f2,first_soc,front
104.068,22.4785,100,0
time
43.16,80.908
soc
64,38
f1,f2,first_soc,front
104.068,22.4785,100,0
time
43.16,80.908
soc
64,38
f1,f2,first_soc,front
109.242,15.0722,100,0
time
45.88
soc
75
f1,f2,first_soc,front
109.242,15.0722,100,0
time
45.88
soc
75
f1,f2,first_soc,front
109.242,15.0722,100,0
time
45.88
soc
75
f1,f2,first_soc,front
109.242,15.0722,100,0
time
45.88
soc
75
f1,f2,first_soc,front
109.242,15.0722,100,0
time
45.88
soc
75
f1,f2,first_soc,front
109.242,15.0722,100,0
time
45.88
soc
75
f1,f2,first_soc,front
109.242,15.0722,100,0
time
45.88
soc
75
f1,f2,first_soc,front
109.242,15.0722,100,0
time
45.88
soc
75
f1,f2,first_soc,front
109.242,15.0722,100,0
time
45.88
soc
75
f1,f2,first_soc,front
109.242,15.0722,100,0
time
45.88
soc
75
f1,f2,first_soc,front
109.242,15.0722,100,0
time
45.88
soc
75
f1,f2,first_soc,front
105.707,19.1147,100,0
time
45.88
soc
68
f1,f2,first_soc,front
106.212,18.5372,100,0
time
45.88
soc
69
f1,f2,first_soc,front
106.212,18.5372,100,0
time
45.88
soc
69
f1,f2,first_soc,front
106.212,18.5372,100,0
time
45.88
soc
69
f1,f2,first_soc,front
106.212,18.5372,100,0
time
45.88
soc
69
f1,f2,first_soc,front
106.212,18.5372,100,0
time
45.88
soc
69
f1,f2,first_soc,front
106.212,18.5372,100,0
time
45.88
soc
69
f1,f2,first_soc,front
106.212,18.5372,100,0
time
45.88
soc
69
f1,f2,first_soc,front
106.212,18.5372,100,0
time
45.88
soc
69
f1,f2,first_soc,front
106.212,18.5372,100,0
time
45.88
soc
69
f1,f2,first_soc,front
105.707,19.1147,100,0
time
45.88
soc
68
f1,f2,first_soc,front
105.707,19.1147,100,0
time
45.88
soc
68
f1,f2,first_soc,front
106.212,18.5372,100,0
time
45.88
soc
69
f1,f2,first_soc,front
105.707,19.1147,100,0
time
45.88
soc
68
f1,f2,first_soc,front
105.707,19.1147,100,0
time
45.88
soc
68
f1,f2,first_soc,front
105.255,20.1203,100,0
time
43.16,81.7629
soc
63,38
f1,f2,first_soc,front
105.123,20.2705,100,0
time
43.16,62.4126
soc
57,66
f1,f2,first_soc,front
105.123,20.2705,100,0
time
43.16,62.4126
soc
57,66
f1,f2,first_soc,front
105.123,20.2705,100,0
time
43.16,62.4126
soc
57,66
f1,f2,first_soc,front
105.123,20.2705,100,0
time
43.16,62.9177
soc
58,66
f1,f2,first_soc,front
105.123,20.2705,100,0
time
43.16,62.4126
soc
57,66
f1,f2,first_soc,front
105.123,20.2705,100,0
time
43.16,62.9177
soc
58,66
f1,f2,first_soc,front
105.123,20.2705,100,0
time
43.16,62.9177
soc
58,66
f1,f2,first_soc,front
105.123,20.2705,100,0
time
43.16,62.9177
soc
58,66
f1,f2,first_soc,front
107.634,17.4003,100,0
time
43.16,82.9678
soc
60,38
f1,f2,first_soc,front
108.737,15.6497,100,0
time
45.88
soc
74
f1,f2,first_soc,front
108.737,15.6497,100,0
time
45.88
soc
74
f1,f2,first_soc,front
108.737,15.6497,100,0
time
45.88
soc
74
f1,f2,first_soc,front
108.737,15.6497,100,0
time
45.88
soc
74
f1,f2,first_soc,front
108.737,15.6497,100,0
time
45.88
soc
74
f1,f2,first_soc,front
105.123,20.2705,100,0
time
43.16,62.4126
soc
57,66
f1,f2,first_soc,front
104.573,21.901,100,0
time
43.16,81.413
soc
65,39
f1,f2,first_soc,front
107.634,17.4003,100,0
time
43.16,82.9678
soc
60,38
f1,f2,first_soc,front
107.634,17.4003,100,0
time
43.16,82.9678
soc
60,38
f1,f2,first_soc,front
107.634,17.4003,100,0
time
43.16,82.9678
soc
60,38
f1,f2,first_soc,front
107.634,17.4003,100,0
time
43.16,83.4728
soc
61,38
f1,f2,first_soc,front
108.737,15.6497,100,0
time
45.88
soc
74
f1,f2,first_soc,front
107.634,17.4003,100,0
time
43.16,82.9678
soc
60,38
f1,f2,first_soc,front
107.634,17.4003,100,0
time
43.16,82.9678
soc
60,38
f1,f2,first_soc,front
107.634,17.4003,100,0
time
43.16,82.9678
soc
60,38
f1,f2,first_soc,front
107.634,17.4003,100,0
time
43.16,82.9678
soc
60,38
f1,f2,first_soc,front
104.573,21.901,100,0
time
43.16,81.413
soc
65,39
f1,f2,first_soc,front
106.717,17.9597,100,0
time
45.88
soc
70
f1,f2,first_soc,front
106.717,17.9597,100,0
time
45.88
soc
70
f1,f2,first_soc,front
110.757,13.3397,100,0
time
45.88
soc
78
f1,f2,first_soc,front
106.212,18.5372,100,0
time
45.88
soc
69
f1,f2,first_soc,front
106.212,18.5372,100,0
time
45.88
soc
69
f1,f2,first_soc,front
106.212,18.5372,100,0
time
45.88
soc
69
f1,f2,first_soc,front
111.263,12.7622,100,0
time
45.88
soc
79
f1,f2,first_soc,front
111.263,12.7622,100,0
time
45.88
soc
79
f1,f2,first_soc,front
111.263,12.7622,100,0
time
45.88
soc
79
f1,f2,first_soc,front
111.263,12.7622,100,0
time
45.88
soc
79
f1,f2,first_soc,front
111.263,12.7622,100,0
time
45.88
soc
79
f1,f2,first_soc,front
111.263,12.7622,100,0
time
45.88
soc
79
f1,f2,first_soc,front
111.263,12.7622,100,0
time
45.88
soc
79
f1,f2,first_soc,front
111.263,12.7622,100,0
time
45.88
soc
79
f1,f2,first_soc,front
111.263,12.7622,100,0
time
45.88
soc
79
f1,f2,first_soc,front
111.263,12.7622,100,0
time
45.88
soc
79
f1,f2,first_soc,front
111.263,12.7622,100,0
time
45.88
soc
79
f1,f2,first_soc,front
111.263,12.7622,100,0
time
45.88
soc
79
f1,f2,first_soc,front
111.263,12.7622,100,0
time
45.88
soc
79
f1,f2,first_soc,front
111.263,12.7622,100,0
time
45.88
soc
79
f1,f2,first_soc,front
111.263,12.7622,100,0
time
45.88
soc
79
f1,f2,first_soc,front
111.263,12.7622,100,0
time
45.88
soc
79
f1,f2,first_soc,front
111.263,12.7622,100,0
time
45.88
soc
79
f1,f2,first_soc,front
111.263,12.7622,100,0
time
45.88
soc
79
f1,f2,first_soc,front
111.263,12.7622,100,0
time
45.88
soc
79
f1,f2,first_soc,front
111.263,12.7622,100,0
time
45.88
soc
79
f1,f2,first_soc,front
111.263,12.7622,100,0
time
45.88
soc
79
f1,f2,first_soc,front
111.263,12.7622,100,0
time
45.88
soc
79
f1,f2,first_soc,front
111.263,12.7622,100,0
time
45.88
soc
79
f1,f2,first_soc,front
111.263,12.7622,100,0
time
45.88
soc
79
f1,f2,first_soc,front
111.263,12.7622,100,0
time
45.88
soc
79
f1,f2,first_soc,front
111.263,12.7622,100,0
time
45.88
soc
79
f1,f2,first_soc,front
111.263,12.7622,100,0
time
45.88
soc
79
f1,f2,first_soc,front
111.263,12.7622,100,0
time
45.88
soc
79
f1,f2,first_soc,front
111.263,12.7622,100,0
time
45.88
soc
79
f1,f2,first_soc,front
111.263,12.7622,100,0
time
45.88
soc
79
f1,f2,first_soc,front
111.263,12.7622,100,0
time
45.88
soc
79
f1,f2,first_soc,front
111.263,12.7622,100,0
time
45.88
soc
79
f1,f2,first_soc,front
112.618,11.7025,100,0
time
37.72,76.6159
soc
73,62
f1,f2,first_soc,front
114.191,11.5601,100,0
time
44.52,82.1395,97.9634
soc
56,35,36
f1,f2,first_soc,front
114.191,11.5601,100,0
time
44.52,83.1496,98.4685
soc
58,36,36
f1,f2,first_soc,front
114.191,11.5601,100,0
time
44.52,82.6445,97.9634
soc
57,35,36
f1,f2,first_soc,front
114.191,11.5601,100,0
time
44.52,82.6445,97.9634
soc
57,35,36
第7世代
f1,f2,first_soc,front
114.191,11.5601,100,0
time
44.52,82.6445,97.9634
soc
57,35,36
f1,f2,first_soc,front
104.068,22.4785,100,0
time
43.16,80.908
soc
64,38
f1,f2,first_soc,front
104.068,22.4785,100,0
time
43.16,80.908
soc
64,38
f1,f2,first_soc,front
107.222,17.3822,100,0
time
45.88
soc
71
f1,f2,first_soc,front
105.53,19.3158,100,0
time
44.52
soc
70
f1,f2,first_soc,front
104.52,21.4699,100,0
time
44.52
soc
68
f1,f2,first_soc,front
111.768,12.1847,100,0
time
45.88
soc
80
f1,f2,first_soc,front
108.055,16.4284,100,0
time
44.52
soc
75
f1,f2,first_soc,front
109.242,15.0722,100,0
time
45.88
soc
75
f1,f2,first_soc,front
107.727,16.8047,100,0
time
45.88
soc
72
f1,f2,first_soc,front
108.561,15.8509,100,0
time
44.52
soc
76
f1,f2,first_soc,front
106.717,17.9597,100,0
time
45.88
soc
70
f1,f2,first_soc,front
105.078,21.3235,100,0
time
43.16,81.413
soc
65,40
f1,f2,first_soc,front
105.123,20.2705,100,0
time
43.16,62.9177
soc
58,66
f1,f2,first_soc,front
104.442,22.0511,100,0
time
43.16,61.5577
soc
58,67
f1,f2,first_soc,front
112.391,11.9595,100,0
time
45.88,95.8371
soc
70,38
f1,f2,first_soc,front
109.571,14.6959,100,0
time
44.52
soc
78
f1,f2,first_soc,front
105.255,20.1203,100,0
time
43.16,81.7629
soc
63,38
f1,f2,first_soc,front
105.078,21.3235,100,0
time
43.16,81.413
soc
65,40
f1,f2,first_soc,front
110.757,13.3397,100,0
time
45.88
soc
78
f1,f2,first_soc,front
107.727,16.8047,100,0
time
45.88
soc
72
f1,f2,first_soc,front
108.232,16.2272,100,0
time
45.88
soc
73
f1,f2,first_soc,front
110.533,14.0847,100,0
time
45.88,73.572
soc
69,72
f1,f2,first_soc,front
110.581,13.5409,100,0
time
44.52
soc
80
f1,f2,first_soc,front
110.027,14.6622,100,0
time
45.88,73.572
soc
69,71
f1,f2,first_soc,front
106.717,17.9597,100,0
time
45.88
soc
70
f1,f2,first_soc,front
106.212,18.5372,100,0
time
45.88
soc
69
f1,f2,first_soc,front
108.737,15.6497,100,0
time
45.88
soc
74
f1,f2,first_soc,front
105.707,19.1147,100,0
time
45.88
soc
68
f1,f2,first_soc,front
111.263,12.7622,100,0
time
45.88
soc
79
f1,f2,first_soc,front
110.757,13.3397,100,0
time
45.88
soc
78
f1,f2,first_soc,front
111.263,12.7622,100,0
time
45.88
soc
79
f1,f2,first_soc,front
106.212,18.5372,100,0
time
45.88
soc
69
f1,f2,first_soc,front
112.618,11.7025,100,0
time
37.72,76.6159
soc
73,62
f1,f2,first_soc,front
106.717,17.9597,100,0
time
45.88
soc
70
f1,f2,first_soc,front
111.263,12.7622,100,0
time
45.88
soc
79
f1,f2,first_soc,front
111.263,12.7622,100,0
time
45.88
soc
79
f1,f2,first_soc,front
108.737,15.6497,100,0
time
45.88
soc
74
f1,f2,first_soc,front
111.768,12.1847,100,0
time
45.88
soc
80
f1,f2,first_soc,front
105.707,19.1147,100,0
time
45.88
soc
68
f1,f2,first_soc,front
106.212,18.5372,100,0
time
45.88
soc
69
f1,f2,first_soc,front
106.212,18.5372,100,0
time
45.88
soc
69
f1,f2,first_soc,front
110.076,14.1184,100,0
time
44.52
soc
79
f1,f2,first_soc,front
110.027,14.6622,100,0
time
45.88,73.572
soc
69,71
f1,f2,first_soc,front
110.533,14.0847,100,0
time
45.88,73.572
soc
69,72
f1,f2,first_soc,front
104.442,22.0511,100,0
time
43.16,62.5678
soc
60,67
f1,f2,first_soc,front
113.08,11.6629,100,0
time
40.44,67.1837,80.2436
soc
55,43,55
f1,f2,first_soc,front
110.076,14.1184,100,0
time
44.52
soc
79
f1,f2,first_soc,front
105.255,20.1203,100,0
time
43.16,81.7629
soc
63,38
f1,f2,first_soc,front
114.095,11.5615,100,0
time
39.08,64.9868,80.2487
soc
53,43,57
f1,f2,first_soc,front
104.068,22.4785,100,0
time
43.16,80.908
soc
64,38
f1,f2,first_soc,front
110.581,13.5409,100,0
time
44.52
soc
80
f1,f2,first_soc,front
108.232,16.2272,100,0
time
45.88
soc
73
f1,f2,first_soc,front
109.242,15.0722,100,0
time
45.88
soc
75
f1,f2,first_soc,front
112.391,11.9595,100,0
time
45.88,95.332
soc
69,38
f1,f2,first_soc,front
112.553,11.7747,100,0
time
45.88,73.067
soc
68,76
f1,f2,first_soc,front
109.242,15.0722,100,0
time
45.88
soc
75
f1,f2,first_soc,front
109.571,14.6959,100,0
time
44.52
soc
78
f1,f2,first_soc,front
113.308,11.5818,100,0
time
18.68,49.5894,66.578
soc
74,57,79
f1,f2,first_soc,front
113.815,11.5624,100,0
time
36.36,76.789
soc
73,62
f1,f2,first_soc,front
113.308,11.5818,100,0
time
18.68,49.5894,66.0729
soc
74,56,79
f1,f2,first_soc,front
113.563,11.563,100,0
time
45.88,73.067
soc
68,78
f1,f2,first_soc,front
113.08,11.6629,100,0
time
40.44,66.6787,80.2436
soc
54,43,55
f1,f2,first_soc,front
113.563,11.563,100,0
time
45.88,73.572
soc
69,78
f1,f2,first_soc,front
113.815,11.5624,100,0
time
36.36,77.294
soc
74,62
f1,f2,first_soc,front
111.768,12.1847,100,0
time
45.88
soc
80
f1,f2,first_soc,front
105.707,19.1147,100,0
time
45.88
soc
68
f1,f2,first_soc,front
108.737,15.6497,100,0
time
45.88
soc
74
f1,f2,first_soc,front
105.707,19.1147,100,0
time
45.88
soc
68
f1,f2,first_soc,front
108.737,15.6497,100,0
time
45.88
soc
74
f1,f2,first_soc,front
110.757,13.3397,100,0
time
45.88
soc
78
f1,f2,first_soc,front
105.123,20.2705,100,0
time
43.16,62.9177
soc
58,66
f1,f2,first_soc,front
112.553,11.7747,100,0
time
45.88,73.067
soc
68,76
f1,f2,first_soc,front
105.255,20.1203,100,0
time
43.16,82.268
soc
64,38
f1,f2,first_soc,front
105.123,20.2705,100,0
time
43.16,62.9177
soc
58,66
f1,f2,first_soc,front
114.191,11.5601,100,0
time
44.52,82.6445,98.4685
soc
57,36,36
f1,f2,first_soc,front
110.076,14.1184,100,0
time
44.52
soc
79
f1,f2,first_soc,front
113.08,11.6629,100,0
time
40.44,66.6787,80.2436
soc
54,43,55
f1,f2,first_soc,front
112.618,11.7025,100,0
time
37.72,77.1209
soc
74,62
f1,f2,first_soc,front
105.123,20.2705,100,0
time
43.16,62.4126
soc
57,66
f1,f2,first_soc,front
112.618,11.7025,100,0
time
37.72,76.6159
soc
73,62
f1,f2,first_soc,front
109.571,14.6959,100,0
time
44.52
soc
78
f1,f2,first_soc,front
114.191,11.5601,100,0
time
44.52,82.1395,97.9634
soc
56,35,36
f1,f2,first_soc,front
113.563,11.563,100,0
time
45.88,73.067
soc
68,78
f1,f2,first_soc,front
106.212,18.5372,100,0
time
45.88
soc
69
f1,f2,first_soc,front
106.212,18.5372,100,0
time
45.88
soc
69
f1,f2,first_soc,front
106.212,18.5372,100,0
time
45.88
soc
69
f1,f2,first_soc,front
106.212,18.5372,100,0
time
45.88
soc
69
f1,f2,first_soc,front
106.212,18.5372,100,0
time
45.88
soc
69
f1,f2,first_soc,front
106.212,18.5372,100,0
time
45.88
soc
69
f1,f2,first_soc,front
112.618,11.7025,100,0
time
37.72,76.6159
soc
73,62
f1,f2,first_soc,front
106.212,18.5372,100,0
time
45.88
soc
69
f1,f2,first_soc,front
106.212,18.5372,100,0
time
45.88
soc
69
f1,f2,first_soc,front
106.212,18.5372,100,0
time
45.88
soc
69
f1,f2,first_soc,front
106.212,18.5372,100,0
time
45.88
soc
69
f1,f2,first_soc,front
106.212,18.5372,100,0
time
45.88
soc
69
f1,f2,first_soc,front
106.212,18.5372,100,0
time
45.88
soc
69
f1,f2,first_soc,front
106.212,18.5372,100,0
time
45.88
soc
69
f1,f2,first_soc,front
106.212,18.5372,100,0
time
45.88
soc
69
f1,f2,first_soc,front
106.212,18.5372,100,0
time
45.88
soc
69
f1,f2,first_soc,front
106.212,18.5372,100,0
time
45.88
soc
69
f1,f2,first_soc,front
106.212,18.5372,100,0
time
45.88
soc
69
f1,f2,first_soc,front
106.212,18.5372,100,0
time
45.88
soc
69
f1,f2,first_soc,front
113.08,11.6629,100,0
time
40.44,66.6787,80.2436
soc
54,43,55
f1,f2,first_soc,front
113.08,11.6629,100,0
time
40.44,66.6787,80.2436
soc
54,43,55
f1,f2,first_soc,front
105.707,19.1147,100,0
time
45.88
soc
68
f1,f2,first_soc,front
105.707,19.1147,100,0
time
45.88
soc
68
f1,f2,first_soc,front
105.707,19.1147,100,0
time
45.88
soc
68
f1,f2,first_soc,front
105.707,19.1147,100,0
time
45.88
soc
68
f1,f2,first_soc,front
105.707,19.1147,100,0
time
45.88
soc
68
f1,f2,first_soc,front
106.717,17.9597,100,0
time
45.88
soc
70
f1,f2,first_soc,front
107.727,16.8047,100,0
time
45.88
soc
72
f1,f2,first_soc,front
107.727,16.8047,100,0
time
45.88
soc
72
f1,f2,first_soc,front
107.727,16.8047,100,0
time
45.88
soc
72
f1,f2,first_soc,front
112.553,11.7747,100,0
time
45.88,73.067
soc
68,76
f1,f2,first_soc,front
112.618,11.7025,100,0
time
37.72,77.1209
soc
74,62
f1,f2,first_soc,front
112.618,11.7025,100,0
time
37.72,77.1209
soc
74,62
f1,f2,first_soc,front
112.618,11.7025,100,0
time
37.72,76.6159
soc
73,62
f1,f2,first_soc,front
106.717,17.9597,100,0
time
45.88
soc
70
f1,f2,first_soc,front
106.717,17.9597,100,0
time
45.88
soc
70
f1,f2,first_soc,front
106.717,17.9597,100,0
time
45.88
soc
70
f1,f2,first_soc,front
106.717,17.9597,100,0
time
45.88
soc
70
f1,f2,first_soc,front
106.717,17.9597,100,0
time
45.88
soc
70
f1,f2,first_soc,front
106.717,17.9597,100,0
time
45.88
soc
70
f1,f2,first_soc,front
106.717,17.9597,100,0
time
45.88
soc
70
f1,f2,first_soc,front
106.717,17.9597,100,0
time
45.88
soc
70
f1,f2,first_soc,front
106.212,18.5372,100,0
time
45.88
soc
69
f1,f2,first_soc,front
106.717,17.9597,100,0
time
45.88
soc
70
f1,f2,first_soc,front
106.717,17.9597,100,0
time
45.88
soc
70
f1,f2,first_soc,front
106.717,17.9597,100,0
time
45.88
soc
70
f1,f2,first_soc,front
106.717,17.9597,100,0
time
45.88
soc
70
f1,f2,first_soc,front
106.717,17.9597,100,0
time
45.88
soc
70
f1,f2,first_soc,front
106.717,17.9597,100,0
time
45.88
soc
70
f1,f2,first_soc,front
112.618,11.7025,100,0
time
37.72,76.6159
soc
73,62
f1,f2,first_soc,front
112.618,11.7025,100,0
time
37.72,76.6159
soc
73,62
f1,f2,first_soc,front
106.212,18.5372,100,0
time
45.88
soc
69
f1,f2,first_soc,front
106.212,18.5372,100,0
time
45.88
soc
69
f1,f2,first_soc,front
106.212,18.5372,100,0
time
45.88
soc
69
f1,f2,first_soc,front
106.212,18.5372,100,0
time
45.88
soc
69
f1,f2,first_soc,front
106.212,18.5372,100,0
time
45.88
soc
69
f1,f2,first_soc,front
105.707,19.1147,100,0
time
45.88
soc
68
f1,f2,first_soc,front
104.442,22.0511,100,0
time
43.16,62.0627
soc
59,67
f1,f2,first_soc,front
105.123,20.2705,100,0
time
43.16,62.9177
soc
58,66
f1,f2,first_soc,front
105.123,20.2705,100,0
time
43.16,62.4126
soc
57,66
f1,f2,first_soc,front
105.123,20.2705,100,0
time
43.16,62.9177
soc
58,66
f1,f2,first_soc,front
105.123,20.2705,100,0
time
43.16,62.9177
soc
58,66
f1,f2,first_soc,front
105.123,20.2705,100,0
time
43.16,62.4126
soc
57,66
f1,f2,first_soc,front
113.815,11.5624,100,0
time
36.36,77.294
soc
74,62
f1,f2,first_soc,front
113.815,11.5624,100,0
time
36.36,77.294
soc
74,62
f1,f2,first_soc,front
114.191,11.5601,100,0
time
44.52,83.1496,98.4685
soc
58,36,36
f1,f2,first_soc,front
104.442,22.0511,100,0
time
43.16,61.5577
soc
58,67
f1,f2,first_soc,front
104.442,22.0511,100,0
time
43.16,61.5577
soc
58,67
f1,f2,first_soc,front
104.442,22.0511,100,0
time
43.16,62.0627
soc
59,67
f1,f2,first_soc,front
104.442,22.0511,100,0
time
43.16,62.5678
soc
60,67
f1,f2,first_soc,front
104.442,22.0511,100,0
time
43.16,61.5577
soc
58,67
f1,f2,first_soc,front
104.442,22.0511,100,0
time
43.16,62.5678
soc
60,67
f1,f2,first_soc,front
105.123,20.2705,100,0
time
43.16,62.9177
soc
58,66
f1,f2,first_soc,front
104.442,22.0511,100,0
time
43.16,61.5577
soc
58,67
f1,f2,first_soc,front
114.191,11.5601,100,0
time
44.52,82.1395,98.4685
soc
56,36,36
f1,f2,first_soc,front
114.191,11.5601,100,0
time
44.52,82.6445,97.9634
soc
57,35,36
f1,f2,first_soc,front
114.191,11.5601,100,0
time
44.52,82.6445,97.9634
soc
57,35,36
f1,f2,first_soc,front
104.068,22.4785,100,0
time
43.16,80.908
soc
64,38
f1,f2,first_soc,front
104.068,22.4785,100,0
time
43.16,80.908
soc
64,38
f1,f2,first_soc,front
104.068,22.4785,100,0
time
43.16,80.908
soc
64,38
f1,f2,first_soc,front
104.068,22.4785,100,0
time
43.16,80.908
soc
64,38
f1,f2,first_soc,front
104.068,22.4785,100,0
time
43.16,80.908
soc
64,38
f1,f2,first_soc,front
104.068,22.4785,100,0
time
43.16,80.908
soc
64,38
f1,f2,first_soc,front
104.068,22.4785,100,0
time
43.16,80.908
soc
64,38
f1,f2,first_soc,front
104.068,22.4785,100,0
time
43.16,80.908
soc
64,38
f1,f2,first_soc,front
104.068,22.4785,100,0
time
43.16,80.908
soc
64,38
f1,f2,first_soc,front
114.191,11.5601,100,0
time
44.52,82.1395,97.9634
soc
56,35,36
f1,f2,first_soc,front
113.563,11.563,100,0
time
45.88,73.067
soc
68,78
f1,f2,first_soc,front
105.707,19.1147,100,0
time
45.88
soc
68
f1,f2,first_soc,front
105.707,19.1147,100,0
time
45.88
soc
68
f1,f2,first_soc,front
112.553,11.7747,100,0
time
45.88,73.067
soc
68,76
f1,f2,first_soc,front
105.707,19.1147,100,0
time
45.88
soc
68
f1,f2,first_soc,front
113.08,11.6629,100,0
time
40.44,66.6787,80.2436
soc
54,43,55
f1,f2,first_soc,front
113.08,11.6629,100,0
time
40.44,67.1837,80.2436
soc
55,43,55
f1,f2,first_soc,front
113.308,11.5818,100,0
time
18.68,49.5894,66.0729
soc
74,56,79
f1,f2,first_soc,front
113.563,11.563,100,0
time
45.88,73.067
soc
68,78
f1,f2,first_soc,front
105.255,20.1203,100,0
time
43.16,82.268
soc
64,38
f1,f2,first_soc,front
105.255,20.1203,100,0
time
43.16,82.268
soc
64,38
f1,f2,first_soc,front
105.255,20.1203,100,0
time
43.16,81.7629
soc
63,38
f1,f2,first_soc,front
105.255,20.1203,100,0
time
43.16,82.268
soc
64,38
f1,f2,first_soc,front
105.255,20.1203,100,0
time
43.16,82.268
soc
64,38
f1,f2,first_soc,front
105.255,20.1203,100,0
time
43.16,82.268
soc
64,38
f1,f2,first_soc,front
105.707,19.1147,100,0
time
45.88
soc
68
f1,f2,first_soc,front
113.563,11.563,100,0
time
45.88,73.067
soc
68,78
f1,f2,first_soc,front
105.123,20.2705,100,0
time
43.16,62.9177
soc
58,66
f1,f2,first_soc,front
105.123,20.2705,100,0
time
43.16,62.9177
soc
58,66
f1,f2,first_soc,front
105.123,20.2705,100,0
time
43.16,62.9177
soc
58,66
f1,f2,first_soc,front
105.123,20.2705,100,0
time
43.16,62.4126
soc
57,66
f1,f2,first_soc,front
105.123,20.2705,100,0
time
43.16,62.4126
soc
57,66
f1,f2,first_soc,front
105.123,20.2705,100,0
time
43.16,62.9177
soc
58,66
f1,f2,first_soc,front
105.123,20.2705,100,0
time
43.16,62.9177
soc
58,66
f1,f2,first_soc,front
105.123,20.2705,100,0
time
43.16,62.9177
soc
58,66
f1,f2,first_soc,front
105.123,20.2705,100,0
time
43.16,62.4126
soc
57,66
f1,f2,first_soc,front
105.123,20.2705,100,0
time
43.16,62.4126
soc
57,66
f1,f2,first_soc,front
105.123,20.2705,100,0
time
43.16,62.9177
soc
58,66
f1,f2,first_soc,front
113.563,11.563,100,0
time
45.88,73.067
soc
68,78
第8世代
f1,f2,first_soc,front
104.068,22.4785,100,0
time
43.16,80.908
soc
64,38
f1,f2,first_soc,front
114.191,11.5601,100,0
time
44.52,82.6445,97.9634
soc
57,35,36
f1,f2,first_soc,front
104.442,22.0511,100,0
time
43.16,62.5678
soc
60,67
f1,f2,first_soc,front
104.52,20.4708,100,0
time
44.52
soc
68
f1,f2,first_soc,front
105.025,19.8933,100,0
time
44.52
soc
69
f1,f2,first_soc,front
111.768,12.1847,100,0
time
45.88
soc
80
f1,f2,first_soc,front
107.222,17.3822,100,0
time
45.88
soc
71
f1,f2,first_soc,front
104.52,20.4708,100,0
time
44.52
soc
68
f1,f2,first_soc,front
105.53,19.3158,100,0
time
44.52
soc
70
f1,f2,first_soc,front
109.242,15.0722,100,0
time
45.88
soc
75
f1,f2,first_soc,front
111.263,12.7622,100,0
time
45.88
soc
79
f1,f2,first_soc,front
110.252,13.9172,100,0
time
45.88
soc
77
f1,f2,first_soc,front
107.222,17.3822,100,0
time
45.88
soc
71
f1,f2,first_soc,front
107.727,16.8047,100,0
time
45.88
soc
72
f1,f2,first_soc,front
112.391,11.9595,100,0
time
45.88,95.332
soc
69,38
f1,f2,first_soc,front
108.737,15.6497,100,0
time
45.88
soc
74
f1,f2,first_soc,front
110.757,13.3397,100,0
time
45.88
soc
78
f1,f2,first_soc,front
108.055,16.4284,100,0
time
44.52
soc
75
f1,f2,first_soc,front
109.242,15.0722,100,0
time
45.88
soc
75
f1,f2,first_soc,front
110.076,14.1184,100,0
time
44.52
soc
79
f1,f2,first_soc,front
109.747,14.4947,100,0
time
45.88
soc
76
f1,f2,first_soc,front
109.571,14.6959,100,0
time
44.52
soc
78
f1,f2,first_soc,front
108.561,15.8509,100,0
time
44.52
soc
76
f1,f2,first_soc,front
106.212,18.5372,100,0
time
45.88
soc
69
f1,f2,first_soc,front
106.717,17.9597,100,0
time
45.88
soc
70
f1,f2,first_soc,front
105.707,19.1147,100,0
time
45.88
soc
68
f1,f2,first_soc,front
110.757,13.3397,100,0
time
45.88
soc
78
f1,f2,first_soc,front
111.263,12.7622,100,0
time
45.88
soc
79
f1,f2,first_soc,front
106.212,18.5372,100,0
time
45.88
soc
69
f1,f2,first_soc,front
106.717,17.9597,100,0
time
45.88
soc
70
f1,f2,first_soc,front
105.202,19.6922,100,0
time
45.88
soc
67
f1,f2,first_soc,front
110.581,13.5409,100,0
time
44.52
soc
80
f1,f2,first_soc,front
108.232,16.2272,100,0
time
45.88
soc
73
f1,f2,first_soc,front
110.581,13.5409,100,0
time
44.52
soc
80
f1,f2,first_soc,front
105.202,19.6922,100,0
time
45.88
soc
67
f1,f2,first_soc,front
108.737,15.6497,100,0
time
45.88
soc
74
f1,f2,first_soc,front
111.768,12.1847,100,0
time
45.88
soc
80
f1,f2,first_soc,front
111.263,12.7622,100,0
time
45.88
soc
79
f1,f2,first_soc,front
105.707,19.1147,100,0
time
45.88
soc
68
f1,f2,first_soc,front
106.717,17.9597,100,0
time
45.88
soc
70
f1,f2,first_soc,front
106.717,17.9597,100,0
time
45.88
soc
70
f1,f2,first_soc,front
106.212,18.5372,100,0
time
45.88
soc
69
f1,f2,first_soc,front
106.212,18.5372,100,0
time
45.88
soc
69
f1,f2,first_soc,front
107.727,16.8047,100,0
time
45.88
soc
72
f1,f2,first_soc,front
113.08,11.6629,100,0
time
40.44,66.6787,80.2436
soc
54,43,55
f1,f2,first_soc,front
112.618,11.7025,100,0
time
37.72,76.6159
soc
73,62
f1,f2,first_soc,front
104.068,22.4785,100,0
time
43.16,80.908
soc
64,38
f1,f2,first_soc,front
104.442,22.0511,100,0
time
43.16,62.5678
soc
60,67
f1,f2,first_soc,front
114.095,11.5615,100,0
time
39.08,64.9868,80.2487
soc
53,43,57
f1,f2,first_soc,front
104.068,22.4785,100,0
time
43.16,80.908
soc
64,38
f1,f2,first_soc,front
109.571,14.6959,100,0
time
44.52
soc
78
f1,f2,first_soc,front
108.055,16.4284,100,0
time
44.52
soc
75
f1,f2,first_soc,front
108.561,15.8509,100,0
time
44.52
soc
76
f1,f2,first_soc,front
110.076,14.1184,100,0
time
44.52
soc
79
f1,f2,first_soc,front
107.727,16.8047,100,0
time
45.88
soc
72
f1,f2,first_soc,front
108.232,16.2272,100,0
time
45.88
soc
73
f1,f2,first_soc,front
112.391,11.9595,100,0
time
45.88,95.8371
soc
70,38
f1,f2,first_soc,front
113.308,11.5818,100,0
time
18.68,49.5894,66.0729
soc
74,56,79
f1,f2,first_soc,front
113.815,11.5624,100,0
time
36.36,76.789
soc
73,62
f1,f2,first_soc,front
113.308,11.5818,100,0
time
18.68,49.5894,66.578
soc
74,57,79
f1,f2,first_soc,front
113.563,11.563,100,0
time
45.88,73.572
soc
69,78
f1,f2,first_soc,front
113.08,11.6629,100,0
time
40.44,66.6787,80.2436
soc
54,43,55
f1,f2,first_soc,front
113.563,11.563,100,0
time
45.88,73.572
soc
69,78
f1,f2,first_soc,front
113.815,11.5624,100,0
time
36.36,77.294
soc
74,62
f1,f2,first_soc,front
112.553,11.7747,100,0
time
45.88,73.067
soc
68,76
f1,f2,first_soc,front
111.768,12.1847,100,0
time
45.88
soc
80
f1,f2,first_soc,front
108.737,15.6497,100,0
time
45.88
soc
74
f1,f2,first_soc,front
105.707,19.1147,100,0
time
45.88
soc
68
f1,f2,first_soc,front
109.747,14.4947,100,0
time
45.88
soc
76
f1,f2,first_soc,front
108.232,16.2272,100,0
time
45.88
soc
73
f1,f2,first_soc,front
105.707,19.1147,100,0
time
45.88
soc
68
f1,f2,first_soc,front
110.757,13.3397,100,0
time
45.88
soc
78
f1,f2,first_soc,front
109.747,14.4947,100,0
time
45.88
soc
76
f1,f2,first_soc,front
112.553,11.7747,100,0
time
45.88,73.067
soc
68,76
f1,f2,first_soc,front
114.191,11.5601,100,0
time
44.52,82.1395,97.9634
soc
56,35,36
f1,f2,first_soc,front
104.442,22.0511,100,0
time
43.16,61.5577
soc
58,67
f1,f2,first_soc,front
113.08,11.6629,100,0
time
40.44,66.6787,80.2436
soc
54,43,55
f1,f2,first_soc,front
112.618,11.7025,100,0
time
37.72,76.6159
soc
73,62
f1,f2,first_soc,front
112.553,11.7747,100,0
time
45.88,73.067
soc
68,76
f1,f2,first_soc,front
112.618,11.7025,100,0
time
37.72,76.6159
soc
73,62
f1,f2,first_soc,front
112.618,11.7025,100,0
time
37.72,76.6159
soc
73,62
f1,f2,first_soc,front
113.563,11.563,100,0
time
45.88,73.067
soc
68,78
f1,f2,first_soc,front
113.815,11.5624,100,0
time
36.36,77.294
soc
74,62
f1,f2,first_soc,front
104.068,22.4785,100,0
time
43.16,80.908
soc
64,38
f1,f2,first_soc,front
104.068,22.4785,100,0
time
43.16,80.908
soc
64,38
f1,f2,first_soc,front
106.212,18.5372,100,0
time
45.88
soc
69
f1,f2,first_soc,front
106.212,18.5372,100,0
time
45.88
soc
69
f1,f2,first_soc,front
104.068,22.4785,100,0
time
43.16,80.908
soc
64,38
f1,f2,first_soc,front
106.212,18.5372,100,0
time
45.88
soc
69
f1,f2,first_soc,front
104.068,22.4785,100,0
time
43.16,80.908
soc
64,38
f1,f2,first_soc,front
106.212,18.5372,100,0
time
45.88
soc
69
f1,f2,first_soc,front
106.212,18.5372,100,0
time
45.88
soc
69
f1,f2,first_soc,front
104.068,22.4785,100,0
time
43.16,80.908
soc
64,38
f1,f2,first_soc,front
106.212,18.5372,100,0
time
45.88
soc
69
f1,f2,first_soc,front
106.212,18.5372,100,0
time
45.88
soc
69
f1,f2,first_soc,front
104.068,22.4785,100,0
time
43.16,80.908
soc
64,38
f1,f2,first_soc,front
104.068,22.4785,100,0
time
43.16,80.908
soc
64,38
f1,f2,first_soc,front
104.068,22.4785,100,0
time
43.16,80.908
soc
64,38
f1,f2,first_soc,front
104.068,22.4785,100,0
time
43.16,80.908
soc
64,38
f1,f2,first_soc,front
106.212,18.5372,100,0
time
45.88
soc
69
f1,f2,first_soc,front
106.212,18.5372,100,0
time
45.88
soc
69
f1,f2,first_soc,front
106.212,18.5372,100,0
time
45.88
soc
69
f1,f2,first_soc,front
106.212,18.5372,100,0
time
45.88
soc
69
f1,f2,first_soc,front
106.212,18.5372,100,0
time
45.88
soc
69
f1,f2,first_soc,front
114.191,11.5601,100,0
time
44.52,83.1496,98.4685
soc
58,36,36
f1,f2,first_soc,front
104.068,22.4785,100,0
time
43.16,80.908
soc
64,38
f1,f2,first_soc,front
106.212,18.5372,100,0
time
45.88
soc
69
f1,f2,first_soc,front
106.212,18.5372,100,0
time
45.88
soc
69
f1,f2,first_soc,front
106.212,18.5372,100,0
time
45.88
soc
69
f1,f2,first_soc,front
106.212,18.5372,100,0
time
45.88
soc
69
f1,f2,first_soc,front
106.212,18.5372,100,0
time
45.88
soc
69
f1,f2,first_soc,front
106.212,18.5372,100,0
time
45.88
soc
69
f1,f2,first_soc,front
106.212,18.5372,100,0
time
45.88
soc
69
f1,f2,first_soc,front
106.212,18.5372,100,0
time
45.88
soc
69
f1,f2,first_soc,front
106.212,18.5372,100,0
time
45.88
soc
69
f1,f2,first_soc,front
106.212,18.5372,100,0
time
45.88
soc
69
f1,f2,first_soc,front
106.212,18.5372,100,0
time
45.88
soc
69
f1,f2,first_soc,front
106.212,18.5372,100,0
time
45.88
soc
69
f1,f2,first_soc,front
106.212,18.5372,100,0
time
45.88
soc
69
f1,f2,first_soc,front
106.212,18.5372,100,0
time
45.88
soc
69
f1,f2,first_soc,front
106.212,18.5372,100,0
time
45.88
soc
69
f1,f2,first_soc,front
106.212,18.5372,100,0
time
45.88
soc
69
f1,f2,first_soc,front
106.212,18.5372,100,0
time
45.88
soc
69
f1,f2,first_soc,front
106.212,18.5372,100,0
time
45.88
soc
69
f1,f2,first_soc,front
106.212,18.5372,100,0
time
45.88
soc
69
f1,f2,first_soc,front
106.212,18.5372,100,0
time
45.88
soc
69
f1,f2,first_soc,front
104.068,22.4785,100,0
time
43.16,80.908
soc
64,38
f1,f2,first_soc,front
106.212,18.5372,100,0
time
45.88
soc
69
f1,f2,first_soc,front
106.212,18.5372,100,0
time
45.88
soc
69
f1,f2,first_soc,front
106.212,18.5372,100,0
time
45.88
soc
69
f1,f2,first_soc,front
104.068,22.4785,100,0
time
43.16,80.908
soc
64,38
f1,f2,first_soc,front
105.707,19.1147,100,0
time
45.88
soc
68
f1,f2,first_soc,front
104.442,22.0511,100,0
time
43.16,61.5577
soc
58,67
f1,f2,first_soc,front
114.191,11.5601,100,0
time
44.52,82.6445,98.4685
soc
57,36,36
f1,f2,first_soc,front
105.707,19.1147,100,0
time
45.88
soc
68
f1,f2,first_soc,front
105.707,19.1147,100,0
time
45.88
soc
68
f1,f2,first_soc,front
105.707,19.1147,100,0
time
45.88
soc
68
f1,f2,first_soc,front
105.707,19.1147,100,0
time
45.88
soc
68
f1,f2,first_soc,front
105.707,19.1147,100,0
time
45.88
soc
68
f1,f2,first_soc,front
105.707,19.1147,100,0
time
45.88
soc
68
f1,f2,first_soc,front
114.191,11.5601,100,0
time
44.52,82.1395,98.4685
soc
56,36,36
f1,f2,first_soc,front
105.707,19.1147,100,0
time
45.88
soc
68
f1,f2,first_soc,front
105.707,19.1147,100,0
time
45.88
soc
68
f1,f2,first_soc,front
105.707,19.1147,100,0
time
45.88
soc
68
f1,f2,first_soc,front
105.707,19.1147,100,0
time
45.88
soc
68
f1,f2,first_soc,front
105.707,19.1147,100,0
time
45.88
soc
68
f1,f2,first_soc,front
114.191,11.5601,100,0
time
44.52,82.6445,97.9634
soc
57,35,36
f1,f2,first_soc,front
114.191,11.5601,100,0
time
44.52,82.1395,97.9634
soc
56,35,36
f1,f2,first_soc,front
105.707,19.1147,100,0
time
45.88
soc
68
f1,f2,first_soc,front
105.707,19.1147,100,0
time
45.88
soc
68
f1,f2,first_soc,front
105.707,19.1147,100,0
time
45.88
soc
68
f1,f2,first_soc,front
105.707,19.1147,100,0
time
45.88
soc
68
f1,f2,first_soc,front
105.707,19.1147,100,0
time
45.88
soc
68
f1,f2,first_soc,front
114.191,11.5601,100,0
time
44.52,83.1496,98.4685
soc
58,36,36
f1,f2,first_soc,front
105.707,19.1147,100,0
time
45.88
soc
68
f1,f2,first_soc,front
105.707,19.1147,100,0
time
45.88
soc
68
f1,f2,first_soc,front
104.442,22.0511,100,0
time
43.16,62.0627
soc
59,67
f1,f2,first_soc,front
106.212,18.5372,100,0
time
45.88
soc
69
f1,f2,first_soc,front
106.212,18.5372,100,0
time
45.88
soc
69
f1,f2,first_soc,front
104.068,22.4785,100,0
time
43.16,80.908
soc
64,38
f1,f2,first_soc,front
104.068,22.4785,100,0
time
43.16,80.908
soc
64,38
f1,f2,first_soc,front
106.212,18.5372,100,0
time
45.88
soc
69
f1,f2,first_soc,front
106.212,18.5372,100,0
time
45.88
soc
69
f1,f2,first_soc,front
106.212,18.5372,100,0
time
45.88
soc
69
f1,f2,first_soc,front
106.212,18.5372,100,0
time
45.88
soc
69
f1,f2,first_soc,front
106.212,18.5372,100,0
time
45.88
soc
69
f1,f2,first_soc,front
106.212,18.5372,100,0
time
45.88
soc
69
f1,f2,first_soc,front
104.442,22.0511,100,0
time
43.16,62.0627
soc
59,67
f1,f2,first_soc,front
106.212,18.5372,100,0
time
45.88
soc
69
f1,f2,first_soc,front
106.212,18.5372,100,0
time
45.88
soc
69
f1,f2,first_soc,front
104.442,22.0511,100,0
time
43.16,62.0627
soc
59,67
f1,f2,first_soc,front
104.442,22.0511,100,0
time
43.16,61.5577
soc
58,67
f1,f2,first_soc,front
104.442,22.0511,100,0
time
43.16,62.5678
soc
60,67
f1,f2,first_soc,front
105.707,19.1147,100,0
time
45.88
soc
68
f1,f2,first_soc,front
105.707,19.1147,100,0
time
45.88
soc
68
f1,f2,first_soc,front
105.707,19.1147,100,0
time
45.88
soc
68
f1,f2,first_soc,front
105.707,19.1147,100,0
time
45.88
soc
68
f1,f2,first_soc,front
104.442,22.0511,100,0
time
43.16,61.5577
soc
58,67
f1,f2,first_soc,front
104.442,22.0511,100,0
time
43.16,61.5577
soc
58,67
f1,f2,first_soc,front
104.442,22.0511,100,0
time
43.16,61.5577
soc
58,67
f1,f2,first_soc,front
105.707,19.1147,100,0
time
45.88
soc
68
f1,f2,first_soc,front
111.768,12.1847,100,0
time
45.88
soc
80
f1,f2,first_soc,front
112.618,11.7025,100,0
time
37.72,77.1209
soc
74,62
f1,f2,first_soc,front
112.618,11.7025,100,0
time
37.72,77.1209
soc
74,62
f1,f2,first_soc,front
112.553,11.7747,100,0
time
45.88,73.067
soc
68,76
f1,f2,first_soc,front
112.553,11.7747,100,0
time
45.88,73.067
soc
68,76
f1,f2,first_soc,front
112.391,11.9595,100,0
time
45.88,95.8371
soc
70,38
f1,f2,first_soc,front
112.391,11.9595,100,0
time
45.88,95.332
soc
69,38
f1,f2,first_soc,front
112.391,11.9595,100,0
time
45.88,95.8371
soc
70,38
f1,f2,first_soc,front
112.391,11.9595,100,0
time
45.88,95.332
soc
69,38
f1,f2,first_soc,front
112.391,11.9595,100,0
time
45.88,95.332
soc
69,38
f1,f2,first_soc,front
112.391,11.9595,100,0
time
45.88,95.8371
soc
70,38
f1,f2,first_soc,front
111.768,12.1847,100,0
time
45.88
soc
80
f1,f2,first_soc,front
111.768,12.1847,100,0
time
45.88
soc
80
f1,f2,first_soc,front
111.768,12.1847,100,0
time
45.88
soc
80
f1,f2,first_soc,front
112.618,11.7025,100,0
time
37.72,76.6159
soc
73,62
f1,f2,first_soc,front
111.768,12.1847,100,0
time
45.88
soc
80
f1,f2,first_soc,front
111.263,12.7622,100,0
time
45.88
soc
79
f1,f2,first_soc,front
111.263,12.7622,100,0
time
45.88
soc
79
f1,f2,first_soc,front
111.263,12.7622,100,0
time
45.88
soc
79
第9世代
f1,f2,first_soc,front
114.191,11.5601,100,0
time
44.52,82.6445,97.9634
soc
57,35,36
f1,f2,first_soc,front
104.068,22.4785,100,0
time
43.16,80.908
soc
64,38
f1,f2,first_soc,front
104.442,22.0511,100,0
time
43.16,62.5678
soc
60,67
f1,f2,first_soc,front
104.52,20.4708,100,0
time
44.52
soc
68
f1,f2,first_soc,front
111.768,12.1847,100,0
time
45.88
soc
80
f1,f2,first_soc,front
109.242,15.0722,100,0
time
45.88
soc
75
f1,f2,first_soc,front
107.222,17.3822,100,0
time
45.88
soc
71
f1,f2,first_soc,front
104.52,20.4708,100,0
time
44.52
soc
68
f1,f2,first_soc,front
105.025,19.8933,100,0
time
44.52
soc
69
f1,f2,first_soc,front
105.53,19.3158,100,0
time
44.52
soc
70
f1,f2,first_soc,front
111.263,12.7622,100,0
time
45.88
soc
79
f1,f2,first_soc,front
107.222,17.3822,100,0
time
45.88
soc
71
f1,f2,first_soc,front
106.717,17.9597,100,0
time
45.88
soc
70
f1,f2,first_soc,front
107.727,16.8047,100,0
time
45.88
soc
72
f1,f2,first_soc,front
108.737,15.6497,100,0
time
45.88
soc
74
f1,f2,first_soc,front
110.757,13.3397,100,0
time
45.88
soc
78
f1,f2,first_soc,front
108.055,16.4284,100,0
time
44.52
soc
75
f1,f2,first_soc,front
110.581,13.5409,100,0
time
44.52
soc
80
f1,f2,first_soc,front
110.252,13.9172,100,0
time
45.88
soc
77
f1,f2,first_soc,front
109.747,14.4947,100,0
time
45.88
soc
76
f1,f2,first_soc,front
109.242,15.0722,100,0
time
45.88
soc
75
f1,f2,first_soc,front
108.232,16.2272,100,0
time
45.88
soc
73
f1,f2,first_soc,front
108.561,15.8509,100,0
time
44.52
soc
76
f1,f2,first_soc,front
112.391,11.9595,100,0
time
45.88,95.332
soc
69,38
f1,f2,first_soc,front
113.123,11.5658,100,0
time
37.72,76.6159
soc
73,63
f1,f2,first_soc,front
106.212,18.5372,100,0
time
45.88
soc
69
f1,f2,first_soc,front
106.717,17.9597,100,0
time
45.88
soc
70
f1,f2,first_soc,front
105.707,19.1147,100,0
time
45.88
soc
68
f1,f2,first_soc,front
108.737,15.6497,100,0
time
45.88
soc
74
f1,f2,first_soc,front
111.263,12.7622,100,0
time
45.88
soc
79
f1,f2,first_soc,front
110.757,13.3397,100,0
time
45.88
soc
78
f1,f2,first_soc,front
106.212,18.5372,100,0
time
45.88
soc
69
f1,f2,first_soc,front
112.618,11.7025,100,0
time
37.72,76.6159
soc
73,62
f1,f2,first_soc,front
105.202,19.6922,100,0
time
45.88
soc
67
f1,f2,first_soc,front
109.571,14.6959,100,0
time
44.52
soc
78
f1,f2,first_soc,front
110.076,14.1184,100,0
time
44.52
soc
79
f1,f2,first_soc,front
105.202,19.6922,100,0
time
45.88
soc
67
f1,f2,first_soc,front
105.707,19.1147,100,0
time
45.88
soc
68
f1,f2,first_soc,front
106.717,17.9597,100,0
time
45.88
soc
70
f1,f2,first_soc,front
107.727,16.8047,100,0
time
45.88
soc
72
f1,f2,first_soc,front
111.263,12.7622,100,0
time
45.88
soc
79
f1,f2,first_soc,front
106.212,18.5372,100,0
time
45.88
soc
69
f1,f2,first_soc,front
106.212,18.5372,100,0
time
45.88
soc
69
f1,f2,first_soc,front
111.768,12.1847,100,0
time
45.88
soc
80
f1,f2,first_soc,front
113.08,11.6629,100,0
time
40.44,66.6787,80.7487
soc
54,44,55
f1,f2,first_soc,front
113.563,11.563,100,0
time
45.88,73.572
soc
69,78
f1,f2,first_soc,front
104.442,22.0511,100,0
time
43.16,62.0627
soc
59,67
f1,f2,first_soc,front
104.068,22.4785,100,0
time
43.16,80.908
soc
64,38
f1,f2,first_soc,front
104.068,22.4785,100,0
time
43.16,80.908
soc
64,38
f1,f2,first_soc,front
112.391,11.9595,100,0
time
45.88,95.8371
soc
70,38
f1,f2,first_soc,front
108.561,15.8509,100,0
time
44.52
soc
76
f1,f2,first_soc,front
110.581,13.5409,100,0
time
44.52
soc
80
f1,f2,first_soc,front
109.747,14.4947,100,0
time
45.88
soc
76
f1,f2,first_soc,front
108.055,16.4284,100,0
time
44.52
soc
75
f1,f2,first_soc,front
110.252,13.9172,100,0
time
45.88
soc
77
f1,f2,first_soc,front
105.025,19.8933,100,0
time
44.52
soc
69
f1,f2,first_soc,front
107.727,16.8047,100,0
time
45.88
soc
72
f1,f2,first_soc,front
109.571,14.6959,100,0
time
44.52
soc
78
f1,f2,first_soc,front
110.076,14.1184,100,0
time
44.52
soc
79
f1,f2,first_soc,front
113.815,11.5624,100,0
time
36.36,77.294
soc
74,62
f1,f2,first_soc,front
114.095,11.5615,100,0
time
39.08,64.4817,80.2487
soc
52,43,57
f1,f2,first_soc,front
113.563,11.563,100,0
time
45.88,73.572
soc
69,78
f1,f2,first_soc,front
113.815,11.5624,100,0
time
36.36,76.789
soc
73,62
f1,f2,first_soc,front
112.553,11.7747,100,0
time
45.88,73.067
soc
68,76
f1,f2,first_soc,front
111.768,12.1847,100,0
time
45.88
soc
80
f1,f2,first_soc,front
109.571,14.6959,100,0
time
44.52
soc
78
f1,f2,first_soc,front
110.076,14.1184,100,0
time
44.52
soc
79
f1,f2,first_soc,front
105.707,19.1147,100,0
time
45.88
soc
68
f1,f2,first_soc,front
108.232,16.2272,100,0
time
45.88
soc
73
f1,f2,first_soc,front
105.707,19.1147,100,0
time
45.88
soc
68
f1,f2,first_soc,front
108.737,15.6497,100,0
time
45.88
soc
74
f1,f2,first_soc,front
108.232,16.2272,100,0
time
45.88
soc
73
f1,f2,first_soc,front
110.757,13.3397,100,0
time
45.88
soc
78
f1,f2,first_soc,front
112.391,11.9595,100,0
time
45.88,95.8371
soc
70,38
f1,f2,first_soc,front
112.553,11.7747,100,0
time
45.88,73.067
soc
68,76
f1,f2,first_soc,front
113.08,11.6629,100,0
time
40.44,66.6787,80.2436
soc
54,43,55
f1,f2,first_soc,front
114.095,11.5615,100,0
time
39.08,64.9868,80.2487
soc
53,43,57
f1,f2,first_soc,front
114.191,11.5601,100,0
time
44.52,82.6445,97.9634
soc
57,35,36
f1,f2,first_soc,front
104.442,22.0511,100,0
time
43.16,62.5678
soc
60,67
f1,f2,first_soc,front
112.553,11.7747,100,0
time
45.88,73.067
soc
68,76
f1,f2,first_soc,front
112.618,11.7025,100,0
time
37.72,76.6159
soc
73,62
f1,f2,first_soc,front
112.618,11.7025,100,0
time
37.72,76.6159
soc
73,62
f1,f2,first_soc,front
114.191,11.5601,100,0
time
44.52,82.1395,97.9634
soc
56,35,36
f1,f2,first_soc,front
113.563,11.563,100,0
time
45.88,73.572
soc
69,78
f1,f2,first_soc,front
105.707,19.1147,100,0
time
45.88
soc
68
f1,f2,first_soc,front
105.707,19.1147,100,0
time
45.88
soc
68
f1,f2,first_soc,front
105.707,19.1147,100,0
time
45.88
soc
68
f1,f2,first_soc,front
105.707,19.1147,100,0
time
45.88
soc
68
f1,f2,first_soc,front
105.707,19.1147,100,0
time
45.88
soc
68
f1,f2,first_soc,front
105.707,19.1147,100,0
time
45.88
soc
68
f1,f2,first_soc,front
105.707,19.1147,100,0
time
45.88
soc
68
f1,f2,first_soc,front
113.08,11.6629,100,0
time
40.44,66.6787,80.2436
soc
54,43,55
f1,f2,first_soc,front
105.707,19.1147,100,0
time
45.88
soc
68
f1,f2,first_soc,front
105.707,19.1147,100,0
time
45.88
soc
68
f1,f2,first_soc,front
105.707,19.1147,100,0
time
45.88
soc
68
f1,f2,first_soc,front
105.707,19.1147,100,0
time
45.88
soc
68
f1,f2,first_soc,front
105.707,19.1147,100,0
time
45.88
soc
68
f1,f2,first_soc,front
113.08,11.6629,100,0
time
40.44,66.6787,80.2436
soc
54,43,55
f1,f2,first_soc,front
105.707,19.1147,100,0
time
45.88
soc
68
f1,f2,first_soc,front
105.707,19.1147,100,0
time
45.88
soc
68
f1,f2,first_soc,front
105.707,19.1147,100,0
time
45.88
soc
68
f1,f2,first_soc,front
105.707,19.1147,100,0
time
45.88
soc
68
f1,f2,first_soc,front
113.563,11.563,100,0
time
45.88,73.067
soc
68,78
f1,f2,first_soc,front
105.707,19.1147,100,0
time
45.88
soc
68
f1,f2,first_soc,front
105.707,19.1147,100,0
time
45.88
soc
68
f1,f2,first_soc,front
105.707,19.1147,100,0
time
45.88
soc
68
f1,f2,first_soc,front
105.707,19.1147,100,0
time
45.88
soc
68
f1,f2,first_soc,front
105.707,19.1147,100,0
time
45.88
soc
68
f1,f2,first_soc,front
105.707,19.1147,100,0
time
45.88
soc
68
f1,f2,first_soc,front
105.707,19.1147,100,0
time
45.88
soc
68
f1,f2,first_soc,front
105.707,19.1147,100,0
time
45.88
soc
68
f1,f2,first_soc,front
105.707,19.1147,100,0
time
45.88
soc
68
f1,f2,first_soc,front
105.707,19.1147,100,0
time
45.88
soc
68
f1,f2,first_soc,front
106.212,18.5372,100,0
time
45.88
soc
69
f1,f2,first_soc,front
106.212,18.5372,100,0
time
45.88
soc
69
f1,f2,first_soc,front
106.212,18.5372,100,0
time
45.88
soc
69
f1,f2,first_soc,front
106.212,18.5372,100,0
time
45.88
soc
69
f1,f2,first_soc,front
106.212,18.5372,100,0
time
45.88
soc
69
f1,f2,first_soc,front
106.212,18.5372,100,0
time
45.88
soc
69
f1,f2,first_soc,front
106.212,18.5372,100,0
time
45.88
soc
69
f1,f2,first_soc,front
106.212,18.5372,100,0
time
45.88
soc
69
f1,f2,first_soc,front
106.212,18.5372,100,0
time
45.88
soc
69
f1,f2,first_soc,front
106.212,18.5372,100,0
time
45.88
soc
69
f1,f2,first_soc,front
106.212,18.5372,100,0
time
45.88
soc
69
f1,f2,first_soc,front
106.212,18.5372,100,0
time
45.88
soc
69
f1,f2,first_soc,front
106.212,18.5372,100,0
time
45.88
soc
69
f1,f2,first_soc,front
106.212,18.5372,100,0
time
45.88
soc
69
f1,f2,first_soc,front
106.212,18.5372,100,0
time
45.88
soc
69
f1,f2,first_soc,front
106.212,18.5372,100,0
time
45.88
soc
69
f1,f2,first_soc,front
106.212,18.5372,100,0
time
45.88
soc
69
f1,f2,first_soc,front
106.212,18.5372,100,0
time
45.88
soc
69
f1,f2,first_soc,front
106.212,18.5372,100,0
time
45.88
soc
69
f1,f2,first_soc,front
106.212,18.5372,100,0
time
45.88
soc
69
f1,f2,first_soc,front
106.212,18.5372,100,0
time
45.88
soc
69
f1,f2,first_soc,front
106.212,18.5372,100,0
time
45.88
soc
69
f1,f2,first_soc,front
106.212,18.5372,100,0
time
45.88
soc
69
f1,f2,first_soc,front
106.212,18.5372,100,0
time
45.88
soc
69
f1,f2,first_soc,front
106.212,18.5372,100,0
time
45.88
soc
69
f1,f2,first_soc,front
106.212,18.5372,100,0
time
45.88
soc
69
f1,f2,first_soc,front
106.212,18.5372,100,0
time
45.88
soc
69
f1,f2,first_soc,front
105.707,19.1147,100,0
time
45.88
soc
68
f1,f2,first_soc,front
106.212,18.5372,100,0
time
45.88
soc
69
f1,f2,first_soc,front
106.212,18.5372,100,0
time
45.88
soc
69
f1,f2,first_soc,front
106.212,18.5372,100,0
time
45.88
soc
69
f1,f2,first_soc,front
106.212,18.5372,100,0
time
45.88
soc
69
f1,f2,first_soc,front
106.212,18.5372,100,0
time
45.88
soc
69
f1,f2,first_soc,front
106.212,18.5372,100,0
time
45.88
soc
69
f1,f2,first_soc,front
106.212,18.5372,100,0
time
45.88
soc
69
f1,f2,first_soc,front
104.068,22.4785,100,0
time
43.16,80.908
soc
64,38
f1,f2,first_soc,front
104.068,22.4785,100,0
time
43.16,80.908
soc
64,38
f1,f2,first_soc,front
104.068,22.4785,100,0
time
43.16,80.908
soc
64,38
f1,f2,first_soc,front
104.068,22.4785,100,0
time
43.16,80.908
soc
64,38
f1,f2,first_soc,front
104.068,22.4785,100,0
time
43.16,80.908
soc
64,38
f1,f2,first_soc,front
104.068,22.4785,100,0
time
43.16,80.908
soc
64,38
f1,f2,first_soc,front
104.068,22.4785,100,0
time
43.16,80.908
soc
64,38
f1,f2,first_soc,front
104.068,22.4785,100,0
time
43.16,80.908
soc
64,38
f1,f2,first_soc,front
104.068,22.4785,100,0
time
43.16,80.908
soc
64,38
f1,f2,first_soc,front
104.068,22.4785,100,0
time
43.16,80.908
soc
64,38
f1,f2,first_soc,front
104.068,22.4785,100,0
time
43.16,80.908
soc
64,38
f1,f2,first_soc,front
104.068,22.4785,100,0
time
43.16,80.908
soc
64,38
f1,f2,first_soc,front
104.068,22.4785,100,0
time
43.16,80.908
soc
64,38
f1,f2,first_soc,front
104.068,22.4785,100,0
time
43.16,80.908
soc
64,38
f1,f2,first_soc,front
104.068,22.4785,100,0
time
43.16,80.908
soc
64,38
f1,f2,first_soc,front
114.191,11.5601,100,0
time
44.52,82.6445,97.9634
soc
57,35,36
f1,f2,first_soc,front
114.191,11.5601,100,0
time
44.52,83.1496,98.4685
soc
58,36,36
f1,f2,first_soc,front
104.068,22.4785,100,0
time
43.16,80.908
soc
64,38
f1,f2,first_soc,front
114.191,11.5601,100,0
time
44.52,82.6445,97.9634
soc
57,35,36
f1,f2,first_soc,front
114.191,11.5601,100,0
time
44.52,82.1395,97.9634
soc
56,35,36
f1,f2,first_soc,front
104.068,22.4785,100,0
time
43.16,80.908
soc
64,38
f1,f2,first_soc,front
104.068,22.4785,100,0
time
43.16,80.908
soc
64,38
f1,f2,first_soc,front
104.068,22.4785,100,0
time
43.16,80.908
soc
64,38
f1,f2,first_soc,front
104.068,22.4785,100,0
time
43.16,80.908
soc
64,38
f1,f2,first_soc,front
104.068,22.4785,100,0
time
43.16,80.908
soc
64,38
f1,f2,first_soc,front
104.068,22.4785,100,0
time
43.16,80.908
soc
64,38
f1,f2,first_soc,front
104.442,22.0511,100,0
time
43.16,62.0627
soc
59,67
f1,f2,first_soc,front
104.068,22.4785,100,0
time
43.16,80.908
soc
64,38
f1,f2,first_soc,front
104.068,22.4785,100,0
time
43.16,80.908
soc
64,38
f1,f2,first_soc,front
104.068,22.4785,100,0
time
43.16,80.908
soc
64,38
f1,f2,first_soc,front
104.068,22.4785,100,0
time
43.16,80.908
soc
64,38
f1,f2,first_soc,front
104.068,22.4785,100,0
time
43.16,80.908
soc
64,38
f1,f2,first_soc,front
104.068,22.4785,100,0
time
43.16,80.908
soc
64,38
f1,f2,first_soc,front
104.068,22.4785,100,0
time
43.16,80.908
soc
64,38
f1,f2,first_soc,front
113.815,11.5624,100,0
time
36.36,76.789
soc
73,62
f1,f2,first_soc,front
104.52,20.4708,100,0
time
44.52
soc
68
f1,f2,first_soc,front
114.191,11.5601,100,0
time
44.52,82.6445,97.9634
soc
57,35,36
f1,f2,first_soc,front
114.191,11.5601,100,0
time
44.52,82.1395,97.9634
soc
56,35,36
f1,f2,first_soc,front
114.191,11.5601,100,0
time
44.52,83.1496,98.4685
soc
58,36,36
f1,f2,first_soc,front
105.202,19.6922,100,0
time
45.88
soc
67
f1,f2,first_soc,front
105.202,19.6922,100,0
time
45.88
soc
67
f1,f2,first_soc,front
105.202,19.6922,100,0
time
45.88
soc
67
f1,f2,first_soc,front
113.815,11.5624,100,0
time
36.36,77.7991
soc
75,62
f1,f2,first_soc,front
114.191,11.5601,100,0
time
44.52,82.1395,98.4685
soc
56,36,36
f1,f2,first_soc,front
113.815,11.5624,100,0
time
36.36,77.294
soc
74,62
f1,f2,first_soc,front
105.707,19.1147,100,0
time
45.88
soc
68
f1,f2,first_soc,front
105.707,19.1147,100,0
time
45.88
soc
68
f1,f2,first_soc,front
105.707,19.1147,100,0
time
45.88
soc
68
f1,f2,first_soc,front
105.707,19.1147,100,0
time
45.88
soc
68
f1,f2,first_soc,front
106.212,18.5372,100,0
time
45.88
soc
69
f1,f2,first_soc,front
105.707,19.1147,100,0
time
45.88
soc
68
f1,f2,first_soc,front
105.707,19.1147,100,0
time
45.88
soc
68
第10世代
f1,f2,first_soc,front
114.191,11.5601,100,0
time
44.52,82.6445,97.9634
soc
57,35,36
f1,f2,first_soc,front
104.068,22.4785,100,0
time
43.16,80.908
soc
64,38
f1,f2,first_soc,front
104.068,22.4785,100,0
time
43.16,80.908
soc
64,38
f1,f2,first_soc,front
104.442,22.0511,100,0
time
43.16,65.093
soc
65,67
f1,f2,first_soc,front
104.52,20.4708,100,0
time
44.52
soc
68
f1,f2,first_soc,front
111.768,12.1847,100,0
time
45.88
soc
80
f1,f2,first_soc,front
106.717,17.9597,100,0
time
45.88
soc
70
f1,f2,first_soc,front
107.222,17.3822,100,0
time
45.88
soc
71
f1,f2,first_soc,front
109.242,15.0722,100,0
time
45.88
soc
75
f1,f2,first_soc,front
104.697,20.2697,100,0
time
45.88
soc
66
f1,f2,first_soc,front
111.263,12.7622,100,0
time
45.88
soc
79
f1,f2,first_soc,front
111.263,12.7622,100,0
time
45.88
soc
79
f1,f2,first_soc,front
107.727,16.8047,100,0
time
45.88
soc
72
f1,f2,first_soc,front
106.717,17.9597,100,0
time
45.88
soc
70
f1,f2,first_soc,front
108.737,15.6497,100,0
time
45.88
soc
74
f1,f2,first_soc,front
110.757,13.3397,100,0
time
45.88
soc
78
f1,f2,first_soc,front
105.202,19.6922,100,0
time
45.88
soc
67
f1,f2,first_soc,front
107.727,16.8047,100,0
time
45.88
soc
72
f1,f2,first_soc,front
110.581,13.5409,100,0
time
44.52
soc
80
f1,f2,first_soc,front
109.747,14.4947,100,0
time
45.88
soc
76
f1,f2,first_soc,front
109.242,15.0722,100,0
time
45.88
soc
75
f1,f2,first_soc,front
110.252,13.9172,100,0
time
45.88
soc
77
f1,f2,first_soc,front
108.232,16.2272,100,0
time
45.88
soc
73
f1,f2,first_soc,front
108.561,15.8509,100,0
time
44.52
soc
76
f1,f2,first_soc,front
112.391,11.9595,100,0
time
45.88,95.8371
soc
70,38
f1,f2,first_soc,front
113.123,11.5658,100,0
time
37.72,76.6159
soc
73,63
f1,f2,first_soc,front
105.707,19.1147,100,0
time
45.88
soc
68
f1,f2,first_soc,front
106.212,18.5372,100,0
time
45.88
soc
69
f1,f2,first_soc,front
108.737,15.6497,100,0
time
45.88
soc
74
f1,f2,first_soc,front
110.757,13.3397,100,0
time
45.88
soc
78
f1,f2,first_soc,front
107.222,17.3822,100,0
time
45.88
soc
71
f1,f2,first_soc,front
106.212,18.5372,100,0
time
45.88
soc
69
f1,f2,first_soc,front
112.618,11.7025,100,0
time
37.72,76.6159
soc
73,62
f1,f2,first_soc,front
105.53,19.3158,100,0
time
44.52
soc
70
f1,f2,first_soc,front
108.055,16.4284,100,0
time
44.52
soc
75
f1,f2,first_soc,front
110.076,14.1184,100,0
time
44.52
soc
79
f1,f2,first_soc,front
109.571,14.6959,100,0
time
44.52
soc
78
f1,f2,first_soc,front
110.076,14.1184,100,0
time
44.52
soc
79
f1,f2,first_soc,front
105.53,19.3158,100,0
time
44.52
soc
70
f1,f2,first_soc,front
111.768,12.1847,100,0
time
45.88
soc
80
f1,f2,first_soc,front
105.707,19.1147,100,0
time
45.88
soc
68
f1,f2,first_soc,front
106.212,18.5372,100,0
time
45.88
soc
69
f1,f2,first_soc,front
107.222,17.3822,100,0
time
45.88
soc
71
f1,f2,first_soc,front
106.212,18.5372,100,0
time
45.88
soc
69
f1,f2,first_soc,front
113.08,11.6629,100,0
time
40.44,66.6787,80.2436
soc
54,43,55
f1,f2,first_soc,front
113.563,11.563,100,0
time
45.88,73.572
soc
69,78
f1,f2,first_soc,front
104.068,22.4785,100,0
time
43.16,80.908
soc
64,38
f1,f2,first_soc,front
104.068,22.4785,100,0
time
43.16,80.908
soc
64,38
f1,f2,first_soc,front
112.391,11.9595,100,0
time
45.88,95.332
soc
69,38
f1,f2,first_soc,front
109.747,14.4947,100,0
time
45.88
soc
76
f1,f2,first_soc,front
110.581,13.5409,100,0
time
44.52
soc
80
f1,f2,first_soc,front
104.52,20.4708,100,0
time
44.52
soc
68
f1,f2,first_soc,front
108.232,16.2272,100,0
time
45.88
soc
73
f1,f2,first_soc,front
108.561,15.8509,100,0
time
44.52
soc
76
f1,f2,first_soc,front
110.252,13.9172,100,0
time
45.88
soc
77
f1,f2,first_soc,front
105.202,19.6922,100,0
time
45.88
soc
67
f1,f2,first_soc,front
105.025,19.8933,100,0
time
44.52
soc
69
f1,f2,first_soc,front
112.553,11.7747,100,0
time
45.88,73.067
soc
68,76
f1,f2,first_soc,front
108.055,16.4284,100,0
time
44.52
soc
75
f1,f2,first_soc,front
105.025,19.8933,100,0
time
44.52
soc
69
f1,f2,first_soc,front
109.571,14.6959,100,0
time
44.52
soc
78
f1,f2,first_soc,front
113.815,11.5624,100,0
time
36.36,76.789
soc
73,62
f1,f2,first_soc,front
114.095,11.5615,100,0
time
39.08,64.9868,80.2487
soc
53,43,57
f1,f2,first_soc,front
113.563,11.563,100,0
time
45.88,73.572
soc
69,78
f1,f2,first_soc,front
113.815,11.5624,100,0
time
36.36,77.294
soc
74,62
f1,f2,first_soc,front
111.768,12.1847,100,0
time
45.88
soc
80
f1,f2,first_soc,front
105.707,19.1147,100,0
time
45.88
soc
68
f1,f2,first_soc,front
109.571,14.6959,100,0
time
44.52
soc
78
f1,f2,first_soc,front
108.055,16.4284,100,0
time
44.52
soc
75
f1,f2,first_soc,front
105.025,19.8933,100,0
time
44.52
soc
69
f1,f2,first_soc,front
110.757,13.3397,100,0
time
45.88
soc
78
f1,f2,first_soc,front
105.707,19.1147,100,0
time
45.88
soc
68
f1,f2,first_soc,front
105.025,19.8933,100,0
time
44.52
soc
69
f1,f2,first_soc,front
108.737,15.6497,100,0
time
45.88
soc
74
f1,f2,first_soc,front
112.391,11.9595,100,0
time
45.88,95.8371
soc
70,38
f1,f2,first_soc,front
113.08,11.6629,100,0
time
40.44,66.6787,80.2436
soc
54,43,55
f1,f2,first_soc,front
112.553,11.7747,100,0
time
45.88,73.067
soc
68,76
f1,f2,first_soc,front
112.618,11.7025,100,0
time
37.72,76.6159
soc
73,62
f1,f2,first_soc,front
114.095,11.5615,100,0
time
39.08,64.4817,80.2487
soc
52,43,57
f1,f2,first_soc,front
114.191,11.5601,100,0
time
44.52,82.1395,97.9634
soc
56,35,36
f1,f2,first_soc,front
114.095,11.5615,100,0
time
39.08,65.4918,80.2487
soc
54,43,57
f1,f2,first_soc,front
114.191,11.5601,100,0
time
44.52,82.6445,97.9634
soc
57,35,36
f1,f2,first_soc,front
113.563,11.563,100,0
time
45.88,73.067
soc
68,78
f1,f2,first_soc,front
105.707,19.1147,100,0
time
45.88
soc
68
f1,f2,first_soc,front
105.707,19.1147,100,0
time
45.88
soc
68
f1,f2,first_soc,front
105.707,19.1147,100,0
time
45.88
soc
68
f1,f2,first_soc,front
105.707,19.1147,100,0
time
45.88
soc
68
f1,f2,first_soc,front
105.707,19.1147,100,0
time
45.88
soc
68
f1,f2,first_soc,front
105.707,19.1147,100,0
time
45.88
soc
68
f1,f2,first_soc,front
105.707,19.1147,100,0
time
45.88
soc
68
f1,f2,first_soc,front
105.707,19.1147,100,0
time
45.88
soc
68
f1,f2,first_soc,front
105.707,19.1147,100,0
time
45.88
soc
68
f1,f2,first_soc,front
105.707,19.1147,100,0
time
45.88
soc
68
f1,f2,first_soc,front
105.707,19.1147,100,0
time
45.88
soc
68
f1,f2,first_soc,front
105.707,19.1147,100,0
time
45.88
soc
68
f1,f2,first_soc,front
105.707,19.1147,100,0
time
45.88
soc
68
f1,f2,first_soc,front
105.707,19.1147,100,0
time
45.88
soc
68
f1,f2,first_soc,front
105.707,19.1147,100,0
time
45.88
soc
68
f1,f2,first_soc,front
105.707,19.1147,100,0
time
45.88
soc
68
f1,f2,first_soc,front
113.815,11.5624,100,0
time
36.36,77.7991
soc
75,62
f1,f2,first_soc,front
105.707,19.1147,100,0
time
45.88
soc
68
f1,f2,first_soc,front
105.707,19.1147,100,0
time
45.88
soc
68
f1,f2,first_soc,front
105.707,19.1147,100,0
time
45.88
soc
68
f1,f2,first_soc,front
105.707,19.1147,100,0
time
45.88
soc
68
f1,f2,first_soc,front
105.707,19.1147,100,0
time
45.88
soc
68
f1,f2,first_soc,front
105.707,19.1147,100,0
time
45.88
soc
68
f1,f2,first_soc,front
105.707,19.1147,100,0
time
45.88
soc
68
f1,f2,first_soc,front
105.707,19.1147,100,0
time
45.88
soc
68
f1,f2,first_soc,front
105.707,19.1147,100,0
time
45.88
soc
68
f1,f2,first_soc,front
105.707,19.1147,100,0
time
45.88
soc
68
f1,f2,first_soc,front
105.707,19.1147,100,0
time
45.88
soc
68
f1,f2,first_soc,front
105.707,19.1147,100,0
time
45.88
soc
68
f1,f2,first_soc,front
105.707,19.1147,100,0
time
45.88
soc
68
f1,f2,first_soc,front
105.707,19.1147,100,0
time
45.88
soc
68
f1,f2,first_soc,front
114.095,11.5615,100,0
time
39.08,64.4817,80.2487
soc
52,43,57
f1,f2,first_soc,front
105.707,19.1147,100,0
time
45.88
soc
68
f1,f2,first_soc,front
105.707,19.1147,100,0
time
45.88
soc
68
f1,f2,first_soc,front
105.707,19.1147,100,0
time
45.88
soc
68
f1,f2,first_soc,front
105.707,19.1147,100,0
time
45.88
soc
68
f1,f2,first_soc,front
105.707,19.1147,100,0
time
45.88
soc
68
f1,f2,first_soc,front
105.707,19.1147,100,0
time
45.88
soc
68
f1,f2,first_soc,front
105.707,19.1147,100,0
time
45.88
soc
68
f1,f2,first_soc,front
105.707,19.1147,100,0
time
45.88
soc
68
f1,f2,first_soc,front
105.707,19.1147,100,0
time
45.88
soc
68
f1,f2,first_soc,front
105.707,19.1147,100,0
time
45.88
soc
68
f1,f2,first_soc,front
105.707,19.1147,100,0
time
45.88
soc
68
f1,f2,first_soc,front
105.707,19.1147,100,0
time
45.88
soc
68
f1,f2,first_soc,front
105.707,19.1147,100,0
time
45.88
soc
68
f1,f2,first_soc,front
105.707,19.1147,100,0
time
45.88
soc
68
f1,f2,first_soc,front
105.707,19.1147,100,0
time
45.88
soc
68
f1,f2,first_soc,front
113.815,11.5624,100,0
time
36.36,77.7991
soc
75,62
f1,f2,first_soc,front
113.815,11.5624,100,0
time
36.36,76.789
soc
73,62
f1,f2,first_soc,front
105.53,19.3158,100,0
time
44.52
soc
70
f1,f2,first_soc,front
105.707,19.1147,100,0
time
45.88
soc
68
f1,f2,first_soc,front
105.707,19.1147,100,0
time
45.88
soc
68
f1,f2,first_soc,front
105.707,19.1147,100,0
time
45.88
soc
68
f1,f2,first_soc,front
105.707,19.1147,100,0
time
45.88
soc
68
f1,f2,first_soc,front
105.707,19.1147,100,0
time
45.88
soc
68
f1,f2,first_soc,front
105.707,19.1147,100,0
time
45.88
soc
68
f1,f2,first_soc,front
105.707,19.1147,100,0
time
45.88
soc
68
f1,f2,first_soc,front
105.707,19.1147,100,0
time
45.88
soc
68
f1,f2,first_soc,front
105.707,19.1147,100,0
time
45.88
soc
68
f1,f2,first_soc,front
105.707,19.1147,100,0
time
45.88
soc
68
f1,f2,first_soc,front
105.707,19.1147,100,0
time
45.88
soc
68
f1,f2,first_soc,front
105.707,19.1147,100,0
time
45.88
soc
68
f1,f2,first_soc,front
105.707,19.1147,100,0
time
45.88
soc
68
f1,f2,first_soc,front
105.707,19.1147,100,0
time
45.88
soc
68
f1,f2,first_soc,front
113.815,11.5624,100,0
time
36.36,77.294
soc
74,62
f1,f2,first_soc,front
104.068,22.4785,100,0
time
43.16,80.908
soc
64,38
f1,f2,first_soc,front
104.068,22.4785,100,0
time
43.16,80.908
soc
64,38
f1,f2,first_soc,front
114.191,11.5601,100,0
time
44.52,82.6445,97.9634
soc
57,35,36
f1,f2,first_soc,front
114.191,11.5601,100,0
time
44.52,83.1496,98.4685
soc
58,36,36
f1,f2,first_soc,front
104.068,22.4785,100,0
time
43.16,80.908
soc
64,38
f1,f2,first_soc,front
104.068,22.4785,100,0
time
43.16,80.908
soc
64,38
f1,f2,first_soc,front
104.068,22.4785,100,0
time
43.16,80.908
soc
64,38
f1,f2,first_soc,front
104.068,22.4785,100,0
time
43.16,80.908
soc
64,38
f1,f2,first_soc,front
104.068,22.4785,100,0
time
43.16,80.908
soc
64,38
f1,f2,first_soc,front
104.068,22.4785,100,0
time
43.16,80.908
soc
64,38
f1,f2,first_soc,front
104.068,22.4785,100,0
time
43.16,80.908
soc
64,38
f1,f2,first_soc,front
104.068,22.4785,100,0
time
43.16,80.908
soc
64,38
f1,f2,first_soc,front
104.068,22.4785,100,0
time
43.16,80.908
soc
64,38
f1,f2,first_soc,front
104.068,22.4785,100,0
time
43.16,80.908
soc
64,38
f1,f2,first_soc,front
104.068,22.4785,100,0
time
43.16,80.908
soc
64,38
f1,f2,first_soc,front
104.068,22.4785,100,0
time
43.16,80.908
soc
64,38
f1,f2,first_soc,front
104.068,22.4785,100,0
time
43.16,80.908
soc
64,38
f1,f2,first_soc,front
104.068,22.4785,100,0
time
43.16,80.908
soc
64,38
f1,f2,first_soc,front
104.068,22.4785,100,0
time
43.16,80.908
soc
64,38
f1,f2,first_soc,front
104.068,22.4785,100,0
time
43.16,80.908
soc
64,38
f1,f2,first_soc,front
104.068,22.4785,100,0
time
43.16,80.908
soc
64,38
f1,f2,first_soc,front
104.068,22.4785,100,0
time
43.16,80.908
soc
64,38
f1,f2,first_soc,front
104.068,22.4785,100,0
time
43.16,80.908
soc
64,38
f1,f2,first_soc,front
104.068,22.4785,100,0
time
43.16,80.908
soc
64,38
f1,f2,first_soc,front
104.068,22.4785,100,0
time
43.16,80.908
soc
64,38
f1,f2,first_soc,front
104.068,22.4785,100,0
time
43.16,80.908
soc
64,38
f1,f2,first_soc,front
104.068,22.4785,100,0
time
43.16,80.908
soc
64,38
f1,f2,first_soc,front
104.068,22.4785,100,0
time
43.16,80.908
soc
64,38
f1,f2,first_soc,front
104.068,22.4785,100,0
time
43.16,80.908
soc
64,38
f1,f2,first_soc,front
104.068,22.4785,100,0
time
43.16,80.908
soc
64,38
f1,f2,first_soc,front
104.068,22.4785,100,0
time
43.16,80.908
soc
64,38
f1,f2,first_soc,front
104.068,22.4785,100,0
time
43.16,80.908
soc
64,38
f1,f2,first_soc,front
114.191,11.5601,100,0
time
44.52,82.6445,97.9634
soc
57,35,36
f1,f2,first_soc,front
105.025,19.8933,100,0
time
44.52
soc
69
f1,f2,first_soc,front
114.191,11.5601,100,0
time
44.52,82.1395,97.9634
soc
56,35,36
f1,f2,first_soc,front
105.202,19.6922,100,0
time
45.88
soc
67
f1,f2,first_soc,front
105.202,19.6922,100,0
time
45.88
soc
67
f1,f2,first_soc,front
105.202,19.6922,100,0
time
45.88
soc
67
f1,f2,first_soc,front
105.202,19.6922,100,0
time
45.88
soc
67
f1,f2,first_soc,front
105.202,19.6922,100,0
time
45.88
soc
67
f1,f2,first_soc,front
105.202,19.6922,100,0
time
45.88
soc
67
f1,f2,first_soc,front
105.202,19.6922,100,0
time
45.88
soc
67
f1,f2,first_soc,front
105.202,19.6922,100,0
time
45.88
soc
67
f1,f2,first_soc,front
105.202,19.6922,100,0
time
45.88
soc
67
f1,f2,first_soc,front
105.202,19.6922,100,0
time
45.88
soc
67
f1,f2,first_soc,front
105.202,19.6922,100,0
time
45.88
soc
67
f1,f2,first_soc,front
114.191,11.5601,100,0
time
44.52,82.1395,97.9634
soc
56,35,36
f1,f2,first_soc,front
114.191,11.5601,100,0
time
44.52,82.1395,98.4685
soc
56,36,36
f1,f2,first_soc,front
105.025,19.8933,100,0
time
44.52
soc
69
f1,f2,first_soc,front
106.212,18.5372,100,0
time
45.88
soc
69
f1,f2,first_soc,front
114.191,11.5601,100,0
time
44.52,83.1496,98.4685
soc
58,36,36
f1,f2,first_soc,front
114.191,11.5601,100,0
time
44.52,82.6445,97.9634
soc
57,35,36
第11世代
f1,f2,first_soc,front
114.191,11.5601,100,0
time
44.52,82.6445,97.9634
soc
57,35,36
f1,f2,first_soc,front
104.068,22.4785,100,0
time
43.16,80.908
soc
64,38
f1,f2,first_soc,front
104.068,22.4785,100,0
time
43.16,80.908
soc
64,38
f1,f2,first_soc,front
104.52,20.4708,100,0
time
44.52
soc
68
f1,f2,first_soc,front
104.442,22.0511,100,0
time
43.16,65.093
soc
65,67
f1,f2,first_soc,front
111.768,12.1847,100,0
time
45.88
soc
80
f1,f2,first_soc,front
106.212,18.5372,100,0
time
45.88
soc
69
f1,f2,first_soc,front
106.717,17.9597,100,0
time
45.88
soc
70
f1,f2,first_soc,front
107.222,17.3822,100,0
time
45.88
soc
71
f1,f2,first_soc,front
109.242,15.0722,100,0
time
45.88
soc
75
f1,f2,first_soc,front
111.263,12.7622,100,0
time
45.88
soc
79
f1,f2,first_soc,front
111.263,12.7622,100,0
time
45.88
soc
79
f1,f2,first_soc,front
107.222,17.3822,100,0
time
45.88
soc
71
f1,f2,first_soc,front
106.717,17.9597,100,0
time
45.88
soc
70
f1,f2,first_soc,front
107.727,16.8047,100,0
time
45.88
soc
72
f1,f2,first_soc,front
107.727,16.8047,100,0
time
45.88
soc
72
f1,f2,first_soc,front
112.391,11.9595,100,0
time
45.88,95.8371
soc
70,38
f1,f2,first_soc,front
104.442,22.0511,100,0
time
43.16,65.093
soc
65,67
f1,f2,first_soc,front
108.737,15.6497,100,0
time
45.88
soc
74
f1,f2,first_soc,front
110.757,13.3397,100,0
time
45.88
soc
78
f1,f2,first_soc,front
108.055,16.4284,100,0
time
44.52
soc
75
f1,f2,first_soc,front
109.242,15.0722,100,0
time
45.88
soc
75
f1,f2,first_soc,front
110.581,13.5409,100,0
time
44.52
soc
80
f1,f2,first_soc,front
109.747,14.4947,100,0
time
45.88
soc
76
f1,f2,first_soc,front
110.076,14.1184,100,0
time
44.52
soc
79
f1,f2,first_soc,front
108.561,15.8509,100,0
time
44.52
soc
76
f1,f2,first_soc,front
108.737,15.6497,100,0
time
45.88
soc
74
f1,f2,first_soc,front
105.707,19.1147,100,0
time
45.88
soc
68
f1,f2,first_soc,front
110.757,13.3397,100,0
time
45.88
soc
78
f1,f2,first_soc,front
106.212,18.5372,100,0
time
45.88
soc
69
f1,f2,first_soc,front
113.123,11.5658,100,0
time
37.72,76.6159
soc
73,63
f1,f2,first_soc,front
105.025,19.8933,100,0
time
44.52
soc
69
f1,f2,first_soc,front
104.697,20.2697,100,0
time
45.88
soc
66
f1,f2,first_soc,front
108.232,16.2272,100,0
time
45.88
soc
73
f1,f2,first_soc,front
104.697,20.2697,100,0
time
45.88
soc
66
f1,f2,first_soc,front
109.571,14.6959,100,0
time
44.52
soc
78
f1,f2,first_soc,front
110.252,13.9172,100,0
time
45.88
soc
77
f1,f2,first_soc,front
111.768,12.1847,100,0
time
45.88
soc
80
f1,f2,first_soc,front
105.707,19.1147,100,0
time
45.88
soc
68
f1,f2,first_soc,front
106.212,18.5372,100,0
time
45.88
soc
69
f1,f2,first_soc,front
112.618,11.7025,100,0
time
37.72,76.6159
soc
73,62
f1,f2,first_soc,front
113.08,11.6629,100,0
time
40.44,66.6787,80.2436
soc
54,43,55
f1,f2,first_soc,front
113.563,11.563,100,0
time
45.88,73.067
soc
68,78
f1,f2,first_soc,front
104.068,22.4785,100,0
time
43.16,80.908
soc
64,38
f1,f2,first_soc,front
104.068,22.4785,100,0
time
43.16,80.908
soc
64,38
f1,f2,first_soc,front
108.561,15.8509,100,0
time
44.52
soc
76
f1,f2,first_soc,front
105.53,19.3158,100,0
time
44.52
soc
70
f1,f2,first_soc,front
108.055,16.4284,100,0
time
44.52
soc
75
f1,f2,first_soc,front
110.581,13.5409,100,0
time
44.52
soc
80
f1,f2,first_soc,front
109.747,14.4947,100,0
time
45.88
soc
76
f1,f2,first_soc,front
110.076,14.1184,100,0
time
44.52
soc
79
f1,f2,first_soc,front
105.53,19.3158,100,0
time
44.52
soc
70
f1,f2,first_soc,front
105.202,19.6922,100,0
time
45.88
soc
67
f1,f2,first_soc,front
109.571,14.6959,100,0
time
44.52
soc
78
f1,f2,first_soc,front
110.252,13.9172,100,0
time
45.88
soc
77
f1,f2,first_soc,front
112.391,11.9595,100,0
time
45.88,95.332
soc
69,38
f1,f2,first_soc,front
105.53,19.3158,100,0
time
44.52
soc
70
f1,f2,first_soc,front
108.232,16.2272,100,0
time
45.88
soc
73
f1,f2,first_soc,front
105.202,19.6922,100,0
time
45.88
soc
67
f1,f2,first_soc,front
105.025,19.8933,100,0
time
44.52
soc
69
f1,f2,first_soc,front
113.815,11.5624,100,0
time
36.36,77.7991
soc
75,62
f1,f2,first_soc,front
114.095,11.5615,100,0
time
39.08,64.9868,80.2487
soc
53,43,57
f1,f2,first_soc,front
104.52,20.4708,100,0
time
44.52
soc
68
f1,f2,first_soc,front
113.563,11.563,100,0
time
45.88,73.572
soc
69,78
f1,f2,first_soc,front
113.815,11.5624,100,0
time
36.36,77.7991
soc
75,62
f1,f2,first_soc,front
112.553,11.7747,100,0
time
45.88,73.067
soc
68,76
f1,f2,first_soc,front
111.768,12.1847,100,0
time
45.88
soc
80
f1,f2,first_soc,front
105.707,19.1147,100,0
time
45.88
soc
68
f1,f2,first_soc,front
108.232,16.2272,100,0
time
45.88
soc
73
f1,f2,first_soc,front
105.202,19.6922,100,0
time
45.88
soc
67
f1,f2,first_soc,front
105.025,19.8933,100,0
time
44.52
soc
69
f1,f2,first_soc,front
108.737,15.6497,100,0
time
45.88
soc
74
f1,f2,first_soc,front
109.571,14.6959,100,0
time
44.52
soc
78
f1,f2,first_soc,front
105.202,19.6922,100,0
time
45.88
soc
67
f1,f2,first_soc,front
110.757,13.3397,100,0
time
45.88
soc
78
f1,f2,first_soc,front
110.252,13.9172,100,0
time
45.88
soc
77
f1,f2,first_soc,front
105.707,19.1147,100,0
time
45.88
soc
68
f1,f2,first_soc,front
112.553,11.7747,100,0
time
45.88,73.067
soc
68,76
f1,f2,first_soc,front
113.08,11.6629,100,0
time
40.44,66.6787,80.2436
soc
54,43,55
f1,f2,first_soc,front
112.618,11.7025,100,0
time
37.72,77.1209
soc
74,62
f1,f2,first_soc,front
114.095,11.5615,100,0
time
39.08,64.4817,80.2487
soc
52,43,57
f1,f2,first_soc,front
114.191,11.5601,100,0
time
44.52,82.6445,97.9634
soc
57,35,36
f1,f2,first_soc,front
112.553,11.7747,100,0
time
45.88,73.067
soc
68,76
f1,f2,first_soc,front
113.123,11.5658,100,0
time
37.72,76.6159
soc
73,63
f1,f2,first_soc,front
114.095,11.5615,100,0
time
39.08,64.9868,80.2487
soc
53,43,57
f1,f2,first_soc,front
114.191,11.5601,100,0
time
44.52,82.6445,97.9634
soc
57,35,36
f1,f2,first_soc,front
113.815,11.5624,100,0
time
36.36,76.789
soc
73,62
f1,f2,first_soc,front
105.707,19.1147,100,0
time
45.88
soc
68
f1,f2,first_soc,front
105.53,19.3158,100,0
time
44.52
soc
70
f1,f2,first_soc,front
105.53,19.3158,100,0
time
44.52
soc
70
f1,f2,first_soc,front
105.53,19.3158,100,0
time
44.52
soc
70
f1,f2,first_soc,front
105.53,19.3158,100,0
time
44.52
soc
70
f1,f2,first_soc,front
114.095,11.5615,100,0
time
39.08,65.4918,80.2487
soc
54,43,57
f1,f2,first_soc,front
114.095,11.5615,100,0
time
39.08,65.4918,80.2487
soc
54,43,57
f1,f2,first_soc,front
114.095,11.5615,100,0
time
39.08,64.4817,80.2487
soc
52,43,57
f1,f2,first_soc,front
114.095,11.5615,100,0
time
39.08,64.4817,80.2487
soc
52,43,57
f1,f2,first_soc,front
105.707,19.1147,100,0
time
45.88
soc
68
f1,f2,first_soc,front
105.707,19.1147,100,0
time
45.88
soc
68
f1,f2,first_soc,front
105.707,19.1147,100,0
time
45.88
soc
68
f1,f2,first_soc,front
105.707,19.1147,100,0
time
45.88
soc
68
f1,f2,first_soc,front
105.707,19.1147,100,0
time
45.88
soc
68
f1,f2,first_soc,front
105.707,19.1147,100,0
time
45.88
soc
68
f1,f2,first_soc,front
105.707,19.1147,100,0
time
45.88
soc
68
f1,f2,first_soc,front
105.707,19.1147,100,0
time
45.88
soc
68
f1,f2,first_soc,front
105.202,19.6922,100,0
time
45.88
soc
67
f1,f2,first_soc,front
105.707,19.1147,100,0
time
45.88
soc
68
f1,f2,first_soc,front
105.707,19.1147,100,0
time
45.88
soc
68
f1,f2,first_soc,front
105.202,19.6922,100,0
time
45.88
soc
67
f1,f2,first_soc,front
105.202,19.6922,100,0
time
45.88
soc
67
f1,f2,first_soc,front
105.202,19.6922,100,0
time
45.88
soc
67
f1,f2,first_soc,front
105.202,19.6922,100,0
time
45.88
soc
67
f1,f2,first_soc,front
105.202,19.6922,100,0
time
45.88
soc
67
f1,f2,first_soc,front
105.202,19.6922,100,0
time
45.88
soc
67
f1,f2,first_soc,front
105.53,19.3158,100,0
time
44.52
soc
70
f1,f2,first_soc,front
105.202,19.6922,100,0
time
45.88
soc
67
f1,f2,first_soc,front
105.202,19.6922,100,0
time
45.88
soc
67
f1,f2,first_soc,front
105.202,19.6922,100,0
time
45.88
soc
67
f1,f2,first_soc,front
105.202,19.6922,100,0
time
45.88
soc
67
f1,f2,first_soc,front
114.095,11.5615,100,0
time
39.08,65.4918,80.2487
soc
54,43,57
f1,f2,first_soc,front
114.095,11.5615,100,0
time
39.08,64.4817,80.2487
soc
52,43,57
f1,f2,first_soc,front
105.707,19.1147,100,0
time
45.88
soc
68
f1,f2,first_soc,front
105.707,19.1147,100,0
time
45.88
soc
68
f1,f2,first_soc,front
105.707,19.1147,100,0
time
45.88
soc
68
f1,f2,first_soc,front
105.707,19.1147,100,0
time
45.88
soc
68
f1,f2,first_soc,front
105.707,19.1147,100,0
time
45.88
soc
68
f1,f2,first_soc,front
105.707,19.1147,100,0
time
45.88
soc
68
f1,f2,first_soc,front
105.707,19.1147,100,0
time
45.88
soc
68
f1,f2,first_soc,front
105.707,19.1147,100,0
time
45.88
soc
68
f1,f2,first_soc,front
105.707,19.1147,100,0
time
45.88
soc
68
f1,f2,first_soc,front
105.707,19.1147,100,0
time
45.88
soc
68
f1,f2,first_soc,front
105.707,19.1147,100,0
time
45.88
soc
68
f1,f2,first_soc,front
105.707,19.1147,100,0
time
45.88
soc
68
f1,f2,first_soc,front
105.707,19.1147,100,0
time
45.88
soc
68
f1,f2,first_soc,front
105.707,19.1147,100,0
time
45.88
soc
68
f1,f2,first_soc,front
105.707,19.1147,100,0
time
45.88
soc
68
f1,f2,first_soc,front
105.707,19.1147,100,0
time
45.88
soc
68
f1,f2,first_soc,front
105.707,19.1147,100,0
time
45.88
soc
68
f1,f2,first_soc,front
105.707,19.1147,100,0
time
45.88
soc
68
f1,f2,first_soc,front
105.707,19.1147,100,0
time
45.88
soc
68
f1,f2,first_soc,front
105.707,19.1147,100,0
time
45.88
soc
68
f1,f2,first_soc,front
105.707,19.1147,100,0
time
45.88
soc
68
f1,f2,first_soc,front
105.707,19.1147,100,0
time
45.88
soc
68
f1,f2,first_soc,front
105.707,19.1147,100,0
time
45.88
soc
68
f1,f2,first_soc,front
105.707,19.1147,100,0
time
45.88
soc
68
f1,f2,first_soc,front
105.707,19.1147,100,0
time
45.88
soc
68
f1,f2,first_soc,front
105.707,19.1147,100,0
time
45.88
soc
68
f1,f2,first_soc,front
105.707,19.1147,100,0
time
45.88
soc
68
f1,f2,first_soc,front
105.707,19.1147,100,0
time
45.88
soc
68
f1,f2,first_soc,front
105.707,19.1147,100,0
time
45.88
soc
68
f1,f2,first_soc,front
105.707,19.1147,100,0
time
45.88
soc
68
f1,f2,first_soc,front
105.707,19.1147,100,0
time
45.88
soc
68
f1,f2,first_soc,front
105.707,19.1147,100,0
time
45.88
soc
68
f1,f2,first_soc,front
105.707,19.1147,100,0
time
45.88
soc
68
f1,f2,first_soc,front
105.707,19.1147,100,0
time
45.88
soc
68
f1,f2,first_soc,front
104.068,22.4785,100,0
time
43.16,80.908
soc
64,38
f1,f2,first_soc,front
104.068,22.4785,100,0
time
43.16,80.908
soc
64,38
f1,f2,first_soc,front
104.068,22.4785,100,0
time
43.16,80.908
soc
64,38
f1,f2,first_soc,front
114.191,11.5601,100,0
time
44.52,82.6445,97.9634
soc
57,35,36
f1,f2,first_soc,front
114.191,11.5601,100,0
time
44.52,82.1395,98.4685
soc
56,36,36
f1,f2,first_soc,front
104.068,22.4785,100,0
time
43.16,80.908
soc
64,38
f1,f2,first_soc,front
104.068,22.4785,100,0
time
43.16,80.908
soc
64,38
f1,f2,first_soc,front
104.068,22.4785,100,0
time
43.16,80.908
soc
64,38
f1,f2,first_soc,front
104.068,22.4785,100,0
time
43.16,80.908
soc
64,38
f1,f2,first_soc,front
104.068,22.4785,100,0
time
43.16,80.908
soc
64,38
f1,f2,first_soc,front
104.068,22.4785,100,0
time
43.16,80.908
soc
64,38
f1,f2,first_soc,front
104.068,22.4785,100,0
time
43.16,80.908
soc
64,38
f1,f2,first_soc,front
104.068,22.4785,100,0
time
43.16,80.908
soc
64,38
f1,f2,first_soc,front
104.068,22.4785,100,0
time
43.16,80.908
soc
64,38
f1,f2,first_soc,front
104.068,22.4785,100,0
time
43.16,80.908
soc
64,38
f1,f2,first_soc,front
104.068,22.4785,100,0
time
43.16,80.908
soc
64,38
f1,f2,first_soc,front
104.068,22.4785,100,0
time
43.16,80.908
soc
64,38
f1,f2,first_soc,front
104.068,22.4785,100,0
time
43.16,80.908
soc
64,38
f1,f2,first_soc,front
114.191,11.5601,100,0
time
44.52,82.6445,97.9634
soc
57,35,36
f1,f2,first_soc,front
104.068,22.4785,100,0
time
43.16,80.908
soc
64,38
f1,f2,first_soc,front
104.068,22.4785,100,0
time
43.16,80.908
soc
64,38
f1,f2,first_soc,front
104.068,22.4785,100,0
time
43.16,80.908
soc
64,38
f1,f2,first_soc,front
104.068,22.4785,100,0
time
43.16,80.908
soc
64,38
f1,f2,first_soc,front
104.068,22.4785,100,0
time
43.16,80.908
soc
64,38
f1,f2,first_soc,front
104.068,22.4785,100,0
time
43.16,80.908
soc
64,38
f1,f2,first_soc,front
104.068,22.4785,100,0
time
43.16,80.908
soc
64,38
f1,f2,first_soc,front
104.068,22.4785,100,0
time
43.16,80.908
soc
64,38
f1,f2,first_soc,front
104.068,22.4785,100,0
time
43.16,80.908
soc
64,38
f1,f2,first_soc,front
104.068,22.4785,100,0
time
43.16,80.908
soc
64,38
f1,f2,first_soc,front
104.068,22.4785,100,0
time
43.16,80.908
soc
64,38
f1,f2,first_soc,front
104.068,22.4785,100,0
time
43.16,80.908
soc
64,38
f1,f2,first_soc,front
104.068,22.4785,100,0
time
43.16,80.908
soc
64,38
f1,f2,first_soc,front
104.068,22.4785,100,0
time
43.16,80.908
soc
64,38
f1,f2,first_soc,front
104.068,22.4785,100,0
time
43.16,80.908
soc
64,38
f1,f2,first_soc,front
105.025,19.8933,100,0
time
44.52
soc
69
f1,f2,first_soc,front
104.52,20.4708,100,0
time
44.52
soc
68
f1,f2,first_soc,front
104.52,20.4708,100,0
time
44.52
soc
68
f1,f2,first_soc,front
114.191,11.5601,100,0
time
44.52,82.1395,98.4685
soc
56,36,36
f1,f2,first_soc,front
114.191,11.5601,100,0
time
44.52,82.1395,97.9634
soc
56,35,36
f1,f2,first_soc,front
104.697,20.2697,100,0
time
45.88
soc
66
f1,f2,first_soc,front
114.191,11.5601,100,0
time
44.52,82.6445,97.9634
soc
57,35,36
f1,f2,first_soc,front
114.191,11.5601,100,0
time
44.52,83.1496,98.4685
soc
58,36,36
f1,f2,first_soc,front
105.025,19.8933,100,0
time
44.52
soc
69
f1,f2,first_soc,front
104.52,20.4708,100,0
time
44.52
soc
68
f1,f2,first_soc,front
105.025,19.8933,100,0
time
44.52
soc
69
f1,f2,first_soc,front
105.025,19.8933,100,0
time
44.52
soc
69
第12世代
f1,f2,first_soc,front
114.191,11.5601,100,0
time
44.52,82.6445,97.9634
soc
57,35,36
f1,f2,first_soc,front
104.068,22.4785,100,0
time
43.16,80.908
soc
64,38
f1,f2,first_soc,front
104.068,22.4785,100,0
time
43.16,80.908
soc
64,38
f1,f2,first_soc,front
104.442,22.0511,100,0
time
43.16,65.093
soc
65,67
f1,f2,first_soc,front
104.52,20.4708,100,0
time
44.52
soc
68
f1,f2,first_soc,front
107.222,17.3822,100,0
time
45.88
soc
71
f1,f2,first_soc,front
106.717,17.9597,100,0
time
45.88
soc
70
f1,f2,first_soc,front
108.737,15.6497,100,0
time
45.88
soc
74
f1,f2,first_soc,front
110.757,13.3397,100,0
time
45.88
soc
78
f1,f2,first_soc,front
111.263,12.7622,100,0
time
45.88
soc
79
f1,f2,first_soc,front
111.768,12.1847,100,0
time
45.88
soc
80
f1,f2,first_soc,front
106.717,17.9597,100,0
time
45.88
soc
70
f1,f2,first_soc,front
109.242,15.0722,100,0
time
45.88
soc
75
f1,f2,first_soc,front
107.727,16.8047,100,0
time
45.88
soc
72
f1,f2,first_soc,front
112.391,11.9595,100,0
time
45.88,95.332
soc
69,38
f1,f2,first_soc,front
111.768,12.1847,100,0
time
45.88
soc
80
f1,f2,first_soc,front
104.442,22.0511,100,0
time
43.16,65.093
soc
65,67
f1,f2,first_soc,front
104.697,20.2697,100,0
time
45.88
soc
66
f1,f2,first_soc,front
108.055,16.4284,100,0
time
44.52
soc
75
f1,f2,first_soc,front
110.252,13.9172,100,0
time
45.88
soc
77
f1,f2,first_soc,front
109.571,14.6959,100,0
time
44.52
soc
78
f1,f2,first_soc,front
108.561,15.8509,100,0
time
44.52
soc
76
f1,f2,first_soc,front
106.212,18.5372,100,0
time
45.88
soc
69
f1,f2,first_soc,front
105.707,19.1147,100,0
time
45.88
soc
68
f1,f2,first_soc,front
111.263,12.7622,100,0
time
45.88
soc
79
f1,f2,first_soc,front
106.212,18.5372,100,0
time
45.88
soc
69
f1,f2,first_soc,front
107.222,17.3822,100,0
time
45.88
soc
71
f1,f2,first_soc,front
105.025,19.8933,100,0
time
44.52
soc
69
f1,f2,first_soc,front
110.076,14.1184,100,0
time
44.52
soc
79
f1,f2,first_soc,front
110.581,13.5409,100,0
time
44.52
soc
80
f1,f2,first_soc,front
108.232,16.2272,100,0
time
45.88
soc
73
f1,f2,first_soc,front
109.747,14.4947,100,0
time
45.88
soc
76
f1,f2,first_soc,front
110.581,13.5409,100,0
time
44.52
soc
80
f1,f2,first_soc,front
106.212,18.5372,100,0
time
45.88
soc
69
f1,f2,first_soc,front
107.222,17.3822,100,0
time
45.88
soc
71
f1,f2,first_soc,front
109.242,15.0722,100,0
time
45.88
soc
75
f1,f2,first_soc,front
106.212,18.5372,100,0
time
45.88
soc
69
f1,f2,first_soc,front
111.263,12.7622,100,0
time
45.88
soc
79
f1,f2,first_soc,front
107.727,16.8047,100,0
time
45.88
soc
72
f1,f2,first_soc,front
105.707,19.1147,100,0
time
45.88
soc
68
f1,f2,first_soc,front
112.618,11.7025,100,0
time
37.72,77.1209
soc
74,62
f1,f2,first_soc,front
113.08,11.6629,100,0
time
40.44,66.6787,80.2436
soc
54,43,55
f1,f2,first_soc,front
113.123,11.5658,100,0
time
37.72,76.6159
soc
73,63
f1,f2,first_soc,front
113.563,11.563,100,0
time
45.88,73.572
soc
69,78
f1,f2,first_soc,front
104.068,22.4785,100,0
time
43.16,80.908
soc
64,38
f1,f2,first_soc,front
104.068,22.4785,100,0
time
43.16,80.908
soc
64,38
f1,f2,first_soc,front
110.252,13.9172,100,0
time
45.88
soc
77
f1,f2,first_soc,front
104.697,20.2697,100,0
time
45.88
soc
66
f1,f2,first_soc,front
110.757,13.3397,100,0
time
45.88
soc
78
f1,f2,first_soc,front
109.571,14.6959,100,0
time
44.52
soc
78
f1,f2,first_soc,front
108.737,15.6497,100,0
time
45.88
soc
74
f1,f2,first_soc,front
108.055,16.4284,100,0
time
44.52
soc
75
f1,f2,first_soc,front
108.561,15.8509,100,0
time
44.52
soc
76
f1,f2,first_soc,front
105.53,19.3158,100,0
time
44.52
soc
70
f1,f2,first_soc,front
105.202,19.6922,100,0
time
45.88
soc
67
f1,f2,first_soc,front
107.727,16.8047,100,0
time
45.88
soc
72
f1,f2,first_soc,front
109.242,15.0722,100,0
time
45.88
soc
75
f1,f2,first_soc,front
109.747,14.4947,100,0
time
45.88
soc
76
f1,f2,first_soc,front
108.232,16.2272,100,0
time
45.88
soc
73
f1,f2,first_soc,front
112.391,11.9595,100,0
time
45.88,95.8371
soc
70,38
f1,f2,first_soc,front
105.025,19.8933,100,0
time
44.52
soc
69
f1,f2,first_soc,front
105.202,19.6922,100,0
time
45.88
soc
67
f1,f2,first_soc,front
105.53,19.3158,100,0
time
44.52
soc
70
f1,f2,first_soc,front
110.076,14.1184,100,0
time
44.52
soc
79
f1,f2,first_soc,front
113.815,11.5624,100,0
time
36.36,77.7991
soc
75,62
f1,f2,first_soc,front
114.095,11.5615,100,0
time
39.08,63.9767,80.2487
soc
51,43,57
f1,f2,first_soc,front
113.563,11.563,100,0
time
45.88,73.067
soc
68,78
f1,f2,first_soc,front
113.815,11.5624,100,0
time
36.36,77.7991
soc
75,62
f1,f2,first_soc,front
112.553,11.7747,100,0
time
45.88,73.067
soc
68,76
f1,f2,first_soc,front
112.553,11.7747,100,0
time
45.88,73.067
soc
68,76
f1,f2,first_soc,front
104.52,20.4708,100,0
time
44.52
soc
68
f1,f2,first_soc,front
105.53,19.3158,100,0
time
44.52
soc
70
f1,f2,first_soc,front
105.707,19.1147,100,0
time
45.88
soc
68
f1,f2,first_soc,front
110.076,14.1184,100,0
time
44.52
soc
79
f1,f2,first_soc,front
105.025,19.8933,100,0
time
44.52
soc
69
f1,f2,first_soc,front
105.202,19.6922,100,0
time
45.88
soc
67
f1,f2,first_soc,front
105.202,19.6922,100,0
time
45.88
soc
67
f1,f2,first_soc,front
104.52,20.4708,100,0
time
44.52
soc
68
f1,f2,first_soc,front
109.747,14.4947,100,0
time
45.88
soc
76
f1,f2,first_soc,front
105.53,19.3158,100,0
time
44.52
soc
70
f1,f2,first_soc,front
105.707,19.1147,100,0
time
45.88
soc
68
f1,f2,first_soc,front
108.232,16.2272,100,0
time
45.88
soc
73
f1,f2,first_soc,front
113.123,11.5658,100,0
time
37.72,76.6159
soc
73,63
f1,f2,first_soc,front
112.618,11.7025,100,0
time
37.72,77.1209
soc
74,62
f1,f2,first_soc,front
114.095,11.5615,100,0
time
39.08,64.4817,80.2487
soc
52,43,57
f1,f2,first_soc,front
114.191,11.5601,100,0
time
44.52,82.1395,98.4685
soc
56,36,36
f1,f2,first_soc,front
113.08,11.6629,100,0
time
40.44,66.6787,80.2436
soc
54,43,55
f1,f2,first_soc,front
113.08,11.6629,100,0
time
40.44,66.6787,80.2436
soc
54,43,55
f1,f2,first_soc,front
104.52,20.4708,100,0
time
44.52
soc
68
f1,f2,first_soc,front
114.095,11.5615,100,0
time
39.08,65.4918,80.2487
soc
54,43,57
f1,f2,first_soc,front
114.191,11.5601,100,0
time
44.52,82.6445,97.9634
soc
57,35,36
f1,f2,first_soc,front
113.815,11.5624,100,0
time
36.36,77.7991
soc
75,62
f1,f2,first_soc,front
105.202,19.6922,100,0
time
45.88
soc
67
f1,f2,first_soc,front
105.202,19.6922,100,0
time
45.88
soc
67
f1,f2,first_soc,front
105.202,19.6922,100,0
time
45.88
soc
67
f1,f2,first_soc,front
114.095,11.5615,100,0
time
39.08,64.4817,80.2487
soc
52,43,57
f1,f2,first_soc,front
105.202,19.6922,100,0
time
45.88
soc
67
f1,f2,first_soc,front
105.202,19.6922,100,0
time
45.88
soc
67
f1,f2,first_soc,front
105.202,19.6922,100,0
time
45.88
soc
67
f1,f2,first_soc,front
105.202,19.6922,100,0
time
45.88
soc
67
f1,f2,first_soc,front
105.202,19.6922,100,0
time
45.88
soc
67
f1,f2,first_soc,front
105.202,19.6922,100,0
time
45.88
soc
67
f1,f2,first_soc,front
105.202,19.6922,100,0
time
45.88
soc
67
f1,f2,first_soc,front
105.202,19.6922,100,0
time
45.88
soc
67
f1,f2,first_soc,front
105.202,19.6922,100,0
time
45.88
soc
67
f1,f2,first_soc,front
105.202,19.6922,100,0
time
45.88
soc
67
f1,f2,first_soc,front
105.202,19.6922,100,0
time
45.88
soc
67
f1,f2,first_soc,front
105.202,19.6922,100,0
time
45.88
soc
67
f1,f2,first_soc,front
114.095,11.5615,100,0
time
39.08,64.9868,80.2487
soc
53,43,57
f1,f2,first_soc,front
105.202,19.6922,100,0
time
45.88
soc
67
f1,f2,first_soc,front
105.202,19.6922,100,0
time
45.88
soc
67
f1,f2,first_soc,front
105.202,19.6922,100,0
time
45.88
soc
67
f1,f2,first_soc,front
105.202,19.6922,100,0
time
45.88
soc
67
f1,f2,first_soc,front
105.202,19.6922,100,0
time
45.88
soc
67
f1,f2,first_soc,front
105.202,19.6922,100,0
time
45.88
soc
67
f1,f2,first_soc,front
105.202,19.6922,100,0
time
45.88
soc
67
f1,f2,first_soc,front
105.202,19.6922,100,0
time
45.88
soc
67
f1,f2,first_soc,front
105.202,19.6922,100,0
time
45.88
soc
67
f1,f2,first_soc,front
105.202,19.6922,100,0
time
45.88
soc
67
f1,f2,first_soc,front
105.202,19.6922,100,0
time
45.88
soc
67
f1,f2,first_soc,front
114.095,11.5615,100,0
time
39.08,64.9868,80.2487
soc
53,43,57
f1,f2,first_soc,front
114.095,11.5615,100,0
time
39.08,65.4918,80.2487
soc
54,43,57
f1,f2,first_soc,front
114.095,11.5615,100,0
time
39.08,64.4817,80.2487
soc
52,43,57
f1,f2,first_soc,front
105.707,19.1147,100,0
time
45.88
soc
68
f1,f2,first_soc,front
105.707,19.1147,100,0
time
45.88
soc
68
f1,f2,first_soc,front
105.707,19.1147,100,0
time
45.88
soc
68
f1,f2,first_soc,front
105.707,19.1147,100,0
time
45.88
soc
68
f1,f2,first_soc,front
105.707,19.1147,100,0
time
45.88
soc
68
f1,f2,first_soc,front
105.707,19.1147,100,0
time
45.88
soc
68
f1,f2,first_soc,front
105.707,19.1147,100,0
time
45.88
soc
68
f1,f2,first_soc,front
105.707,19.1147,100,0
time
45.88
soc
68
f1,f2,first_soc,front
105.707,19.1147,100,0
time
45.88
soc
68
f1,f2,first_soc,front
105.707,19.1147,100,0
time
45.88
soc
68
f1,f2,first_soc,front
105.707,19.1147,100,0
time
45.88
soc
68
f1,f2,first_soc,front
105.707,19.1147,100,0
time
45.88
soc
68
f1,f2,first_soc,front
105.707,19.1147,100,0
time
45.88
soc
68
f1,f2,first_soc,front
105.707,19.1147,100,0
time
45.88
soc
68
f1,f2,first_soc,front
105.707,19.1147,100,0
time
45.88
soc
68
f1,f2,first_soc,front
105.707,19.1147,100,0
time
45.88
soc
68
f1,f2,first_soc,front
105.707,19.1147,100,0
time
45.88
soc
68
f1,f2,first_soc,front
105.707,19.1147,100,0
time
45.88
soc
68
f1,f2,first_soc,front
105.53,19.3158,100,0
time
44.52
soc
70
f1,f2,first_soc,front
114.095,11.5615,100,0
time
39.08,65.4918,80.2487
soc
54,43,57
f1,f2,first_soc,front
114.095,11.5615,100,0
time
39.08,64.4817,80.2487
soc
52,43,57
f1,f2,first_soc,front
114.095,11.5615,100,0
time
39.08,64.4817,80.2487
soc
52,43,57
f1,f2,first_soc,front
105.53,19.3158,100,0
time
44.52
soc
70
f1,f2,first_soc,front
105.53,19.3158,100,0
time
44.52
soc
70
f1,f2,first_soc,front
105.53,19.3158,100,0
time
44.52
soc
70
f1,f2,first_soc,front
105.53,19.3158,100,0
time
44.52
soc
70
f1,f2,first_soc,front
105.53,19.3158,100,0
time
44.52
soc
70
f1,f2,first_soc,front
105.025,19.8933,100,0
time
44.52
soc
69
f1,f2,first_soc,front
105.53,19.3158,100,0
time
44.52
soc
70
f1,f2,first_soc,front
105.53,19.3158,100,0
time
44.52
soc
70
f1,f2,first_soc,front
105.53,19.3158,100,0
time
44.52
soc
70
f1,f2,first_soc,front
105.53,19.3158,100,0
time
44.52
soc
70
f1,f2,first_soc,front
114.095,11.5615,100,0
time
39.08,64.9868,80.2487
soc
53,43,57
f1,f2,first_soc,front
114.095,11.5615,100,0
time
39.08,65.4918,80.2487
soc
54,43,57
f1,f2,first_soc,front
114.095,11.5615,100,0
time
39.08,64.4817,80.2487
soc
52,43,57
f1,f2,first_soc,front
105.707,19.1147,100,0
time
45.88
soc
68
f1,f2,first_soc,front
104.068,22.4785,100,0
time
43.16,80.908
soc
64,38
f1,f2,first_soc,front
104.068,22.4785,100,0
time
43.16,80.908
soc
64,38
f1,f2,first_soc,front
104.068,22.4785,100,0
time
43.16,80.908
soc
64,38
f1,f2,first_soc,front
104.068,22.4785,100,0
time
43.16,80.908
soc
64,38
f1,f2,first_soc,front
104.068,22.4785,100,0
time
43.16,80.908
soc
64,38
f1,f2,first_soc,front
114.191,11.5601,100,0
time
44.52,82.6445,97.9634
soc
57,35,36
f1,f2,first_soc,front
114.191,11.5601,100,0
time
44.52,82.6445,97.9634
soc
57,35,36
f1,f2,first_soc,front
104.068,22.4785,100,0
time
43.16,80.908
soc
64,38
f1,f2,first_soc,front
104.068,22.4785,100,0
time
43.16,80.908
soc
64,38
f1,f2,first_soc,front
104.068,22.4785,100,0
time
43.16,80.908
soc
64,38
f1,f2,first_soc,front
104.068,22.4785,100,0
time
43.16,80.908
soc
64,38
f1,f2,first_soc,front
104.068,22.4785,100,0
time
43.16,80.908
soc
64,38
f1,f2,first_soc,front
104.068,22.4785,100,0
time
43.16,80.908
soc
64,38
f1,f2,first_soc,front
104.068,22.4785,100,0
time
43.16,80.908
soc
64,38
f1,f2,first_soc,front
104.068,22.4785,100,0
time
43.16,80.908
soc
64,38
f1,f2,first_soc,front
104.068,22.4785,100,0
time
43.16,80.908
soc
64,38
f1,f2,first_soc,front
104.068,22.4785,100,0
time
43.16,80.908
soc
64,38
f1,f2,first_soc,front
104.068,22.4785,100,0
time
43.16,80.908
soc
64,38
f1,f2,first_soc,front
114.191,11.5601,100,0
time
44.52,82.6445,97.9634
soc
57,35,36
f1,f2,first_soc,front
104.068,22.4785,100,0
time
43.16,80.908
soc
64,38
f1,f2,first_soc,front
104.068,22.4785,100,0
time
43.16,80.908
soc
64,38
f1,f2,first_soc,front
104.068,22.4785,100,0
time
43.16,80.908
soc
64,38
f1,f2,first_soc,front
104.068,22.4785,100,0
time
43.16,80.908
soc
64,38
f1,f2,first_soc,front
104.068,22.4785,100,0
time
43.16,80.908
soc
64,38
f1,f2,first_soc,front
104.068,22.4785,100,0
time
43.16,80.908
soc
64,38
f1,f2,first_soc,front
104.068,22.4785,100,0
time
43.16,80.908
soc
64,38
f1,f2,first_soc,front
104.068,22.4785,100,0
time
43.16,80.908
soc
64,38
f1,f2,first_soc,front
104.068,22.4785,100,0
time
43.16,80.908
soc
64,38
f1,f2,first_soc,front
104.068,22.4785,100,0
time
43.16,80.908
soc
64,38
f1,f2,first_soc,front
104.068,22.4785,100,0
time
43.16,80.908
soc
64,38
f1,f2,first_soc,front
104.068,22.4785,100,0
time
43.16,80.908
soc
64,38
f1,f2,first_soc,front
104.068,22.4785,100,0
time
43.16,80.908
soc
64,38
f1,f2,first_soc,front
104.068,22.4785,100,0
time
43.16,80.908
soc
64,38
f1,f2,first_soc,front
104.068,22.4785,100,0
time
43.16,80.908
soc
64,38
f1,f2,first_soc,front
104.697,20.2697,100,0
time
45.88
soc
66
f1,f2,first_soc,front
114.191,11.5601,100,0
time
44.52,82.1395,98.4685
soc
56,36,36
f1,f2,first_soc,front
114.191,11.5601,100,0
time
44.52,82.6445,97.9634
soc
57,35,36
f1,f2,first_soc,front
114.191,11.5601,100,0
time
44.52,82.1395,97.9634
soc
56,35,36
f1,f2,first_soc,front
104.52,20.4708,100,0
time
44.52
soc
68
f1,f2,first_soc,front
104.52,20.4708,100,0
time
44.52
soc
68
f1,f2,first_soc,front
104.52,20.4708,100,0
time
44.52
soc
68
第13世代
f1,f2,first_soc,front
114.191,11.5601,100,0
time
44.52,82.1395,97.9634
soc
56,35,36
f1,f2,first_soc,front
104.068,22.4785,100,0
time
43.16,80.908
soc
64,38
f1,f2,first_soc,front
104.068,22.4785,100,0
time
43.16,80.908
soc
64,38
f1,f2,first_soc,front
104.442,22.0511,100,0
time
43.16,65.093
soc
65,67
f1,f2,first_soc,front
104.52,20.4708,100,0
time
44.52
soc
68
f1,f2,first_soc,front
106.212,18.5372,100,0
time
45.88
soc
69
f1,f2,first_soc,front
109.066,15.2734,100,0
time
44.52
soc
77
f1,f2,first_soc,front
110.757,13.3397,100,0
time
45.88
soc
78
f1,f2,first_soc,front
111.263,12.7622,100,0
time
45.88
soc
79
f1,f2,first_soc,front
106.54,18.1609,100,0
time
44.52
soc
72
f1,f2,first_soc,front
107.727,16.8047,100,0
time
45.88
soc
72
f1,f2,first_soc,front
112.391,11.9595,100,0
time
45.88,95.332
soc
69,38
f1,f2,first_soc,front
111.768,12.1847,100,0
time
45.88
soc
80
f1,f2,first_soc,front
106.717,17.9597,100,0
time
45.88
soc
70
f1,f2,first_soc,front
106.717,17.9597,100,0
time
45.88
soc
70
f1,f2,first_soc,front
108.737,15.6497,100,0
time
45.88
soc
74
f1,f2,first_soc,front
108.055,16.4284,100,0
time
44.52
soc
75
f1,f2,first_soc,front
104.697,20.2697,100,0
time
45.88
soc
66
f1,f2,first_soc,front
109.747,14.4947,100,0
time
45.88
soc
76
f1,f2,first_soc,front
110.252,13.9172,100,0
time
45.88
soc
77
f1,f2,first_soc,front
108.561,15.8509,100,0
time
44.52
soc
76
f1,f2,first_soc,front
106.212,18.5372,100,0
time
45.88
soc
69
f1,f2,first_soc,front
107.222,17.3822,100,0
time
45.88
soc
71
f1,f2,first_soc,front
105.707,19.1147,100,0
time
45.88
soc
68
f1,f2,first_soc,front
111.768,12.1847,100,0
time
45.88
soc
80
f1,f2,first_soc,front
111.263,12.7622,100,0
time
45.88
soc
79
f1,f2,first_soc,front
107.222,17.3822,100,0
time
45.88
soc
71
f1,f2,first_soc,front
105.025,19.8933,100,0
time
44.52
soc
69
f1,f2,first_soc,front
105.53,19.3158,100,0
time
44.52
soc
70
f1,f2,first_soc,front
109.242,15.0722,100,0
time
45.88
soc
75
f1,f2,first_soc,front
109.571,14.6959,100,0
time
44.52
soc
78
f1,f2,first_soc,front
110.076,14.1184,100,0
time
44.52
soc
79
f1,f2,first_soc,front
109.571,14.6959,100,0
time
44.52
soc
78
f1,f2,first_soc,front
108.232,16.2272,100,0
time
45.88
soc
73
f1,f2,first_soc,front
109.242,15.0722,100,0
time
45.88
soc
75
f1,f2,first_soc,front
107.222,17.3822,100,0
time
45.88
soc
71
f1,f2,first_soc,front
111.768,12.1847,100,0
time
45.88
soc
80
f1,f2,first_soc,front
107.727,16.8047,100,0
time
45.88
soc
72
f1,f2,first_soc,front
107.222,17.3822,100,0
time
45.88
soc
71
f1,f2,first_soc,front
111.263,12.7622,100,0
time
45.88
soc
79
f1,f2,first_soc,front
105.707,19.1147,100,0
time
45.88
soc
68
f1,f2,first_soc,front
112.618,11.7025,100,0
time
37.72,77.1209
soc
74,62
f1,f2,first_soc,front
104.442,22.0511,100,0
time
43.16,65.093
soc
65,67
f1,f2,first_soc,front
113.08,11.6629,100,0
time
40.44,66.6787,80.2436
soc
54,43,55
f1,f2,first_soc,front
113.563,11.563,100,0
time
45.88,73.067
soc
68,78
f1,f2,first_soc,front
113.123,11.5658,100,0
time
37.72,76.6159
soc
73,63
f1,f2,first_soc,front
104.068,22.4785,100,0
time
43.16,80.908
soc
64,38
f1,f2,first_soc,front
104.068,22.4785,100,0
time
43.16,80.908
soc
64,38
f1,f2,first_soc,front
110.757,13.3397,100,0
time
45.88
soc
78
f1,f2,first_soc,front
110.252,13.9172,100,0
time
45.88
soc
77
f1,f2,first_soc,front
109.747,14.4947,100,0
time
45.88
soc
76
f1,f2,first_soc,front
108.737,15.6497,100,0
time
45.88
soc
74
f1,f2,first_soc,front
108.561,15.8509,100,0
time
44.52
soc
76
f1,f2,first_soc,front
110.581,13.5409,100,0
time
44.52
soc
80
f1,f2,first_soc,front
104.697,20.2697,100,0
time
45.88
soc
66
f1,f2,first_soc,front
108.055,16.4284,100,0
time
44.52
soc
75
f1,f2,first_soc,front
105.202,19.6922,100,0
time
45.88
soc
67
f1,f2,first_soc,front
107.727,16.8047,100,0
time
45.88
soc
72
f1,f2,first_soc,front
110.581,13.5409,100,0
time
44.52
soc
80
f1,f2,first_soc,front
108.232,16.2272,100,0
time
45.88
soc
73
f1,f2,first_soc,front
112.553,11.7747,100,0
time
45.88,73.067
soc
68,76
f1,f2,first_soc,front
112.391,11.9595,100,0
time
45.88,95.8371
soc
70,38
f1,f2,first_soc,front
110.581,13.5409,100,0
time
44.52
soc
80
f1,f2,first_soc,front
105.025,19.8933,100,0
time
44.52
soc
69
f1,f2,first_soc,front
110.076,14.1184,100,0
time
44.52
soc
79
f1,f2,first_soc,front
105.53,19.3158,100,0
time
44.52
soc
70
f1,f2,first_soc,front
105.202,19.6922,100,0
time
45.88
soc
67
f1,f2,first_soc,front
113.815,11.5624,100,0
time
36.36,77.7991
soc
75,62
f1,f2,first_soc,front
114.095,11.5615,100,0
time
39.08,64.9868,80.2487
soc
53,43,57
f1,f2,first_soc,front
104.52,20.4708,100,0
time
44.52
soc
68
f1,f2,first_soc,front
113.563,11.563,100,0
time
45.88,73.572
soc
69,78
f1,f2,first_soc,front
113.815,11.5624,100,0
time
36.36,77.7991
soc
75,62
f1,f2,first_soc,front
110.076,14.1184,100,0
time
44.52
soc
79
f1,f2,first_soc,front
105.53,19.3158,100,0
time
44.52
soc
70
f1,f2,first_soc,front
105.707,19.1147,100,0
time
45.88
soc
68
f1,f2,first_soc,front
105.202,19.6922,100,0
time
45.88
soc
67
f1,f2,first_soc,front
105.025,19.8933,100,0
time
44.52
soc
69
f1,f2,first_soc,front
105.202,19.6922,100,0
time
45.88
soc
67
f1,f2,first_soc,front
105.707,19.1147,100,0
time
45.88
soc
68
f1,f2,first_soc,front
108.232,16.2272,100,0
time
45.88
soc
73
f1,f2,first_soc,front
104.52,20.4708,100,0
time
44.52
soc
68
f1,f2,first_soc,front
113.123,11.5658,100,0
time
37.72,76.6159
soc
73,63
f1,f2,first_soc,front
112.553,11.7747,100,0
time
45.88,73.067
soc
68,76
f1,f2,first_soc,front
112.618,11.7025,100,0
time
37.72,77.1209
soc
74,62
f1,f2,first_soc,front
114.095,11.5615,100,0
time
39.08,64.9868,80.2487
soc
53,43,57
f1,f2,first_soc,front
114.191,11.5601,100,0
time
44.52,82.6445,97.9634
soc
57,35,36
f1,f2,first_soc,front
113.08,11.6629,100,0
time
40.44,66.6787,80.2436
soc
54,43,55
f1,f2,first_soc,front
113.08,11.6629,100,0
time
40.44,66.6787,80.2436
soc
54,43,55
f1,f2,first_soc,front
114.095,11.5615,100,0
time
39.08,64.4817,80.2487
soc
52,43,57
f1,f2,first_soc,front
114.191,11.5601,100,0
time
44.52,82.6445,97.9634
soc
57,35,36
f1,f2,first_soc,front
113.815,11.5624,100,0
time
36.36,77.7991
soc
75,62
f1,f2,first_soc,front
105.202,19.6922,100,0
time
45.88
soc
67
f1,f2,first_soc,front
105.202,19.6922,100,0
time
45.88
soc
67
f1,f2,first_soc,front
105.202,19.6922,100,0
time
45.88
soc
67
f1,f2,first_soc,front
105.202,19.6922,100,0
time
45.88
soc
67
f1,f2,first_soc,front
105.202,19.6922,100,0
time
45.88
soc
67
f1,f2,first_soc,front
105.202,19.6922,100,0
time
45.88
soc
67
f1,f2,first_soc,front
105.202,19.6922,100,0
time
45.88
soc
67
f1,f2,first_soc,front
105.202,19.6922,100,0
time
45.88
soc
67
f1,f2,first_soc,front
105.202,19.6922,100,0
time
45.88
soc
67
f1,f2,first_soc,front
105.202,19.6922,100,0
time
45.88
soc
67
f1,f2,first_soc,front
105.202,19.6922,100,0
time
45.88
soc
67
f1,f2,first_soc,front
105.202,19.6922,100,0
time
45.88
soc
67
f1,f2,first_soc,front
105.202,19.6922,100,0
time
45.88
soc
67
f1,f2,first_soc,front
105.202,19.6922,100,0
time
45.88
soc
67
f1,f2,first_soc,front
105.202,19.6922,100,0
time
45.88
soc
67
f1,f2,first_soc,front
105.202,19.6922,100,0
time
45.88
soc
67
f1,f2,first_soc,front
105.202,19.6922,100,0
time
45.88
soc
67
f1,f2,first_soc,front
105.202,19.6922,100,0
time
45.88
soc
67
f1,f2,first_soc,front
105.202,19.6922,100,0
time
45.88
soc
67
f1,f2,first_soc,front
105.202,19.6922,100,0
time
45.88
soc
67
f1,f2,first_soc,front
105.202,19.6922,100,0
time
45.88
soc
67
f1,f2,first_soc,front
105.202,19.6922,100,0
time
45.88
soc
67
f1,f2,first_soc,front
105.202,19.6922,100,0
time
45.88
soc
67
f1,f2,first_soc,front
105.202,19.6922,100,0
time
45.88
soc
67
f1,f2,first_soc,front
114.095,11.5615,100,0
time
39.08,63.9767,80.2487
soc
51,43,57
f1,f2,first_soc,front
114.095,11.5615,100,0
time
39.08,65.4918,80.2487
soc
54,43,57
f1,f2,first_soc,front
114.095,11.5615,100,0
time
39.08,65.4918,80.2487
soc
54,43,57
f1,f2,first_soc,front
105.025,19.8933,100,0
time
44.52
soc
69
f1,f2,first_soc,front
105.025,19.8933,100,0
time
44.52
soc
69
f1,f2,first_soc,front
105.025,19.8933,100,0
time
44.52
soc
69
f1,f2,first_soc,front
105.025,19.8933,100,0
time
44.52
soc
69
f1,f2,first_soc,front
105.202,19.6922,100,0
time
45.88
soc
67
f1,f2,first_soc,front
105.202,19.6922,100,0
time
45.88
soc
67
f1,f2,first_soc,front
105.202,19.6922,100,0
time
45.88
soc
67
f1,f2,first_soc,front
105.202,19.6922,100,0
time
45.88
soc
67
f1,f2,first_soc,front
105.202,19.6922,100,0
time
45.88
soc
67
f1,f2,first_soc,front
105.202,19.6922,100,0
time
45.88
soc
67
f1,f2,first_soc,front
105.202,19.6922,100,0
time
45.88
soc
67
f1,f2,first_soc,front
105.202,19.6922,100,0
time
45.88
soc
67
f1,f2,first_soc,front
105.202,19.6922,100,0
time
45.88
soc
67
f1,f2,first_soc,front
105.202,19.6922,100,0
time
45.88
soc
67
f1,f2,first_soc,front
105.202,19.6922,100,0
time
45.88
soc
67
f1,f2,first_soc,front
105.202,19.6922,100,0
time
45.88
soc
67
f1,f2,first_soc,front
105.202,19.6922,100,0
time
45.88
soc
67
f1,f2,first_soc,front
114.095,11.5615,100,0
time
39.08,65.4918,80.2487
soc
54,43,57
f1,f2,first_soc,front
114.095,11.5615,100,0
time
39.08,64.9868,80.2487
soc
53,43,57
f1,f2,first_soc,front
105.53,19.3158,100,0
time
44.52
soc
70
f1,f2,first_soc,front
105.53,19.3158,100,0
time
44.52
soc
70
f1,f2,first_soc,front
114.095,11.5615,100,0
time
39.08,64.4817,80.2487
soc
52,43,57
f1,f2,first_soc,front
105.202,19.6922,100,0
time
45.88
soc
67
f1,f2,first_soc,front
105.202,19.6922,100,0
time
45.88
soc
67
f1,f2,first_soc,front
105.202,19.6922,100,0
time
45.88
soc
67
f1,f2,first_soc,front
105.202,19.6922,100,0
time
45.88
soc
67
f1,f2,first_soc,front
105.202,19.6922,100,0
time
45.88
soc
67
f1,f2,first_soc,front
105.202,19.6922,100,0
time
45.88
soc
67
f1,f2,first_soc,front
105.202,19.6922,100,0
time
45.88
soc
67
f1,f2,first_soc,front
105.202,19.6922,100,0
time
45.88
soc
67
f1,f2,first_soc,front
105.202,19.6922,100,0
time
45.88
soc
67
f1,f2,first_soc,front
105.202,19.6922,100,0
time
45.88
soc
67
f1,f2,first_soc,front
105.202,19.6922,100,0
time
45.88
soc
67
f1,f2,first_soc,front
114.095,11.5615,100,0
time
39.08,64.4817,80.2487
soc
52,43,57
f1,f2,first_soc,front
105.202,19.6922,100,0
time
45.88
soc
67
f1,f2,first_soc,front
105.202,19.6922,100,0
time
45.88
soc
67
f1,f2,first_soc,front
104.697,20.2697,100,0
time
45.88
soc
66
f1,f2,first_soc,front
104.068,22.4785,100,0
time
43.16,80.908
soc
64,38
f1,f2,first_soc,front
104.068,22.4785,100,0
time
43.16,80.908
soc
64,38
f1,f2,first_soc,front
104.068,22.4785,100,0
time
43.16,80.908
soc
64,38
f1,f2,first_soc,front
104.068,22.4785,100,0
time
43.16,80.908
soc
64,38
f1,f2,first_soc,front
104.068,22.4785,100,0
time
43.16,80.908
soc
64,38
f1,f2,first_soc,front
104.068,22.4785,100,0
time
43.16,80.908
soc
64,38
f1,f2,first_soc,front
104.068,22.4785,100,0
time
43.16,80.908
soc
64,38
f1,f2,first_soc,front
104.068,22.4785,100,0
time
43.16,80.908
soc
64,38
f1,f2,first_soc,front
104.068,22.4785,100,0
time
43.16,80.908
soc
64,38
f1,f2,first_soc,front
104.068,22.4785,100,0
time
43.16,80.908
soc
64,38
f1,f2,first_soc,front
104.068,22.4785,100,0
time
43.16,80.908
soc
64,38
f1,f2,first_soc,front
104.068,22.4785,100,0
time
43.16,80.908
soc
64,38
f1,f2,first_soc,front
114.191,11.5601,100,0
time
44.52,82.6445,97.9634
soc
57,35,36
f1,f2,first_soc,front
114.191,11.5601,100,0
time
44.52,82.1395,97.9634
soc
56,35,36
f1,f2,first_soc,front
104.068,22.4785,100,0
time
43.16,80.908
soc
64,38
f1,f2,first_soc,front
104.068,22.4785,100,0
time
43.16,80.908
soc
64,38
f1,f2,first_soc,front
104.068,22.4785,100,0
time
43.16,80.908
soc
64,38
f1,f2,first_soc,front
104.068,22.4785,100,0
time
43.16,80.908
soc
64,38
f1,f2,first_soc,front
104.068,22.4785,100,0
time
43.16,80.908
soc
64,38
f1,f2,first_soc,front
104.068,22.4785,100,0
time
43.16,80.908
soc
64,38
f1,f2,first_soc,front
104.068,22.4785,100,0
time
43.16,80.908
soc
64,38
f1,f2,first_soc,front
104.068,22.4785,100,0
time
43.16,80.908
soc
64,38
f1,f2,first_soc,front
104.068,22.4785,100,0
time
43.16,80.908
soc
64,38
f1,f2,first_soc,front
104.068,22.4785,100,0
time
43.16,80.908
soc
64,38
f1,f2,first_soc,front
104.068,22.4785,100,0
time
43.16,80.908
soc
64,38
f1,f2,first_soc,front
104.068,22.4785,100,0
time
43.16,80.908
soc
64,38
f1,f2,first_soc,front
104.068,22.4785,100,0
time
43.16,80.908
soc
64,38
f1,f2,first_soc,front
104.068,22.4785,100,0
time
43.16,80.908
soc
64,38
f1,f2,first_soc,front
104.068,22.4785,100,0
time
43.16,80.908
soc
64,38
f1,f2,first_soc,front
104.068,22.4785,100,0
time
43.16,80.908
soc
64,38
f1,f2,first_soc,front
104.068,22.4785,100,0
time
43.16,80.908
soc
64,38
f1,f2,first_soc,front
114.191,11.5601,100,0
time
44.52,82.6445,97.9634
soc
57,35,36
f1,f2,first_soc,front
114.191,11.5601,100,0
time
44.52,82.6445,97.9634
soc
57,35,36
f1,f2,first_soc,front
104.697,20.2697,100,0
time
45.88
soc
66
f1,f2,first_soc,front
104.697,20.2697,100,0
time
45.88
soc
66
f1,f2,first_soc,front
114.191,11.5601,100,0
time
44.52,82.1395,97.9634
soc
56,35,36
f1,f2,first_soc,front
114.191,11.5601,100,0
time
44.52,82.6445,97.9634
soc
57,35,36
f1,f2,first_soc,front
104.52,20.4708,100,0
time
44.52
soc
68
f1,f2,first_soc,front
104.52,20.4708,100,0
time
44.52
soc
68
f1,f2,first_soc,front
104.52,20.4708,100,0
time
44.52
soc
68
f1,f2,first_soc,front
104.52,20.4708,100,0
time
44.52
soc
68
f1,f2,first_soc,front
104.52,20.4708,100,0
time
44.52
soc
68
f1,f2,first_soc,front
104.52,20.4708,100,0
time
44.52
soc
68
f1,f2,first_soc,front
104.52,20.4708,100,0
time
44.52
soc
68
f1,f2,first_soc,front
104.52,20.4708,100,0
time
44.52
soc
68
第14世代
f1,f2,first_soc,front
114.191,11.5601,100,0
time
44.52,82.6445,97.9634
soc
57,35,36
f1,f2,first_soc,front
104.015,21.0483,100,0
time
44.52
soc
67
f1,f2,first_soc,front
107.222,17.3822,100,0
time
45.88
soc
71
f1,f2,first_soc,front
106.717,17.9597,100,0
time
45.88
soc
70
f1,f2,first_soc,front
109.066,15.2734,100,0
time
44.52
soc
77
f1,f2,first_soc,front
111.768,12.1847,100,0
time
45.88
soc
80
f1,f2,first_soc,front
110.757,13.3397,100,0
time
45.88
soc
78
f1,f2,first_soc,front
106.54,18.1609,100,0
time
44.52
soc
72
f1,f2,first_soc,front
107.55,17.0059,100,0
time
44.52
soc
74
f1,f2,first_soc,front
106.212,18.5372,100,0
time
45.88
soc
69
f1,f2,first_soc,front
112.391,11.9595,100,0
time
45.88,95.332
soc
69,38
f1,f2,first_soc,front
111.768,12.1847,100,0
time
45.88
soc
80
f1,f2,first_soc,front
104.52,20.4708,100,0
time
44.52
soc
68
f1,f2,first_soc,front
108.737,15.6497,100,0
time
45.88
soc
74
f1,f2,first_soc,front
107.727,16.8047,100,0
time
45.88
soc
72
f1,f2,first_soc,front
110.581,13.5409,100,0
time
44.52
soc
80
f1,f2,first_soc,front
109.242,15.0722,100,0
time
45.88
soc
75
f1,f2,first_soc,front
109.747,14.4947,100,0
time
45.88
soc
76
f1,f2,first_soc,front
108.232,16.2272,100,0
time
45.88
soc
73
f1,f2,first_soc,front
105.707,19.1147,100,0
time
45.88
soc
68
f1,f2,first_soc,front
104.52,20.4708,100,0
time
44.52
soc
68
f1,f2,first_soc,front
105.707,19.1147,100,0
time
45.88
soc
68
f1,f2,first_soc,front
111.263,12.7622,100,0
time
45.88
soc
79
f1,f2,first_soc,front
111.263,12.7622,100,0
time
45.88
soc
79
f1,f2,first_soc,front
105.53,19.3158,100,0
time
44.52
soc
70
f1,f2,first_soc,front
108.055,16.4284,100,0
time
44.52
soc
75
f1,f2,first_soc,front
110.076,14.1184,100,0
time
44.52
soc
79
f1,f2,first_soc,front
109.571,14.6959,100,0
time
44.52
soc
78
f1,f2,first_soc,front
108.561,15.8509,100,0
time
44.52
soc
76
f1,f2,first_soc,front
113.08,11.6629,100,0
time
40.44,66.6787,80.2436
soc
54,43,55
f1,f2,first_soc,front
108.055,16.4284,100,0
time
44.52
soc
75
f1,f2,first_soc,front
108.561,15.8509,100,0
time
44.52
soc
76
f1,f2,first_soc,front
109.571,14.6959,100,0
time
44.52
soc
78
f1,f2,first_soc,front
105.025,19.8933,100,0
time
44.52
soc
69
f1,f2,first_soc,front
106.212,18.5372,100,0
time
45.88
soc
69
f1,f2,first_soc,front
111.263,12.7622,100,0
time
45.88
soc
79
f1,f2,first_soc,front
111.263,12.7622,100,0
time
45.88
soc
79
f1,f2,first_soc,front
112.618,11.7025,100,0
time
37.72,77.1209
soc
74,62
f1,f2,first_soc,front
113.123,11.5658,100,0
time
37.72,76.6159
soc
73,63
f1,f2,first_soc,front
113.563,11.563,100,0
time
45.88,73.572
soc
69,78
f1,f2,first_soc,front
105.202,19.6922,100,0
time
45.88
soc
67
f1,f2,first_soc,front
105.025,19.8933,100,0
time
44.52
soc
69
f1,f2,first_soc,front
104.697,20.2697,100,0
time
45.88
soc
66
f1,f2,first_soc,front
110.252,13.9172,100,0
time
45.88
soc
77
f1,f2,first_soc,front
106.212,18.5372,100,0
time
45.88
soc
69
f1,f2,first_soc,front
107.222,17.3822,100,0
time
45.88
soc
71
f1,f2,first_soc,front
110.757,13.3397,100,0
time
45.88
soc
78
f1,f2,first_soc,front
108.737,15.6497,100,0
time
45.88
soc
74
f1,f2,first_soc,front
110.581,13.5409,100,0
time
44.52
soc
80
f1,f2,first_soc,front
109.747,14.4947,100,0
time
45.88
soc
76
f1,f2,first_soc,front
109.242,15.0722,100,0
time
45.88
soc
75
f1,f2,first_soc,front
108.232,16.2272,100,0
time
45.88
soc
73
f1,f2,first_soc,front
107.727,16.8047,100,0
time
45.88
soc
72
f1,f2,first_soc,front
106.717,17.9597,100,0
time
45.88
soc
70
f1,f2,first_soc,front
112.391,11.9595,100,0
time
45.88,95.8371
soc
70,38
f1,f2,first_soc,front
110.252,13.9172,100,0
time
45.88
soc
77
f1,f2,first_soc,front
105.202,19.6922,100,0
time
45.88
soc
67
f1,f2,first_soc,front
110.076,14.1184,100,0
time
44.52
soc
79
f1,f2,first_soc,front
105.53,19.3158,100,0
time
44.52
soc
70
f1,f2,first_soc,front
104.697,20.2697,100,0
time
45.88
soc
66
f1,f2,first_soc,front
107.222,17.3822,100,0
time
45.88
soc
71
f1,f2,first_soc,front
113.815,11.5624,100,0
time
36.36,77.7991
soc
75,62
f1,f2,first_soc,front
114.095,11.5615,100,0
time
39.08,64.9868,80.2487
soc
53,43,57
f1,f2,first_soc,front
113.815,11.5624,100,0
time
36.36,77.7991
soc
75,62
f1,f2,first_soc,front
113.563,11.563,100,0
time
45.88,73.067
soc
68,78
f1,f2,first_soc,front
105.53,19.3158,100,0
time
44.52
soc
70
f1,f2,first_soc,front
104.697,20.2697,100,0
time
45.88
soc
66
f1,f2,first_soc,front
110.076,14.1184,100,0
time
44.52
soc
79
f1,f2,first_soc,front
110.252,13.9172,100,0
time
45.88
soc
77
f1,f2,first_soc,front
105.202,19.6922,100,0
time
45.88
soc
67
f1,f2,first_soc,front
112.553,11.7747,100,0
time
45.88,73.067
soc
68,76
f1,f2,first_soc,front
105.707,19.1147,100,0
time
45.88
soc
68
f1,f2,first_soc,front
105.025,19.8933,100,0
time
44.52
soc
69
f1,f2,first_soc,front
110.252,13.9172,100,0
time
45.88
soc
77
f1,f2,first_soc,front
104.697,20.2697,100,0
time
45.88
soc
66
f1,f2,first_soc,front
105.202,19.6922,100,0
time
45.88
soc
67
f1,f2,first_soc,front
112.553,11.7747,100,0
time
45.88,73.067
soc
68,76
f1,f2,first_soc,front
113.123,11.5658,100,0
time
37.72,76.6159
soc
73,63
f1,f2,first_soc,front
112.553,11.7747,100,0
time
45.88,73.067
soc
68,76
f1,f2,first_soc,front
112.618,11.7025,100,0
time
37.72,77.626
soc
75,62
f1,f2,first_soc,front
114.095,11.5615,100,0
time
39.08,64.4817,80.2487
soc
52,43,57
f1,f2,first_soc,front
114.191,11.5601,100,0
time
44.52,82.1395,97.9634
soc
56,35,36
f1,f2,first_soc,front
113.08,11.6629,100,0
time
40.44,66.6787,80.2436
soc
54,43,55
f1,f2,first_soc,front
113.563,11.563,100,0
time
45.88,73.067
soc
68,78
f1,f2,first_soc,front
114.095,11.5615,100,0
time
39.08,63.9767,80.2487
soc
51,43,57
f1,f2,first_soc,front
114.191,11.5601,100,0
time
44.52,82.6445,97.9634
soc
57,35,36
f1,f2,first_soc,front
105.202,19.6922,100,0
time
45.88
soc
67
f1,f2,first_soc,front
105.202,19.6922,100,0
time
45.88
soc
67
f1,f2,first_soc,front
105.202,19.6922,100,0
time
45.88
soc
67
f1,f2,first_soc,front
105.202,19.6922,100,0
time
45.88
soc
67
f1,f2,first_soc,front
105.202,19.6922,100,0
time
45.88
soc
67
f1,f2,first_soc,front
105.202,19.6922,100,0
time
45.88
soc
67
f1,f2,first_soc,front
105.202,19.6922,100,0
time
45.88
soc
67
f1,f2,first_soc,front
105.202,19.6922,100,0
time
45.88
soc
67
f1,f2,first_soc,front
105.202,19.6922,100,0
time
45.88
soc
67
f1,f2,first_soc,front
105.202,19.6922,100,0
time
45.88
soc
67
f1,f2,first_soc,front
105.202,19.6922,100,0
time
45.88
soc
67
f1,f2,first_soc,front
105.202,19.6922,100,0
time
45.88
soc
67
f1,f2,first_soc,front
105.202,19.6922,100,0
time
45.88
soc
67
f1,f2,first_soc,front
105.202,19.6922,100,0
time
45.88
soc
67
f1,f2,first_soc,front
105.202,19.6922,100,0
time
45.88
soc
67
f1,f2,first_soc,front
105.202,19.6922,100,0
time
45.88
soc
67
f1,f2,first_soc,front
105.202,19.6922,100,0
time
45.88
soc
67
f1,f2,first_soc,front
105.202,19.6922,100,0
time
45.88
soc
67
f1,f2,first_soc,front
105.202,19.6922,100,0
time
45.88
soc
67
f1,f2,first_soc,front
105.202,19.6922,100,0
time
45.88
soc
67
f1,f2,first_soc,front
105.202,19.6922,100,0
time
45.88
soc
67
f1,f2,first_soc,front
105.202,19.6922,100,0
time
45.88
soc
67
f1,f2,first_soc,front
105.202,19.6922,100,0
time
45.88
soc
67
f1,f2,first_soc,front
105.202,19.6922,100,0
time
45.88
soc
67
f1,f2,first_soc,front
105.202,19.6922,100,0
time
45.88
soc
67
f1,f2,first_soc,front
105.202,19.6922,100,0
time
45.88
soc
67
f1,f2,first_soc,front
105.202,19.6922,100,0
time
45.88
soc
67
f1,f2,first_soc,front
105.202,19.6922,100,0
time
45.88
soc
67
f1,f2,first_soc,front
105.202,19.6922,100,0
time
45.88
soc
67
f1,f2,first_soc,front
105.202,19.6922,100,0
time
45.88
soc
67
f1,f2,first_soc,front
105.202,19.6922,100,0
time
45.88
soc
67
f1,f2,first_soc,front
105.202,19.6922,100,0
time
45.88
soc
67
f1,f2,first_soc,front
105.202,19.6922,100,0
time
45.88
soc
67
f1,f2,first_soc,front
105.202,19.6922,100,0
time
45.88
soc
67
f1,f2,first_soc,front
105.202,19.6922,100,0
time
45.88
soc
67
f1,f2,first_soc,front
105.202,19.6922,100,0
time
45.88
soc
67
f1,f2,first_soc,front
105.202,19.6922,100,0
time
45.88
soc
67
f1,f2,first_soc,front
105.202,19.6922,100,0
time
45.88
soc
67
f1,f2,first_soc,front
105.202,19.6922,100,0
time
45.88
soc
67
f1,f2,first_soc,front
105.202,19.6922,100,0
time
45.88
soc
67
f1,f2,first_soc,front
105.202,19.6922,100,0
time
45.88
soc
67
f1,f2,first_soc,front
105.202,19.6922,100,0
time
45.88
soc
67
f1,f2,first_soc,front
105.202,19.6922,100,0
time
45.88
soc
67
f1,f2,first_soc,front
105.202,19.6922,100,0
time
45.88
soc
67
f1,f2,first_soc,front
105.202,19.6922,100,0
time
45.88
soc
67
f1,f2,first_soc,front
105.202,19.6922,100,0
time
45.88
soc
67
f1,f2,first_soc,front
105.202,19.6922,100,0
time
45.88
soc
67
f1,f2,first_soc,front
105.202,19.6922,100,0
time
45.88
soc
67
f1,f2,first_soc,front
105.202,19.6922,100,0
time
45.88
soc
67
f1,f2,first_soc,front
105.202,19.6922,100,0
time
45.88
soc
67
f1,f2,first_soc,front
105.202,19.6922,100,0
time
45.88
soc
67
f1,f2,first_soc,front
105.202,19.6922,100,0
time
45.88
soc
67
f1,f2,first_soc,front
105.202,19.6922,100,0
time
45.88
soc
67
f1,f2,first_soc,front
105.202,19.6922,100,0
time
45.88
soc
67
f1,f2,first_soc,front
114.191,11.5601,100,0
time
44.52,82.6445,97.9634
soc
57,35,36
f1,f2,first_soc,front
105.025,19.8933,100,0
time
44.52
soc
69
f1,f2,first_soc,front
114.191,11.5601,100,0
time
44.52,82.6445,97.9634
soc
57,35,36
f1,f2,first_soc,front
114.191,11.5601,100,0
time
44.52,82.1395,97.9634
soc
56,35,36
f1,f2,first_soc,front
114.191,11.5601,100,0
time
44.52,82.6445,97.9634
soc
57,35,36
f1,f2,first_soc,front
114.191,11.5601,100,0
time
44.52,82.6445,97.9634
soc
57,35,36
f1,f2,first_soc,front
104.697,20.2697,100,0
time
45.88
soc
66
f1,f2,first_soc,front
104.697,20.2697,100,0
time
45.88
soc
66
f1,f2,first_soc,front
104.697,20.2697,100,0
time
45.88
soc
66
f1,f2,first_soc,front
104.697,20.2697,100,0
time
45.88
soc
66
f1,f2,first_soc,front
104.697,20.2697,100,0
time
45.88
soc
66
f1,f2,first_soc,front
104.697,20.2697,100,0
time
45.88
soc
66
f1,f2,first_soc,front
104.697,20.2697,100,0
time
45.88
soc
66
f1,f2,first_soc,front
114.191,11.5601,100,0
time
44.52,82.6445,97.9634
soc
57,35,36
f1,f2,first_soc,front
105.025,19.8933,100,0
time
44.52
soc
69
f1,f2,first_soc,front
114.191,11.5601,100,0
time
44.52,82.6445,97.9634
soc
57,35,36
f1,f2,first_soc,front
104.52,20.4708,100,0
time
44.52
soc
68
f1,f2,first_soc,front
104.52,20.4708,100,0
time
44.52
soc
68
f1,f2,first_soc,front
104.52,20.4708,100,0
time
44.52
soc
68
f1,f2,first_soc,front
104.52,20.4708,100,0
time
44.52
soc
68
f1,f2,first_soc,front
104.52,20.4708,100,0
time
44.52
soc
68
f1,f2,first_soc,front
104.52,20.4708,100,0
time
44.52
soc
68
f1,f2,first_soc,front
104.52,20.4708,100,0
time
44.52
soc
68
f1,f2,first_soc,front
104.52,20.4708,100,0
time
44.52
soc
68
f1,f2,first_soc,front
104.52,20.4708,100,0
time
44.52
soc
68
f1,f2,first_soc,front
104.52,20.4708,100,0
time
44.52
soc
68
f1,f2,first_soc,front
114.191,11.5601,100,0
time
44.52,82.6445,97.9634
soc
57,35,36
f1,f2,first_soc,front
114.191,11.5601,100,0
time
44.52,82.1395,97.9634
soc
56,35,36
f1,f2,first_soc,front
105.202,19.6922,100,0
time
45.88
soc
67
f1,f2,first_soc,front
105.202,19.6922,100,0
time
45.88
soc
67
f1,f2,first_soc,front
105.202,19.6922,100,0
time
45.88
soc
67
f1,f2,first_soc,front
105.202,19.6922,100,0
time
45.88
soc
67
f1,f2,first_soc,front
105.202,19.6922,100,0
time
45.88
soc
67
f1,f2,first_soc,front
105.202,19.6922,100,0
time
45.88
soc
67
f1,f2,first_soc,front
105.202,19.6922,100,0
time
45.88
soc
67
f1,f2,first_soc,front
105.202,19.6922,100,0
time
45.88
soc
67
f1,f2,first_soc,front
105.202,19.6922,100,0
time
45.88
soc
67
f1,f2,first_soc,front
105.202,19.6922,100,0
time
45.88
soc
67
f1,f2,first_soc,front
105.202,19.6922,100,0
time
45.88
soc
67
f1,f2,first_soc,front
105.202,19.6922,100,0
time
45.88
soc
67
f1,f2,first_soc,front
105.202,19.6922,100,0
time
45.88
soc
67
f1,f2,first_soc,front
105.202,19.6922,100,0
time
45.88
soc
67
f1,f2,first_soc,front
105.202,19.6922,100,0
time
45.88
soc
67
f1,f2,first_soc,front
105.202,19.6922,100,0
time
45.88
soc
67
f1,f2,first_soc,front
105.202,19.6922,100,0
time
45.88
soc
67
f1,f2,first_soc,front
105.202,19.6922,100,0
time
45.88
soc
67
f1,f2,first_soc,front
105.202,19.6922,100,0
time
45.88
soc
67
f1,f2,first_soc,front
105.202,19.6922,100,0
time
45.88
soc
67
f1,f2,first_soc,front
105.202,19.6922,100,0
time
45.88
soc
67
f1,f2,first_soc,front
105.202,19.6922,100,0
time
45.88
soc
67
f1,f2,first_soc,front
114.191,11.5601,100,0
time
44.52,83.1496,97.9634
soc
58,35,36
f1,f2,first_soc,front
114.191,11.5601,100,0
time
44.52,82.1395,98.4685
soc
56,36,36
f1,f2,first_soc,front
105.025,19.8933,100,0
time
44.52
soc
69
f1,f2,first_soc,front
105.025,19.8933,100,0
time
44.52
soc
69
f1,f2,first_soc,front
105.025,19.8933,100,0
time
44.52
soc
69
f1,f2,first_soc,front
108.737,15.6497,100,0
time
45.88
soc
74
f1,f2,first_soc,front
109.571,14.6959,100,0
time
44.52
soc
78
f1,f2,first_soc,front
111.263,12.7622,100,0
time
45.88
soc
79
f1,f2,first_soc,front
111.768,12.1847,100,0
time
45.88
soc
80
f1,f2,first_soc,front
109.242,15.0722,100,0
time
45.88
soc
75
第15世代
f1,f2,first_soc,front
104.015,21.0483,100,0
time
44.52
soc
67
f1,f2,first_soc,front
104.015,21.0483,100,0
time
44.52
soc
67
f1,f2,first_soc,front
113.949,11.5601,100,0
time
44.52,62.2841,91.8475
soc
49,70,52
f1,f2,first_soc,front
111.768,12.1847,100,0
time
45.88
soc
80
f1,f2,first_soc,front
106.212,18.5372,100,0
time
45.88
soc
69
f1,f2,first_soc,front
106.717,17.9597,100,0
time
45.88
soc
70
f1,f2,first_soc,front
111.263,12.7622,100,0
time
45.88
soc
79
f1,f2,first_soc,front
107.222,17.3822,100,0
time
45.88
soc
71
f1,f2,first_soc,front
112.391,11.9595,100,0
time
45.88,95.332
soc
69,38
f1,f2,first_soc,front
104.52,20.4708,100,0
time
44.52
soc
68
f1,f2,first_soc,front
105.707,19.1147,100,0
time
45.88
soc
68
f1,f2,first_soc,front
105.53,19.3158,100,0
time
44.52
soc
70
f1,f2,first_soc,front
108.055,16.4284,100,0
time
44.52
soc
75
f1,f2,first_soc,front
109.066,15.2734,100,0
time
44.52
soc
77
f1,f2,first_soc,front
109.571,14.6959,100,0
time
44.52
soc
78
f1,f2,first_soc,front
109.242,15.0722,100,0
time
45.88
soc
75
f1,f2,first_soc,front
110.076,14.1184,100,0
time
44.52
soc
79
f1,f2,first_soc,front
110.581,13.5409,100,0
time
44.52
soc
80
f1,f2,first_soc,front
108.561,15.8509,100,0
time
44.52
soc
76
f1,f2,first_soc,front
107.55,17.0059,100,0
time
44.52
soc
74
f1,f2,first_soc,front
106.212,18.5372,100,0
time
45.88
soc
69
f1,f2,first_soc,front
105.707,19.1147,100,0
time
45.88
soc
68
f1,f2,first_soc,front
110.757,13.3397,100,0
time
45.88
soc
78
f1,f2,first_soc,front
111.263,12.7622,100,0
time
45.88
soc
79
f1,f2,first_soc,front
107.727,16.8047,100,0
time
45.88
soc
72
f1,f2,first_soc,front
108.737,15.6497,100,0
time
45.88
soc
74
f1,f2,first_soc,front
106.54,18.1609,100,0
time
44.52
soc
72
f1,f2,first_soc,front
113.08,11.6629,100,0
time
40.44,66.6787,80.2436
soc
54,43,55
f1,f2,first_soc,front
108.232,16.2272,100,0
time
45.88
soc
73
f1,f2,first_soc,front
107.727,16.8047,100,0
time
45.88
soc
72
f1,f2,first_soc,front
110.252,13.9172,100,0
time
45.88
soc
77
f1,f2,first_soc,front
109.747,14.4947,100,0
time
45.88
soc
76
f1,f2,first_soc,front
105.025,19.8933,100,0
time
44.52
soc
69
f1,f2,first_soc,front
111.263,12.7622,100,0
time
45.88
soc
79
f1,f2,first_soc,front
110.757,13.3397,100,0
time
45.88
soc
78
f1,f2,first_soc,front
107.222,17.3822,100,0
time
45.88
soc
71
f1,f2,first_soc,front
111.768,12.1847,100,0
time
45.88
soc
80
f1,f2,first_soc,front
104.52,20.4708,100,0
time
44.52
soc
68
f1,f2,first_soc,front
112.618,11.7025,100,0
time
37.72,77.1209
soc
74,62
f1,f2,first_soc,front
113.123,11.5658,100,0
time
37.72,76.6159
soc
73,63
f1,f2,first_soc,front
113.563,11.563,100,0
time
45.88,73.067
soc
68,78
f1,f2,first_soc,front
105.202,19.6922,100,0
time
45.88
soc
67
f1,f2,first_soc,front
105.025,19.8933,100,0
time
44.52
soc
69
f1,f2,first_soc,front
104.697,20.2697,100,0
time
45.88
soc
66
f1,f2,first_soc,front
110.252,13.9172,100,0
time
45.88
soc
77
f1,f2,first_soc,front
109.747,14.4947,100,0
time
45.88
soc
76
f1,f2,first_soc,front
108.232,16.2272,100,0
time
45.88
soc
73
f1,f2,first_soc,front
107.222,17.3822,100,0
time
45.88
soc
71
f1,f2,first_soc,front
109.571,14.6959,100,0
time
44.52
soc
78
f1,f2,first_soc,front
108.561,15.8509,100,0
time
44.52
soc
76
f1,f2,first_soc,front
110.581,13.5409,100,0
time
44.52
soc
80
f1,f2,first_soc,front
110.076,14.1184,100,0
time
44.52
soc
79
f1,f2,first_soc,front
109.066,15.2734,100,0
time
44.52
soc
77
f1,f2,first_soc,front
108.055,16.4284,100,0
time
44.52
soc
75
f1,f2,first_soc,front
106.717,17.9597,100,0
time
45.88
soc
70
f1,f2,first_soc,front
107.55,17.0059,100,0
time
44.52
soc
74
f1,f2,first_soc,front
112.391,11.9595,100,0
time
45.88,95.8371
soc
70,38
f1,f2,first_soc,front
105.202,19.6922,100,0
time
45.88
soc
67
f1,f2,first_soc,front
106.54,18.1609,100,0
time
44.52
soc
72
f1,f2,first_soc,front
108.737,15.6497,100,0
time
45.88
soc
74
f1,f2,first_soc,front
104.697,20.2697,100,0
time
45.88
soc
66
f1,f2,first_soc,front
112.553,11.7747,100,0
time
45.88,73.067
soc
68,76
f1,f2,first_soc,front
113.563,11.563,100,0
time
45.88,73.067
soc
68,78
f1,f2,first_soc,front
113.815,11.5624,100,0
time
36.36,77.7991
soc
75,62
f1,f2,first_soc,front
111.768,12.1847,100,0
time
45.88
soc
80
f1,f2,first_soc,front
104.52,20.4708,100,0
time
44.52
soc
68
f1,f2,first_soc,front
104.697,20.2697,100,0
time
45.88
soc
66
f1,f2,first_soc,front
108.737,15.6497,100,0
time
45.88
soc
74
f1,f2,first_soc,front
110.757,13.3397,100,0
time
45.88
soc
78
f1,f2,first_soc,front
106.54,18.1609,100,0
time
44.52
soc
72
f1,f2,first_soc,front
109.242,15.0722,100,0
time
45.88
soc
75
f1,f2,first_soc,front
105.53,19.3158,100,0
time
44.52
soc
70
f1,f2,first_soc,front
105.202,19.6922,100,0
time
45.88
soc
67
f1,f2,first_soc,front
110.757,13.3397,100,0
time
45.88
soc
78
f1,f2,first_soc,front
105.202,19.6922,100,0
time
45.88
soc
67
f1,f2,first_soc,front
109.747,14.4947,100,0
time
45.88
soc
76
f1,f2,first_soc,front
109.242,15.0722,100,0
time
45.88
soc
75
f1,f2,first_soc,front
105.53,19.3158,100,0
time
44.52
soc
70
f1,f2,first_soc,front
105.025,19.8933,100,0
time
44.52
soc
69
f1,f2,first_soc,front
104.697,20.2697,100,0
time
45.88
soc
66
f1,f2,first_soc,front
110.252,13.9172,100,0
time
45.88
soc
77
f1,f2,first_soc,front
108.232,16.2272,100,0
time
45.88
soc
73
f1,f2,first_soc,front
112.553,11.7747,100,0
time
45.88,73.067
soc
68,76
f1,f2,first_soc,front
113.123,11.5658,100,0
time
37.72,76.6159
soc
73,63
f1,f2,first_soc,front
112.618,11.7025,100,0
time
37.72,77.626
soc
75,62
f1,f2,first_soc,front
113.815,11.5624,100,0
time
36.36,77.7991
soc
75,62
f1,f2,first_soc,front
113.08,11.6629,100,0
time
40.44,66.6787,80.2436
soc
54,43,55
f1,f2,first_soc,front
112.553,11.7747,100,0
time
45.88,73.067
soc
68,76
f1,f2,first_soc,front
113.563,11.563,100,0
time
45.88,73.067
soc
68,78
f1,f2,first_soc,front
105.202,19.6922,100,0
time
45.88
soc
67
f1,f2,first_soc,front
105.202,19.6922,100,0
time
45.88
soc
67
f1,f2,first_soc,front
105.202,19.6922,100,0
time
45.88
soc
67
f1,f2,first_soc,front
105.202,19.6922,100,0
time
45.88
soc
67
f1,f2,first_soc,front
105.202,19.6922,100,0
time
45.88
soc
67
f1,f2,first_soc,front
105.202,19.6922,100,0
time
45.88
soc
67
f1,f2,first_soc,front
105.202,19.6922,100,0
time
45.88
soc
67
f1,f2,first_soc,front
105.202,19.6922,100,0
time
45.88
soc
67
f1,f2,first_soc,front
104.52,20.4708,100,0
time
44.52
soc
68
f1,f2,first_soc,front
105.202,19.6922,100,0
time
45.88
soc
67
f1,f2,first_soc,front
105.202,19.6922,100,0
time
45.88
soc
67
f1,f2,first_soc,front
104.52,20.4708,100,0
time
44.52
soc
68
f1,f2,first_soc,front
104.52,20.4708,100,0
time
44.52
soc
68
f1,f2,first_soc,front
105.202,19.6922,100,0
time
45.88
soc
67
f1,f2,first_soc,front
105.202,19.6922,100,0
time
45.88
soc
67
f1,f2,first_soc,front
105.202,19.6922,100,0
time
45.88
soc
67
f1,f2,first_soc,front
105.202,19.6922,100,0
time
45.88
soc
67
f1,f2,first_soc,front
105.202,19.6922,100,0
time
45.88
soc
67
f1,f2,first_soc,front
105.202,19.6922,100,0
time
45.88
soc
67
f1,f2,first_soc,front
105.202,19.6922,100,0
time
45.88
soc
67
f1,f2,first_soc,front
105.202,19.6922,100,0
time
45.88
soc
67
f1,f2,first_soc,front
105.202,19.6922,100,0
time
45.88
soc
67
f1,f2,first_soc,front
105.202,19.6922,100,0
time
45.88
soc
67
f1,f2,first_soc,front
105.202,19.6922,100,0
time
45.88
soc
67
f1,f2,first_soc,front
105.202,19.6922,100,0
time
45.88
soc
67
f1,f2,first_soc,front
105.202,19.6922,100,0
time
45.88
soc
67
f1,f2,first_soc,front
105.202,19.6922,100,0
time
45.88
soc
67
f1,f2,first_soc,front
105.202,19.6922,100,0
time
45.88
soc
67
f1,f2,first_soc,front
105.202,19.6922,100,0
time
45.88
soc
67
f1,f2,first_soc,front
105.202,19.6922,100,0
time
45.88
soc
67
f1,f2,first_soc,front
105.202,19.6922,100,0
time
45.88
soc
67
f1,f2,first_soc,front
105.202,19.6922,100,0
time
45.88
soc
67
f1,f2,first_soc,front
105.202,19.6922,100,0
time
45.88
soc
67
f1,f2,first_soc,front
105.202,19.6922,100,0
time
45.88
soc
67
f1,f2,first_soc,front
105.202,19.6922,100,0
time
45.88
soc
67
f1,f2,first_soc,front
105.202,19.6922,100,0
time
45.88
soc
67
f1,f2,first_soc,front
105.202,19.6922,100,0
time
45.88
soc
67
f1,f2,first_soc,front
105.202,19.6922,100,0
time
45.88
soc
67
f1,f2,first_soc,front
113.815,11.5624,100,0
time
36.36,77.7991
soc
75,62
f1,f2,first_soc,front
105.202,19.6922,100,0
time
45.88
soc
67
f1,f2,first_soc,front
105.202,19.6922,100,0
time
45.88
soc
67
f1,f2,first_soc,front
105.202,19.6922,100,0
time
45.88
soc
67
f1,f2,first_soc,front
105.202,19.6922,100,0
time
45.88
soc
67
f1,f2,first_soc,front
105.202,19.6922,100,0
time
45.88
soc
67
f1,f2,first_soc,front
105.202,19.6922,100,0
time
45.88
soc
67
f1,f2,first_soc,front
105.202,19.6922,100,0
time
45.88
soc
67
f1,f2,first_soc,front
105.202,19.6922,100,0
time
45.88
soc
67
f1,f2,first_soc,front
105.202,19.6922,100,0
time
45.88
soc
67
f1,f2,first_soc,front
105.202,19.6922,100,0
time
45.88
soc
67
f1,f2,first_soc,front
105.202,19.6922,100,0
time
45.88
soc
67
f1,f2,first_soc,front
105.202,19.6922,100,0
time
45.88
soc
67
f1,f2,first_soc,front
105.202,19.6922,100,0
time
45.88
soc
67
f1,f2,first_soc,front
105.202,19.6922,100,0
time
45.88
soc
67
f1,f2,first_soc,front
105.202,19.6922,100,0
time
45.88
soc
67
f1,f2,first_soc,front
105.202,19.6922,100,0
time
45.88
soc
67
f1,f2,first_soc,front
105.202,19.6922,100,0
time
45.88
soc
67
f1,f2,first_soc,front
105.202,19.6922,100,0
time
45.88
soc
67
f1,f2,first_soc,front
104.697,20.2697,100,0
time
45.88
soc
66
f1,f2,first_soc,front
104.697,20.2697,100,0
time
45.88
soc
66
f1,f2,first_soc,front
105.202,19.6922,100,0
time
45.88
soc
67
f1,f2,first_soc,front
105.202,19.6922,100,0
time
45.88
soc
67
f1,f2,first_soc,front
105.202,19.6922,100,0
time
45.88
soc
67
f1,f2,first_soc,front
105.202,19.6922,100,0
time
45.88
soc
67
f1,f2,first_soc,front
104.697,20.2697,100,0
time
45.88
soc
66
f1,f2,first_soc,front
104.697,20.2697,100,0
time
45.88
soc
66
f1,f2,first_soc,front
104.697,20.2697,100,0
time
45.88
soc
66
f1,f2,first_soc,front
105.202,19.6922,100,0
time
45.88
soc
67
f1,f2,first_soc,front
105.202,19.6922,100,0
time
45.88
soc
67
f1,f2,first_soc,front
105.202,19.6922,100,0
time
45.88
soc
67
f1,f2,first_soc,front
105.202,19.6922,100,0
time
45.88
soc
67
f1,f2,first_soc,front
105.202,19.6922,100,0
time
45.88
soc
67
f1,f2,first_soc,front
104.697,20.2697,100,0
time
45.88
soc
66
f1,f2,first_soc,front
104.697,20.2697,100,0
time
45.88
soc
66
f1,f2,first_soc,front
104.697,20.2697,100,0
time
45.88
soc
66
f1,f2,first_soc,front
105.202,19.6922,100,0
time
45.88
soc
67
f1,f2,first_soc,front
105.202,19.6922,100,0
time
45.88
soc
67
f1,f2,first_soc,front
104.697,20.2697,100,0
time
45.88
soc
66
f1,f2,first_soc,front
105.202,19.6922,100,0
time
45.88
soc
67
f1,f2,first_soc,front
104.697,20.2697,100,0
time
45.88
soc
66
f1,f2,first_soc,front
105.025,19.8933,100,0
time
44.52
soc
69
f1,f2,first_soc,front
105.202,19.6922,100,0
time
45.88
soc
67
f1,f2,first_soc,front
105.025,19.8933,100,0
time
44.52
soc
69
f1,f2,first_soc,front
105.025,19.8933,100,0
time
44.52
soc
69
f1,f2,first_soc,front
105.025,19.8933,100,0
time
44.52
soc
69
f1,f2,first_soc,front
105.025,19.8933,100,0
time
44.52
soc
69
f1,f2,first_soc,front
105.025,19.8933,100,0
time
44.52
soc
69
f1,f2,first_soc,front
105.025,19.8933,100,0
time
44.52
soc
69
f1,f2,first_soc,front
105.202,19.6922,100,0
time
45.88
soc
67
f1,f2,first_soc,front
105.202,19.6922,100,0
time
45.88
soc
67
f1,f2,first_soc,front
104.52,20.4708,100,0
time
44.52
soc
68
f1,f2,first_soc,front
104.52,20.4708,100,0
time
44.52
soc
68
f1,f2,first_soc,front
104.52,20.4708,100,0
time
44.52
soc
68
f1,f2,first_soc,front
104.52,20.4708,100,0
time
44.52
soc
68
f1,f2,first_soc,front
104.52,20.4708,100,0
time
44.52
soc
68
f1,f2,first_soc,front
105.202,19.6922,100,0
time
45.88
soc
67
f1,f2,first_soc,front
105.202,19.6922,100,0
time
45.88
soc
67
f1,f2,first_soc,front
105.202,19.6922,100,0
time
45.88
soc
67
f1,f2,first_soc,front
105.202,19.6922,100,0
time
45.88
soc
67
f1,f2,first_soc,front
105.202,19.6922,100,0
time
45.88
soc
67
f1,f2,first_soc,front
105.202,19.6922,100,0
time
45.88
soc
67
f1,f2,first_soc,front
105.202,19.6922,100,0
time
45.88
soc
67
f1,f2,first_soc,front
105.202,19.6922,100,0
time
45.88
soc
67
f1,f2,first_soc,front
105.025,19.8933,100,0
time
44.52
soc
69
f1,f2,first_soc,front
105.202,19.6922,100,0
time
45.88
soc
67
f1,f2,first_soc,front
105.202,19.6922,100,0
time
45.88
soc
67
f1,f2,first_soc,front
104.52,20.4708,100,0
time
44.52
soc
68
f1,f2,first_soc,front
104.52,20.4708,100,0
time
44.52
soc
68
f1,f2,first_soc,front
104.52,20.4708,100,0
time
44.52
soc
68
f1,f2,first_soc,front
105.202,19.6922,100,0
time
45.88
soc
67
f1,f2,first_soc,front
104.52,20.4708,100,0
time
44.52
soc
68
f1,f2,first_soc,front
104.697,20.2697,100,0
time
45.88
soc
66
第16世代
f1,f2,first_soc,front
113.949,11.5601,100,0
time
44.52,62.2841,91.8475
soc
49,70,52
f1,f2,first_soc,front
104.015,21.0483,100,0
time
44.52
soc
67
f1,f2,first_soc,front
104.015,21.0483,100,0
time
44.52
soc
67
f1,f2,first_soc,front
106.717,17.9597,100,0
time
45.88
soc
70
f1,f2,first_soc,front
106.035,18.7383,100,0
time
44.52
soc
71
f1,f2,first_soc,front
111.263,12.7622,100,0
time
45.88
soc
79
f1,f2,first_soc,front
111.768,12.1847,100,0
time
45.88
soc
80
f1,f2,first_soc,front
107.222,17.3822,100,0
time
45.88
soc
71
f1,f2,first_soc,front
111.768,12.1847,100,0
time
45.88
soc
80
f1,f2,first_soc,front
108.055,16.4284,100,0
time
44.52
soc
75
f1,f2,first_soc,front
109.066,15.2734,100,0
time
44.52
soc
77
f1,f2,first_soc,front
105.53,19.3158,100,0
time
44.52
soc
70
f1,f2,first_soc,front
109.571,14.6959,100,0
time
44.52
soc
78
f1,f2,first_soc,front
110.252,13.9172,100,0
time
45.88
soc
77
f1,f2,first_soc,front
109.747,14.4947,100,0
time
45.88
soc
76
f1,f2,first_soc,front
107.55,17.0059,100,0
time
44.52
soc
74
f1,f2,first_soc,front
108.561,15.8509,100,0
time
44.52
soc
76
f1,f2,first_soc,front
110.757,13.3397,100,0
time
45.88
soc
78
f1,f2,first_soc,front
112.391,11.9595,100,0
time
45.88,95.8371
soc
70,38
f1,f2,first_soc,front
107.222,17.3822,100,0
time
45.88
soc
71
f1,f2,first_soc,front
104.52,20.4708,100,0
time
44.52
soc
68
f1,f2,first_soc,front
111.263,12.7622,100,0
time
45.88
soc
79
f1,f2,first_soc,front
110.757,13.3397,100,0
time
45.88
soc
78
f1,f2,first_soc,front
110.076,14.1184,100,0
time
44.52
soc
79
f1,f2,first_soc,front
110.581,13.5409,100,0
time
44.52
soc
80
f1,f2,first_soc,front
105.707,19.1147,100,0
time
45.88
soc
68
f1,f2,first_soc,front
108.737,15.6497,100,0
time
45.88
soc
74
f1,f2,first_soc,front
109.242,15.0722,100,0
time
45.88
soc
75
f1,f2,first_soc,front
104.697,20.2697,100,0
time
45.88
soc
66
f1,f2,first_soc,front
107.727,16.8047,100,0
time
45.88
soc
72
f1,f2,first_soc,front
105.707,19.1147,100,0
time
45.88
soc
68
f1,f2,first_soc,front
105.025,19.8933,100,0
time
44.52
soc
69
f1,f2,first_soc,front
111.263,12.7622,100,0
time
45.88
soc
79
f1,f2,first_soc,front
104.015,21.0483,100,0
time
44.52
soc
67
f1,f2,first_soc,front
104.52,20.4708,100,0
time
44.52
soc
68
f1,f2,first_soc,front
113.08,11.6629,100,0
time
40.44,66.6787,80.2436
soc
54,43,55
f1,f2,first_soc,front
112.618,11.7025,100,0
time
37.72,77.626
soc
75,62
f1,f2,first_soc,front
113.123,11.5658,100,0
time
37.72,76.6159
soc
73,63
f1,f2,first_soc,front
113.563,11.563,100,0
time
45.88,73.067
soc
68,78
f1,f2,first_soc,front
112.391,11.9595,100,0
time
45.88,95.332
soc
69,38
f1,f2,first_soc,front
105.202,19.6922,100,0
time
45.88
soc
67
f1,f2,first_soc,front
107.727,16.8047,100,0
time
45.88
soc
72
f1,f2,first_soc,front
105.025,19.8933,100,0
time
44.52
soc
69
f1,f2,first_soc,front
104.697,20.2697,100,0
time
45.88
soc
66
f1,f2,first_soc,front
108.737,15.6497,100,0
time
45.88
soc
74
f1,f2,first_soc,front
109.242,15.0722,100,0
time
45.88
soc
75
f1,f2,first_soc,front
108.232,16.2272,100,0
time
45.88
soc
73
f1,f2,first_soc,front
106.54,18.1609,100,0
time
44.52
soc
72
f1,f2,first_soc,front
106.212,18.5372,100,0
time
45.88
soc
69
f1,f2,first_soc,front
106.54,18.1609,100,0
time
44.52
soc
72
f1,f2,first_soc,front
109.571,14.6959,100,0
time
44.52
soc
78
f1,f2,first_soc,front
109.747,14.4947,100,0
time
45.88
soc
76
f1,f2,first_soc,front
109.066,15.2734,100,0
time
44.52
soc
77
f1,f2,first_soc,front
108.561,15.8509,100,0
time
44.52
soc
76
f1,f2,first_soc,front
110.252,13.9172,100,0
time
45.88
soc
77
f1,f2,first_soc,front
107.55,17.0059,100,0
time
44.52
soc
74
f1,f2,first_soc,front
106.717,17.9597,100,0
time
45.88
soc
70
f1,f2,first_soc,front
105.53,19.3158,100,0
time
44.52
soc
70
f1,f2,first_soc,front
108.055,16.4284,100,0
time
44.52
soc
75
f1,f2,first_soc,front
112.553,11.7747,100,0
time
45.88,73.067
soc
68,76
f1,f2,first_soc,front
108.232,16.2272,100,0
time
45.88
soc
73
f1,f2,first_soc,front
110.076,14.1184,100,0
time
44.52
soc
79
f1,f2,first_soc,front
105.202,19.6922,100,0
time
45.88
soc
67
f1,f2,first_soc,front
110.581,13.5409,100,0
time
44.52
soc
80
f1,f2,first_soc,front
106.212,18.5372,100,0
time
45.88
soc
69
f1,f2,first_soc,front
106.54,18.1609,100,0
time
44.52
soc
72
f1,f2,first_soc,front
107.222,17.3822,100,0
time
45.88
soc
71
f1,f2,first_soc,front
113.563,11.563,100,0
time
45.88,73.067
soc
68,78
f1,f2,first_soc,front
113.815,11.5624,100,0
time
36.36,77.7991
soc
75,62
f1,f2,first_soc,front
106.212,18.5372,100,0
time
45.88
soc
69
f1,f2,first_soc,front
108.232,16.2272,100,0
time
45.88
soc
73
f1,f2,first_soc,front
110.581,13.5409,100,0
time
44.52
soc
80
f1,f2,first_soc,front
110.076,14.1184,100,0
time
44.52
soc
79
f1,f2,first_soc,front
104.52,20.4708,100,0
time
44.52
soc
68
f1,f2,first_soc,front
105.202,19.6922,100,0
time
45.88
soc
67
f1,f2,first_soc,front
112.391,11.9595,100,0
time
45.88,95.8371
soc
70,38
f1,f2,first_soc,front
109.242,15.0722,100,0
time
45.88
soc
75
f1,f2,first_soc,front
104.52,20.4708,100,0
time
44.52
soc
68
f1,f2,first_soc,front
110.757,13.3397,100,0
time
45.88
soc
78
f1,f2,first_soc,front
108.737,15.6497,100,0
time
45.88
soc
74
f1,f2,first_soc,front
104.697,20.2697,100,0
time
45.88
soc
66
f1,f2,first_soc,front
105.025,19.8933,100,0
time
44.52
soc
69
f1,f2,first_soc,front
106.212,18.5372,100,0
time
45.88
soc
69
f1,f2,first_soc,front
108.232,16.2272,100,0
time
45.88
soc
73
f1,f2,first_soc,front
105.202,19.6922,100,0
time
45.88
soc
67
f1,f2,first_soc,front
107.727,16.8047,100,0
time
45.88
soc
72
f1,f2,first_soc,front
113.08,11.6629,100,0
time
40.44,66.6787,80.2436
soc
54,43,55
f1,f2,first_soc,front
113.123,11.5658,100,0
time
37.72,76.6159
soc
73,63
f1,f2,first_soc,front
112.553,11.7747,100,0
time
45.88,73.067
soc
68,76
f1,f2,first_soc,front
113.815,11.5624,100,0
time
36.36,77.7991
soc
75,62
f1,f2,first_soc,front
112.618,11.7025,100,0
time
37.72,77.626
soc
75,62
f1,f2,first_soc,front
112.618,11.7025,100,0
time
37.72,77.1209
soc
74,62
f1,f2,first_soc,front
105.202,19.6922,100,0
time
45.88
soc
67
f1,f2,first_soc,front
105.202,19.6922,100,0
time
45.88
soc
67
f1,f2,first_soc,front
105.202,19.6922,100,0
time
45.88
soc
67
f1,f2,first_soc,front
105.202,19.6922,100,0
time
45.88
soc
67
f1,f2,first_soc,front
105.202,19.6922,100,0
time
45.88
soc
67
f1,f2,first_soc,front
105.202,19.6922,100,0
time
45.88
soc
67
f1,f2,first_soc,front
105.202,19.6922,100,0
time
45.88
soc
67
f1,f2,first_soc,front
105.202,19.6922,100,0
time
45.88
soc
67
f1,f2,first_soc,front
105.202,19.6922,100,0
time
45.88
soc
67
f1,f2,first_soc,front
105.202,19.6922,100,0
time
45.88
soc
67
f1,f2,first_soc,front
105.202,19.6922,100,0
time
45.88
soc
67
f1,f2,first_soc,front
105.202,19.6922,100,0
time
45.88
soc
67
f1,f2,first_soc,front
105.202,19.6922,100,0
time
45.88
soc
67
f1,f2,first_soc,front
105.202,19.6922,100,0
time
45.88
soc
67
f1,f2,first_soc,front
105.202,19.6922,100,0
time
45.88
soc
67
f1,f2,first_soc,front
105.202,19.6922,100,0
time
45.88
soc
67
f1,f2,first_soc,front
105.202,19.6922,100,0
time
45.88
soc
67
f1,f2,first_soc,front
105.202,19.6922,100,0
time
45.88
soc
67
f1,f2,first_soc,front
105.202,19.6922,100,0
time
45.88
soc
67
f1,f2,first_soc,front
105.202,19.6922,100,0
time
45.88
soc
67
f1,f2,first_soc,front
105.202,19.6922,100,0
time
45.88
soc
67
f1,f2,first_soc,front
105.202,19.6922,100,0
time
45.88
soc
67
f1,f2,first_soc,front
105.202,19.6922,100,0
time
45.88
soc
67
f1,f2,first_soc,front
105.202,19.6922,100,0
time
45.88
soc
67
f1,f2,first_soc,front
105.202,19.6922,100,0
time
45.88
soc
67
f1,f2,first_soc,front
105.202,19.6922,100,0
time
45.88
soc
67
f1,f2,first_soc,front
105.202,19.6922,100,0
time
45.88
soc
67
f1,f2,first_soc,front
105.202,19.6922,100,0
time
45.88
soc
67
f1,f2,first_soc,front
105.202,19.6922,100,0
time
45.88
soc
67
f1,f2,first_soc,front
105.202,19.6922,100,0
time
45.88
soc
67
f1,f2,first_soc,front
105.202,19.6922,100,0
time
45.88
soc
67
f1,f2,first_soc,front
105.202,19.6922,100,0
time
45.88
soc
67
f1,f2,first_soc,front
105.202,19.6922,100,0
time
45.88
soc
67
f1,f2,first_soc,front
105.202,19.6922,100,0
time
45.88
soc
67
f1,f2,first_soc,front
105.202,19.6922,100,0
time
45.88
soc
67
f1,f2,first_soc,front
105.202,19.6922,100,0
time
45.88
soc
67
f1,f2,first_soc,front
105.202,19.6922,100,0
time
45.88
soc
67
f1,f2,first_soc,front
105.202,19.6922,100,0
time
45.88
soc
67
f1,f2,first_soc,front
105.202,19.6922,100,0
time
45.88
soc
67
f1,f2,first_soc,front
105.202,19.6922,100,0
time
45.88
soc
67
f1,f2,first_soc,front
105.202,19.6922,100,0
time
45.88
soc
67
f1,f2,first_soc,front
105.202,19.6922,100,0
time
45.88
soc
67
f1,f2,first_soc,front
105.202,19.6922,100,0
time
45.88
soc
67
f1,f2,first_soc,front
105.202,19.6922,100,0
time
45.88
soc
67
f1,f2,first_soc,front
105.202,19.6922,100,0
time
45.88
soc
67
f1,f2,first_soc,front
105.202,19.6922,100,0
time
45.88
soc
67
f1,f2,first_soc,front
105.202,19.6922,100,0
time
45.88
soc
67
f1,f2,first_soc,front
105.202,19.6922,100,0
time
45.88
soc
67
f1,f2,first_soc,front
105.202,19.6922,100,0
time
45.88
soc
67
f1,f2,first_soc,front
105.202,19.6922,100,0
time
45.88
soc
67
f1,f2,first_soc,front
105.202,19.6922,100,0
time
45.88
soc
67
f1,f2,first_soc,front
105.202,19.6922,100,0
time
45.88
soc
67
f1,f2,first_soc,front
105.202,19.6922,100,0
time
45.88
soc
67
f1,f2,first_soc,front
105.202,19.6922,100,0
time
45.88
soc
67
f1,f2,first_soc,front
105.202,19.6922,100,0
time
45.88
soc
67
f1,f2,first_soc,front
105.202,19.6922,100,0
time
45.88
soc
67
f1,f2,first_soc,front
105.202,19.6922,100,0
time
45.88
soc
67
f1,f2,first_soc,front
105.202,19.6922,100,0
time
45.88
soc
67
f1,f2,first_soc,front
105.202,19.6922,100,0
time
45.88
soc
67
f1,f2,first_soc,front
105.202,19.6922,100,0
time
45.88
soc
67
f1,f2,first_soc,front
105.202,19.6922,100,0
time
45.88
soc
67
f1,f2,first_soc,front
105.202,19.6922,100,0
time
45.88
soc
67
f1,f2,first_soc,front
105.202,19.6922,100,0
time
45.88
soc
67
f1,f2,first_soc,front
105.202,19.6922,100,0
time
45.88
soc
67
f1,f2,first_soc,front
105.202,19.6922,100,0
time
45.88
soc
67
f1,f2,first_soc,front
105.202,19.6922,100,0
time
45.88
soc
67
f1,f2,first_soc,front
105.202,19.6922,100,0
time
45.88
soc
67
f1,f2,first_soc,front
104.52,20.4708,100,0
time
44.52
soc
68
f1,f2,first_soc,front
104.52,20.4708,100,0
time
44.52
soc
68
f1,f2,first_soc,front
104.52,20.4708,100,0
time
44.52
soc
68
f1,f2,first_soc,front
104.52,20.4708,100,0
time
44.52
soc
68
f1,f2,first_soc,front
104.52,20.4708,100,0
time
44.52
soc
68
f1,f2,first_soc,front
113.08,11.6629,100,0
time
40.44,66.6787,80.2436
soc
54,43,55
f1,f2,first_soc,front
104.52,20.4708,100,0
time
44.52
soc
68
f1,f2,first_soc,front
104.52,20.4708,100,0
time
44.52
soc
68
f1,f2,first_soc,front
104.52,20.4708,100,0
time
44.52
soc
68
f1,f2,first_soc,front
113.123,11.5658,100,0
time
37.72,76.6159
soc
73,63
f1,f2,first_soc,front
104.52,20.4708,100,0
time
44.52
soc
68
f1,f2,first_soc,front
104.52,20.4708,100,0
time
44.52
soc
68
f1,f2,first_soc,front
104.52,20.4708,100,0
time
44.52
soc
68
f1,f2,first_soc,front
112.618,11.7025,100,0
time
37.72,77.1209
soc
74,62
f1,f2,first_soc,front
104.697,20.2697,100,0
time
45.88
soc
66
f1,f2,first_soc,front
104.697,20.2697,100,0
time
45.88
soc
66
f1,f2,first_soc,front
104.697,20.2697,100,0
time
45.88
soc
66
f1,f2,first_soc,front
104.52,20.4708,100,0
time
44.52
soc
68
f1,f2,first_soc,front
113.815,11.5624,100,0
time
36.36,77.7991
soc
75,62
f1,f2,first_soc,front
104.015,21.0483,100,0
time
44.52
soc
67
f1,f2,first_soc,front
104.015,21.0483,100,0
time
44.52
soc
67
f1,f2,first_soc,front
104.015,21.0483,100,0
time
44.52
soc
67
f1,f2,first_soc,front
104.015,21.0483,100,0
time
44.52
soc
67
f1,f2,first_soc,front
113.563,11.563,100,0
time
45.88,73.067
soc
68,78
f1,f2,first_soc,front
113.563,11.563,100,0
time
45.88,73.067
soc
68,78
f1,f2,first_soc,front
113.563,11.563,100,0
time
45.88,73.067
soc
68,78
f1,f2,first_soc,front
104.697,20.2697,100,0
time
45.88
soc
66
f1,f2,first_soc,front
104.52,20.4708,100,0
time
44.52
soc
68
f1,f2,first_soc,front
104.52,20.4708,100,0
time
44.52
soc
68
f1,f2,first_soc,front
104.52,20.4708,100,0
time
44.52
soc
68
f1,f2,first_soc,front
104.52,20.4708,100,0
time
44.52
soc
68
f1,f2,first_soc,front
104.52,20.4708,100,0
time
44.52
soc
68
f1,f2,first_soc,front
104.52,20.4708,100,0
time
44.52
soc
68
f1,f2,first_soc,front
104.52,20.4708,100,0
time
44.52
soc
68
f1,f2,first_soc,front
112.553,11.7747,100,0
time
45.88,73.067
soc
68,76
f1,f2,first_soc,front
105.025,19.8933,100,0
time
44.52
soc
69
f1,f2,first_soc,front
105.025,19.8933,100,0
time
44.52
soc
69
f1,f2,first_soc,front
105.025,19.8933,100,0
time
44.52
soc
69
f1,f2,first_soc,front
105.025,19.8933,100,0
time
44.52
soc
69
f1,f2,first_soc,front
105.025,19.8933,100,0
time
44.52
soc
69
f1,f2,first_soc,front
105.025,19.8933,100,0
time
44.52
soc
69
第17世代
f1,f2,first_soc,front
104.015,21.0483,100,0
time
44.52
soc
67
f1,f2,first_soc,front
113.949,11.5601,100,0
time
44.52,62.2841,91.8475
soc
49,70,52
f1,f2,first_soc,front
106.717,17.9597,100,0
time
45.88
soc
70
f1,f2,first_soc,front
111.263,12.7622,100,0
time
45.88
soc
79
f1,f2,first_soc,front
111.768,12.1847,100,0
time
45.88
soc
80
f1,f2,first_soc,front
111.768,12.1847,100,0
time
45.88
soc
80
f1,f2,first_soc,front
108.055,16.4284,100,0
time
44.52
soc
75
f1,f2,first_soc,front
109.242,15.0722,100,0
time
45.88
soc
75
f1,f2,first_soc,front
109.747,14.4947,100,0
time
45.88
soc
76
f1,f2,first_soc,front
110.252,13.9172,100,0
time
45.88
soc
77
f1,f2,first_soc,front
106.035,18.7383,100,0
time
44.52
soc
71
f1,f2,first_soc,front
105.707,19.1147,100,0
time
45.88
soc
68
f1,f2,first_soc,front
106.212,18.5372,100,0
time
45.88
soc
69
f1,f2,first_soc,front
107.55,17.0059,100,0
time
44.52
soc
74
f1,f2,first_soc,front
108.561,15.8509,100,0
time
44.52
soc
76
f1,f2,first_soc,front
110.757,13.3397,100,0
time
45.88
soc
78
f1,f2,first_soc,front
112.391,11.9595,100,0
time
45.88,95.8371
soc
70,38
f1,f2,first_soc,front
104.52,20.4708,100,0
time
44.52
soc
68
f1,f2,first_soc,front
104.015,21.0483,100,0
time
44.52
soc
67
f1,f2,first_soc,front
107.222,17.3822,100,0
time
45.88
soc
71
f1,f2,first_soc,front
110.757,13.3397,100,0
time
45.88
soc
78
f1,f2,first_soc,front
111.263,12.7622,100,0
time
45.88
soc
79
f1,f2,first_soc,front
105.53,19.3158,100,0
time
44.52
soc
70
f1,f2,first_soc,front
110.581,13.5409,100,0
time
44.52
soc
80
f1,f2,first_soc,front
109.571,14.6959,100,0
time
44.52
soc
78
f1,f2,first_soc,front
113.123,11.5658,100,0
time
37.72,76.6159
soc
73,63
f1,f2,first_soc,front
104.697,20.2697,100,0
time
45.88
soc
66
f1,f2,first_soc,front
107.727,16.8047,100,0
time
45.88
soc
72
f1,f2,first_soc,front
105.53,19.3158,100,0
time
44.52
soc
70
f1,f2,first_soc,front
109.571,14.6959,100,0
time
44.52
soc
78
f1,f2,first_soc,front
108.737,15.6497,100,0
time
45.88
soc
74
f1,f2,first_soc,front
112.618,11.7025,100,0
time
37.72,77.626
soc
75,62
f1,f2,first_soc,front
104.52,20.4708,100,0
time
44.52
soc
68
f1,f2,first_soc,front
111.263,12.7622,100,0
time
45.88
soc
79
f1,f2,first_soc,front
104.015,21.0483,100,0
time
44.52
soc
67
f1,f2,first_soc,front
107.222,17.3822,100,0
time
45.88
soc
71
f1,f2,first_soc,front
113.08,11.6629,100,0
time
40.44,66.6787,80.2436
soc
54,43,55
f1,f2,first_soc,front
113.563,11.563,100,0
time
45.88,73.067
soc
68,78
f1,f2,first_soc,front
112.391,11.9595,100,0
time
45.88,95.8371
soc
70,38
f1,f2,first_soc,front
105.025,19.8933,100,0
time
44.52
soc
69
f1,f2,first_soc,front
104.697,20.2697,100,0
time
45.88
soc
66
f1,f2,first_soc,front
105.202,19.6922,100,0
time
45.88
soc
67
f1,f2,first_soc,front
108.737,15.6497,100,0
time
45.88
soc
74
f1,f2,first_soc,front
109.066,15.2734,100,0
time
44.52
soc
77
f1,f2,first_soc,front
107.727,16.8047,100,0
time
45.88
soc
72
f1,f2,first_soc,front
110.076,14.1184,100,0
time
44.52
soc
79
f1,f2,first_soc,front
106.54,18.1609,100,0
time
44.52
soc
72
f1,f2,first_soc,front
107.222,17.3822,100,0
time
45.88
soc
71
f1,f2,first_soc,front
108.232,16.2272,100,0
time
45.88
soc
73
f1,f2,first_soc,front
106.035,18.7383,100,0
time
44.52
soc
71
f1,f2,first_soc,front
106.212,18.5372,100,0
time
45.88
soc
69
f1,f2,first_soc,front
106.54,18.1609,100,0
time
44.52
soc
72
f1,f2,first_soc,front
106.717,17.9597,100,0
time
45.88
soc
70
f1,f2,first_soc,front
109.747,14.4947,100,0
time
45.88
soc
76
f1,f2,first_soc,front
108.055,16.4284,100,0
time
44.52
soc
75
f1,f2,first_soc,front
107.55,17.0059,100,0
time
44.52
soc
74
f1,f2,first_soc,front
109.242,15.0722,100,0
time
45.88
soc
75
f1,f2,first_soc,front
108.561,15.8509,100,0
time
44.52
soc
76
f1,f2,first_soc,front
110.252,13.9172,100,0
time
45.88
soc
77
f1,f2,first_soc,front
109.066,15.2734,100,0
time
44.52
soc
77
f1,f2,first_soc,front
105.707,19.1147,100,0
time
45.88
soc
68
f1,f2,first_soc,front
112.553,11.7747,100,0
time
45.88,73.067
soc
68,76
f1,f2,first_soc,front
107.222,17.3822,100,0
time
45.88
soc
71
f1,f2,first_soc,front
110.581,13.5409,100,0
time
44.52
soc
80
f1,f2,first_soc,front
109.066,15.2734,100,0
time
44.52
soc
77
f1,f2,first_soc,front
110.076,14.1184,100,0
time
44.52
soc
79
f1,f2,first_soc,front
105.202,19.6922,100,0
time
45.88
soc
67
f1,f2,first_soc,front
105.025,19.8933,100,0
time
44.52
soc
69
f1,f2,first_soc,front
108.232,16.2272,100,0
time
45.88
soc
73
f1,f2,first_soc,front
106.54,18.1609,100,0
time
44.52
soc
72
f1,f2,first_soc,front
113.563,11.563,100,0
time
45.88,73.067
soc
68,78
f1,f2,first_soc,front
113.815,11.5624,100,0
time
36.36,77.7991
soc
75,62
f1,f2,first_soc,front
104.52,20.4708,100,0
time
44.52
soc
68
f1,f2,first_soc,front
110.076,14.1184,100,0
time
44.52
soc
79
f1,f2,first_soc,front
110.581,13.5409,100,0
time
44.52
soc
80
f1,f2,first_soc,front
108.232,16.2272,100,0
time
45.88
soc
73
f1,f2,first_soc,front
105.025,19.8933,100,0
time
44.52
soc
69
f1,f2,first_soc,front
105.202,19.6922,100,0
time
45.88
soc
67
f1,f2,first_soc,front
112.391,11.9595,100,0
time
45.88,95.8371
soc
70,38
f1,f2,first_soc,front
110.076,14.1184,100,0
time
44.52
soc
79
f1,f2,first_soc,front
104.697,20.2697,100,0
time
45.88
soc
66
f1,f2,first_soc,front
108.737,15.6497,100,0
time
45.88
soc
74
f1,f2,first_soc,front
108.232,16.2272,100,0
time
45.88
soc
73
f1,f2,first_soc,front
104.52,20.4708,100,0
time
44.52
soc
68
f1,f2,first_soc,front
105.202,19.6922,100,0
time
45.88
soc
67
f1,f2,first_soc,front
110.757,13.3397,100,0
time
45.88
soc
78
f1,f2,first_soc,front
105.025,19.8933,100,0
time
44.52
soc
69
f1,f2,first_soc,front
107.727,16.8047,100,0
time
45.88
soc
72
f1,f2,first_soc,front
113.08,11.6629,100,0
time
40.44,66.6787,80.2436
soc
54,43,55
f1,f2,first_soc,front
112.553,11.7747,100,0
time
45.88,73.067
soc
68,76
f1,f2,first_soc,front
113.949,11.5601,100,0
time
44.52,62.2841,91.8475
soc
49,70,52
f1,f2,first_soc,front
113.815,11.5624,100,0
time
36.36,77.7991
soc
75,62
f1,f2,first_soc,front
112.618,11.7025,100,0
time
37.72,77.1209
soc
74,62
f1,f2,first_soc,front
113.123,11.5658,100,0
time
37.72,76.6159
soc
73,63
f1,f2,first_soc,front
112.618,11.7025,100,0
time
37.72,77.626
soc
75,62
f1,f2,first_soc,front
113.123,11.5658,100,0
time
37.72,76.6159
soc
73,63
f1,f2,first_soc,front
113.815,11.5624,100,0
time
36.36,77.7991
soc
75,62
f1,f2,first_soc,front
105.202,19.6922,100,0
time
45.88
soc
67
f1,f2,first_soc,front
105.202,19.6922,100,0
time
45.88
soc
67
f1,f2,first_soc,front
105.202,19.6922,100,0
time
45.88
soc
67
f1,f2,first_soc,front
105.202,19.6922,100,0
time
45.88
soc
67
f1,f2,first_soc,front
105.202,19.6922,100,0
time
45.88
soc
67
f1,f2,first_soc,front
105.202,19.6922,100,0
time
45.88
soc
67
f1,f2,first_soc,front
105.202,19.6922,100,0
time
45.88
soc
67
f1,f2,first_soc,front
105.202,19.6922,100,0
time
45.88
soc
67
f1,f2,first_soc,front
105.202,19.6922,100,0
time
45.88
soc
67
f1,f2,first_soc,front
105.202,19.6922,100,0
time
45.88
soc
67
f1,f2,first_soc,front
105.202,19.6922,100,0
time
45.88
soc
67
f1,f2,first_soc,front
105.202,19.6922,100,0
time
45.88
soc
67
f1,f2,first_soc,front
105.202,19.6922,100,0
time
45.88
soc
67
f1,f2,first_soc,front
105.202,19.6922,100,0
time
45.88
soc
67
f1,f2,first_soc,front
105.202,19.6922,100,0
time
45.88
soc
67
f1,f2,first_soc,front
105.202,19.6922,100,0
time
45.88
soc
67
f1,f2,first_soc,front
105.202,19.6922,100,0
time
45.88
soc
67
f1,f2,first_soc,front
105.202,19.6922,100,0
time
45.88
soc
67
f1,f2,first_soc,front
105.202,19.6922,100,0
time
45.88
soc
67
f1,f2,first_soc,front
105.202,19.6922,100,0
time
45.88
soc
67
f1,f2,first_soc,front
105.202,19.6922,100,0
time
45.88
soc
67
f1,f2,first_soc,front
105.202,19.6922,100,0
time
45.88
soc
67
f1,f2,first_soc,front
105.202,19.6922,100,0
time
45.88
soc
67
f1,f2,first_soc,front
105.202,19.6922,100,0
time
45.88
soc
67
f1,f2,first_soc,front
105.202,19.6922,100,0
time
45.88
soc
67
f1,f2,first_soc,front
105.202,19.6922,100,0
time
45.88
soc
67
f1,f2,first_soc,front
105.202,19.6922,100,0
time
45.88
soc
67
f1,f2,first_soc,front
105.202,19.6922,100,0
time
45.88
soc
67
f1,f2,first_soc,front
105.202,19.6922,100,0
time
45.88
soc
67
f1,f2,first_soc,front
105.202,19.6922,100,0
time
45.88
soc
67
f1,f2,first_soc,front
105.202,19.6922,100,0
time
45.88
soc
67
f1,f2,first_soc,front
105.202,19.6922,100,0
time
45.88
soc
67
f1,f2,first_soc,front
113.949,11.5601,100,0
time
44.52,62.2841,91.8475
soc
49,70,52
f1,f2,first_soc,front
105.202,19.6922,100,0
time
45.88
soc
67
f1,f2,first_soc,front
105.202,19.6922,100,0
time
45.88
soc
67
f1,f2,first_soc,front
105.202,19.6922,100,0
time
45.88
soc
67
f1,f2,first_soc,front
105.202,19.6922,100,0
time
45.88
soc
67
f1,f2,first_soc,front
105.202,19.6922,100,0
time
45.88
soc
67
f1,f2,first_soc,front
105.202,19.6922,100,0
time
45.88
soc
67
f1,f2,first_soc,front
105.202,19.6922,100,0
time
45.88
soc
67
f1,f2,first_soc,front
105.202,19.6922,100,0
time
45.88
soc
67
f1,f2,first_soc,front
105.202,19.6922,100,0
time
45.88
soc
67
f1,f2,first_soc,front
105.202,19.6922,100,0
time
45.88
soc
67
f1,f2,first_soc,front
105.202,19.6922,100,0
time
45.88
soc
67
f1,f2,first_soc,front
105.202,19.6922,100,0
time
45.88
soc
67
f1,f2,first_soc,front
105.202,19.6922,100,0
time
45.88
soc
67
f1,f2,first_soc,front
105.202,19.6922,100,0
time
45.88
soc
67
f1,f2,first_soc,front
105.202,19.6922,100,0
time
45.88
soc
67
f1,f2,first_soc,front
105.202,19.6922,100,0
time
45.88
soc
67
f1,f2,first_soc,front
105.202,19.6922,100,0
time
45.88
soc
67
f1,f2,first_soc,front
105.202,19.6922,100,0
time
45.88
soc
67
f1,f2,first_soc,front
105.202,19.6922,100,0
time
45.88
soc
67
f1,f2,first_soc,front
104.52,20.4708,100,0
time
44.52
soc
68
f1,f2,first_soc,front
104.52,20.4708,100,0
time
44.52
soc
68
f1,f2,first_soc,front
104.52,20.4708,100,0
time
44.52
soc
68
f1,f2,first_soc,front
104.52,20.4708,100,0
time
44.52
soc
68
f1,f2,first_soc,front
104.52,20.4708,100,0
time
44.52
soc
68
f1,f2,first_soc,front
104.52,20.4708,100,0
time
44.52
soc
68
f1,f2,first_soc,front
104.52,20.4708,100,0
time
44.52
soc
68
f1,f2,first_soc,front
104.52,20.4708,100,0
time
44.52
soc
68
f1,f2,first_soc,front
104.52,20.4708,100,0
time
44.52
soc
68
f1,f2,first_soc,front
104.52,20.4708,100,0
time
44.52
soc
68
f1,f2,first_soc,front
104.52,20.4708,100,0
time
44.52
soc
68
f1,f2,first_soc,front
104.52,20.4708,100,0
time
44.52
soc
68
f1,f2,first_soc,front
104.52,20.4708,100,0
time
44.52
soc
68
f1,f2,first_soc,front
104.52,20.4708,100,0
time
44.52
soc
68
f1,f2,first_soc,front
104.52,20.4708,100,0
time
44.52
soc
68
f1,f2,first_soc,front
104.52,20.4708,100,0
time
44.52
soc
68
f1,f2,first_soc,front
104.697,20.2697,100,0
time
45.88
soc
66
f1,f2,first_soc,front
104.697,20.2697,100,0
time
45.88
soc
66
f1,f2,first_soc,front
104.015,21.0483,100,0
time
44.52
soc
67
f1,f2,first_soc,front
113.563,11.563,100,0
time
45.88,73.067
soc
68,78
f1,f2,first_soc,front
104.015,21.0483,100,0
time
44.52
soc
67
f1,f2,first_soc,front
104.015,21.0483,100,0
time
44.52
soc
67
f1,f2,first_soc,front
104.015,21.0483,100,0
time
44.52
soc
67
f1,f2,first_soc,front
104.015,21.0483,100,0
time
44.52
soc
67
f1,f2,first_soc,front
104.015,21.0483,100,0
time
44.52
soc
67
f1,f2,first_soc,front
104.015,21.0483,100,0
time
44.52
soc
67
f1,f2,first_soc,front
104.015,21.0483,100,0
time
44.52
soc
67
f1,f2,first_soc,front
104.697,20.2697,100,0
time
45.88
soc
66
f1,f2,first_soc,front
104.52,20.4708,100,0
time
44.52
soc
68
f1,f2,first_soc,front
104.52,20.4708,100,0
time
44.52
soc
68
f1,f2,first_soc,front
104.52,20.4708,100,0
time
44.52
soc
68
f1,f2,first_soc,front
104.52,20.4708,100,0
time
44.52
soc
68
f1,f2,first_soc,front
104.52,20.4708,100,0
time
44.52
soc
68
f1,f2,first_soc,front
104.52,20.4708,100,0
time
44.52
soc
68
f1,f2,first_soc,front
104.52,20.4708,100,0
time
44.52
soc
68
f1,f2,first_soc,front
104.52,20.4708,100,0
time
44.52
soc
68
f1,f2,first_soc,front
105.202,19.6922,100,0
time
45.88
soc
67
f1,f2,first_soc,front
105.202,19.6922,100,0
time
45.88
soc
67
f1,f2,first_soc,front
105.202,19.6922,100,0
time
45.88
soc
67
f1,f2,first_soc,front
105.202,19.6922,100,0
time
45.88
soc
67
f1,f2,first_soc,front
105.202,19.6922,100,0
time
45.88
soc
67
f1,f2,first_soc,front
105.202,19.6922,100,0
time
45.88
soc
67
f1,f2,first_soc,front
105.202,19.6922,100,0
time
45.88
soc
67
f1,f2,first_soc,front
105.202,19.6922,100,0
time
45.88
soc
67
f1,f2,first_soc,front
105.202,19.6922,100,0
time
45.88
soc
67
f1,f2,first_soc,front
105.202,19.6922,100,0
time
45.88
soc
67
f1,f2,first_soc,front
105.202,19.6922,100,0
time
45.88
soc
67
f1,f2,first_soc,front
105.202,19.6922,100,0
time
45.88
soc
67
f1,f2,first_soc,front
105.202,19.6922,100,0
time
45.88
soc
67
f1,f2,first_soc,front
105.202,19.6922,100,0
time
45.88
soc
67
f1,f2,first_soc,front
105.202,19.6922,100,0
time
45.88
soc
67
第18世代
f1,f2,first_soc,front
104.015,21.0483,100,0
time
44.52
soc
67
f1,f2,first_soc,front
113.949,11.5601,100,0
time
44.52,62.2841,91.8475
soc
49,70,52
f1,f2,first_soc,front
106.717,17.9597,100,0
time
45.88
soc
70
f1,f2,first_soc,front
107.222,17.3822,100,0
time
45.88
soc
71
f1,f2,first_soc,front
111.263,12.7622,100,0
time
45.88
soc
79
f1,f2,first_soc,front
111.263,12.7622,100,0
time
45.88
soc
79
f1,f2,first_soc,front
111.768,12.1847,100,0
time
45.88
soc
80
f1,f2,first_soc,front
110.757,13.3397,100,0
time
45.88
soc
78
f1,f2,first_soc,front
105.53,19.3158,100,0
time
44.52
soc
70
f1,f2,first_soc,front
108.055,16.4284,100,0
time
44.52
soc
75
f1,f2,first_soc,front
110.581,13.5409,100,0
time
44.52
soc
80
f1,f2,first_soc,front
110.076,14.1184,100,0
time
44.52
soc
79
f1,f2,first_soc,front
109.747,14.4947,100,0
time
45.88
soc
76
f1,f2,first_soc,front
109.242,15.0722,100,0
time
45.88
soc
75
f1,f2,first_soc,front
106.035,18.7383,100,0
time
44.52
soc
71
f1,f2,first_soc,front
106.212,18.5372,100,0
time
45.88
soc
69
f1,f2,first_soc,front
107.222,17.3822,100,0
time
45.88
soc
71
f1,f2,first_soc,front
106.54,18.1609,100,0
time
44.52
soc
72
f1,f2,first_soc,front
108.561,15.8509,100,0
time
44.52
soc
76
f1,f2,first_soc,front
113.401,11.563,100,0
time
45.88,95.8371
soc
70,40
f1,f2,first_soc,front
112.391,11.9595,100,0
time
45.88,95.8371
soc
70,38
f1,f2,first_soc,front
104.015,21.0483,100,0
time
44.52
soc
67
f1,f2,first_soc,front
104.52,20.4708,100,0
time
44.52
soc
68
f1,f2,first_soc,front
111.768,12.1847,100,0
time
45.88
soc
80
f1,f2,first_soc,front
104.697,20.2697,100,0
time
45.88
soc
66
f1,f2,first_soc,front
109.066,15.2734,100,0
time
44.52
soc
77
f1,f2,first_soc,front
109.571,14.6959,100,0
time
44.52
soc
78
f1,f2,first_soc,front
110.252,13.9172,100,0
time
45.88
soc
77
f1,f2,first_soc,front
107.55,17.0059,100,0
time
44.52
soc
74
f1,f2,first_soc,front
110.252,13.9172,100,0
time
45.88
soc
77
f1,f2,first_soc,front
107.727,16.8047,100,0
time
45.88
soc
72
f1,f2,first_soc,front
108.232,16.2272,100,0
time
45.88
soc
73
f1,f2,first_soc,front
107.55,17.0059,100,0
time
44.52
soc
74
f1,f2,first_soc,front
105.025,19.8933,100,0
time
44.52
soc
69
f1,f2,first_soc,front
104.52,20.4708,100,0
time
44.52
soc
68
f1,f2,first_soc,front
111.768,12.1847,100,0
time
45.88
soc
80
f1,f2,first_soc,front
104.015,21.0483,100,0
time
44.52
soc
67
f1,f2,first_soc,front
110.757,13.3397,100,0
time
45.88
soc
78
f1,f2,first_soc,front
113.08,11.6629,100,0
time
40.44,66.6787,80.2436
soc
54,43,55
f1,f2,first_soc,front
112.618,11.7025,100,0
time
37.72,77.1209
soc
74,62
f1,f2,first_soc,front
113.815,11.5624,100,0
time
36.36,77.7991
soc
75,62
f1,f2,first_soc,front
112.391,11.9595,100,0
time
45.88,95.8371
soc
70,38
f1,f2,first_soc,front
105.202,19.6922,100,0
time
45.88
soc
67
f1,f2,first_soc,front
107.727,16.8047,100,0
time
45.88
soc
72
f1,f2,first_soc,front
105.025,19.8933,100,0
time
44.52
soc
69
f1,f2,first_soc,front
108.737,15.6497,100,0
time
45.88
soc
74
f1,f2,first_soc,front
108.232,16.2272,100,0
time
45.88
soc
73
f1,f2,first_soc,front
105.707,19.1147,100,0
time
45.88
soc
68
f1,f2,first_soc,front
106.212,18.5372,100,0
time
45.88
soc
69
f1,f2,first_soc,front
106.035,18.7383,100,0
time
44.52
soc
71
f1,f2,first_soc,front
108.055,16.4284,100,0
time
44.52
soc
75
f1,f2,first_soc,front
110.581,13.5409,100,0
time
44.52
soc
80
f1,f2,first_soc,front
105.53,19.3158,100,0
time
44.52
soc
70
f1,f2,first_soc,front
105.707,19.1147,100,0
time
45.88
soc
68
f1,f2,first_soc,front
108.561,15.8509,100,0
time
44.52
soc
76
f1,f2,first_soc,front
110.076,14.1184,100,0
time
44.52
soc
79
f1,f2,first_soc,front
109.747,14.4947,100,0
time
45.88
soc
76
f1,f2,first_soc,front
109.242,15.0722,100,0
time
45.88
soc
75
f1,f2,first_soc,front
106.54,18.1609,100,0
time
44.52
soc
72
f1,f2,first_soc,front
112.553,11.7747,100,0
time
45.88,73.067
soc
68,76
f1,f2,first_soc,front
104.697,20.2697,100,0
time
45.88
soc
66
f1,f2,first_soc,front
109.066,15.2734,100,0
time
44.52
soc
77
f1,f2,first_soc,front
105.707,19.1147,100,0
time
45.88
soc
68
f1,f2,first_soc,front
105.202,19.6922,100,0
time
45.88
soc
67
f1,f2,first_soc,front
109.571,14.6959,100,0
time
44.52
soc
78
f1,f2,first_soc,front
108.737,15.6497,100,0
time
45.88
soc
74
f1,f2,first_soc,front
113.123,11.5658,100,0
time
37.72,76.6159
soc
73,63
f1,f2,first_soc,front
110.757,13.3397,100,0
time
45.88
soc
78
f1,f2,first_soc,front
109.571,14.6959,100,0
time
44.52
soc
78
f1,f2,first_soc,front
106.717,17.9597,100,0
time
45.88
soc
70
f1,f2,first_soc,front
109.066,15.2734,100,0
time
44.52
soc
77
f1,f2,first_soc,front
108.737,15.6497,100,0
time
45.88
soc
74
f1,f2,first_soc,front
104.697,20.2697,100,0
time
45.88
soc
66
f1,f2,first_soc,front
104.52,20.4708,100,0
time
44.52
soc
68
f1,f2,first_soc,front
105.202,19.6922,100,0
time
45.88
soc
67
f1,f2,first_soc,front
112.391,11.9595,100,0
time
45.88,95.8371
soc
70,38
f1,f2,first_soc,front
105.202,19.6922,100,0
time
45.88
soc
67
f1,f2,first_soc,front
105.025,19.8933,100,0
time
44.52
soc
69
f1,f2,first_soc,front
108.737,15.6497,100,0
time
45.88
soc
74
f1,f2,first_soc,front
106.717,17.9597,100,0
time
45.88
soc
70
f1,f2,first_soc,front
108.232,16.2272,100,0
time
45.88
soc
73
f1,f2,first_soc,front
104.52,20.4708,100,0
time
44.52
soc
68
f1,f2,first_soc,front
107.727,16.8047,100,0
time
45.88
soc
72
f1,f2,first_soc,front
113.08,11.6629,100,0
time
40.44,66.6787,80.2436
soc
54,43,55
f1,f2,first_soc,front
112.553,11.7747,100,0
time
45.88,73.067
soc
68,76
f1,f2,first_soc,front
113.949,11.5601,100,0
time
44.52,61.7791,91.8475
soc
48,70,52
f1,f2,first_soc,front
113.815,11.5624,100,0
time
36.36,77.7991
soc
75,62
f1,f2,first_soc,front
113.123,11.5658,100,0
time
37.72,76.6159
soc
73,63
f1,f2,first_soc,front
112.618,11.7025,100,0
time
37.72,77.626
soc
75,62
f1,f2,first_soc,front
112.618,11.7025,100,0
time
37.72,77.626
soc
75,62
f1,f2,first_soc,front
113.123,11.5658,100,0
time
37.72,76.6159
soc
73,63
f1,f2,first_soc,front
112.618,11.7025,100,0
time
37.72,77.1209
soc
74,62
f1,f2,first_soc,front
105.202,19.6922,100,0
time
45.88
soc
67
f1,f2,first_soc,front
105.202,19.6922,100,0
time
45.88
soc
67
f1,f2,first_soc,front
105.202,19.6922,100,0
time
45.88
soc
67
f1,f2,first_soc,front
105.202,19.6922,100,0
time
45.88
soc
67
f1,f2,first_soc,front
105.202,19.6922,100,0
time
45.88
soc
67
f1,f2,first_soc,front
105.202,19.6922,100,0
time
45.88
soc
67
f1,f2,first_soc,front
105.202,19.6922,100,0
time
45.88
soc
67
f1,f2,first_soc,front
105.202,19.6922,100,0
time
45.88
soc
67
f1,f2,first_soc,front
105.202,19.6922,100,0
time
45.88
soc
67
f1,f2,first_soc,front
105.202,19.6922,100,0
time
45.88
soc
67
f1,f2,first_soc,front
105.202,19.6922,100,0
time
45.88
soc
67
f1,f2,first_soc,front
105.202,19.6922,100,0
time
45.88
soc
67
f1,f2,first_soc,front
105.202,19.6922,100,0
time
45.88
soc
67
f1,f2,first_soc,front
105.202,19.6922,100,0
time
45.88
soc
67
f1,f2,first_soc,front
105.202,19.6922,100,0
time
45.88
soc
67
f1,f2,first_soc,front
105.202,19.6922,100,0
time
45.88
soc
67
f1,f2,first_soc,front
105.202,19.6922,100,0
time
45.88
soc
67
f1,f2,first_soc,front
105.202,19.6922,100,0
time
45.88
soc
67
f1,f2,first_soc,front
105.202,19.6922,100,0
time
45.88
soc
67
f1,f2,first_soc,front
105.202,19.6922,100,0
time
45.88
soc
67
f1,f2,first_soc,front
105.202,19.6922,100,0
time
45.88
soc
67
f1,f2,first_soc,front
105.202,19.6922,100,0
time
45.88
soc
67
f1,f2,first_soc,front
105.202,19.6922,100,0
time
45.88
soc
67
f1,f2,first_soc,front
105.202,19.6922,100,0
time
45.88
soc
67
f1,f2,first_soc,front
105.202,19.6922,100,0
time
45.88
soc
67
f1,f2,first_soc,front
105.202,19.6922,100,0
time
45.88
soc
67
f1,f2,first_soc,front
105.202,19.6922,100,0
time
45.88
soc
67
f1,f2,first_soc,front
105.202,19.6922,100,0
time
45.88
soc
67
f1,f2,first_soc,front
105.202,19.6922,100,0
time
45.88
soc
67
f1,f2,first_soc,front
105.202,19.6922,100,0
time
45.88
soc
67
f1,f2,first_soc,front
105.202,19.6922,100,0
time
45.88
soc
67
f1,f2,first_soc,front
105.707,19.1147,100,0
time
45.88
soc
68
f1,f2,first_soc,front
105.202,19.6922,100,0
time
45.88
soc
67
f1,f2,first_soc,front
105.202,19.6922,100,0
time
45.88
soc
67
f1,f2,first_soc,front
105.202,19.6922,100,0
time
45.88
soc
67
f1,f2,first_soc,front
105.202,19.6922,100,0
time
45.88
soc
67
f1,f2,first_soc,front
105.202,19.6922,100,0
time
45.88
soc
67
f1,f2,first_soc,front
105.202,19.6922,100,0
time
45.88
soc
67
f1,f2,first_soc,front
105.202,19.6922,100,0
time
45.88
soc
67
f1,f2,first_soc,front
105.202,19.6922,100,0
time
45.88
soc
67
f1,f2,first_soc,front
105.202,19.6922,100,0
time
45.88
soc
67
f1,f2,first_soc,front
105.202,19.6922,100,0
time
45.88
soc
67
f1,f2,first_soc,front
105.202,19.6922,100,0
time
45.88
soc
67
f1,f2,first_soc,front
105.202,19.6922,100,0
time
45.88
soc
67
f1,f2,first_soc,front
105.202,19.6922,100,0
time
45.88
soc
67
f1,f2,first_soc,front
105.202,19.6922,100,0
time
45.88
soc
67
f1,f2,first_soc,front
105.202,19.6922,100,0
time
45.88
soc
67
f1,f2,first_soc,front
105.202,19.6922,100,0
time
45.88
soc
67
f1,f2,first_soc,front
105.202,19.6922,100,0
time
45.88
soc
67
f1,f2,first_soc,front
105.202,19.6922,100,0
time
45.88
soc
67
f1,f2,first_soc,front
105.202,19.6922,100,0
time
45.88
soc
67
f1,f2,first_soc,front
105.202,19.6922,100,0
time
45.88
soc
67
f1,f2,first_soc,front
104.52,20.4708,100,0
time
44.52
soc
68
f1,f2,first_soc,front
104.52,20.4708,100,0
time
44.52
soc
68
f1,f2,first_soc,front
104.52,20.4708,100,0
time
44.52
soc
68
f1,f2,first_soc,front
104.52,20.4708,100,0
time
44.52
soc
68
f1,f2,first_soc,front
104.52,20.4708,100,0
time
44.52
soc
68
f1,f2,first_soc,front
104.52,20.4708,100,0
time
44.52
soc
68
f1,f2,first_soc,front
104.52,20.4708,100,0
time
44.52
soc
68
f1,f2,first_soc,front
104.52,20.4708,100,0
time
44.52
soc
68
f1,f2,first_soc,front
104.52,20.4708,100,0
time
44.52
soc
68
f1,f2,first_soc,front
104.52,20.4708,100,0
time
44.52
soc
68
f1,f2,first_soc,front
104.52,20.4708,100,0
time
44.52
soc
68
f1,f2,first_soc,front
104.52,20.4708,100,0
time
44.52
soc
68
f1,f2,first_soc,front
104.52,20.4708,100,0
time
44.52
soc
68
f1,f2,first_soc,front
104.52,20.4708,100,0
time
44.52
soc
68
f1,f2,first_soc,front
104.52,20.4708,100,0
time
44.52
soc
68
f1,f2,first_soc,front
104.52,20.4708,100,0
time
44.52
soc
68
f1,f2,first_soc,front
104.52,20.4708,100,0
time
44.52
soc
68
f1,f2,first_soc,front
104.52,20.4708,100,0
time
44.52
soc
68
f1,f2,first_soc,front
104.015,21.0483,100,0
time
44.52
soc
67
f1,f2,first_soc,front
104.015,21.0483,100,0
time
44.52
soc
67
f1,f2,first_soc,front
104.015,21.0483,100,0
time
44.52
soc
67
f1,f2,first_soc,front
104.015,21.0483,100,0
time
44.52
soc
67
f1,f2,first_soc,front
104.015,21.0483,100,0
time
44.52
soc
67
f1,f2,first_soc,front
104.015,21.0483,100,0
time
44.52
soc
67
f1,f2,first_soc,front
104.015,21.0483,100,0
time
44.52
soc
67
f1,f2,first_soc,front
104.015,21.0483,100,0
time
44.52
soc
67
f1,f2,first_soc,front
104.015,21.0483,100,0
time
44.52
soc
67
f1,f2,first_soc,front
104.52,20.4708,100,0
time
44.52
soc
68
f1,f2,first_soc,front
104.015,21.0483,100,0
time
44.52
soc
67
f1,f2,first_soc,front
104.015,21.0483,100,0
time
44.52
soc
67
f1,f2,first_soc,front
104.52,20.4708,100,0
time
44.52
soc
68
f1,f2,first_soc,front
104.52,20.4708,100,0
time
44.52
soc
68
f1,f2,first_soc,front
104.52,20.4708,100,0
time
44.52
soc
68
f1,f2,first_soc,front
104.52,20.4708,100,0
time
44.52
soc
68
f1,f2,first_soc,front
104.52,20.4708,100,0
time
44.52
soc
68
f1,f2,first_soc,front
105.202,19.6922,100,0
time
45.88
soc
67
f1,f2,first_soc,front
105.025,19.8933,100,0
time
44.52
soc
69
f1,f2,first_soc,front
105.025,19.8933,100,0
time
44.52
soc
69
f1,f2,first_soc,front
105.025,19.8933,100,0
time
44.52
soc
69
f1,f2,first_soc,front
105.202,19.6922,100,0
time
45.88
soc
67
f1,f2,first_soc,front
105.202,19.6922,100,0
time
45.88
soc
67
f1,f2,first_soc,front
105.202,19.6922,100,0
time
45.88
soc
67
f1,f2,first_soc,front
105.202,19.6922,100,0
time
45.88
soc
67
f1,f2,first_soc,front
105.202,19.6922,100,0
time
45.88
soc
67
f1,f2,first_soc,front
105.025,19.8933,100,0
time
44.52
soc
69
f1,f2,first_soc,front
105.202,19.6922,100,0
time
45.88
soc
67
f1,f2,first_soc,front
105.202,19.6922,100,0
time
45.88
soc
67
f1,f2,first_soc,front
105.202,19.6922,100,0
time
45.88
soc
67
f1,f2,first_soc,front
105.202,19.6922,100,0
time
45.88
soc
67
f1,f2,first_soc,front
105.202,19.6922,100,0
time
45.88
soc
67
f1,f2,first_soc,front
105.202,19.6922,100,0
time
45.88
soc
67
f1,f2,first_soc,front
105.202,19.6922,100,0
time
45.88
soc
67
f1,f2,first_soc,front
105.202,19.6922,100,0
time
45.88
soc
67
f1,f2,first_soc,front
104.697,20.2697,100,0
time
45.88
soc
66
f1,f2,first_soc,front
104.52,20.4708,100,0
time
44.52
soc
68
f1,f2,first_soc,front
104.52,20.4708,100,0
time
44.52
soc
68
第19世代
f1,f2,first_soc,front
113.949,11.5601,100,0
time
44.52,62.2841,91.8475
soc
49,70,52
f1,f2,first_soc,front
104.015,21.0483,100,0
time
44.52
soc
67
f1,f2,first_soc,front
111.768,12.1847,100,0
time
45.88
soc
80
f1,f2,first_soc,front
107.222,17.3822,100,0
time
45.88
soc
71
f1,f2,first_soc,front
111.263,12.7622,100,0
time
45.88
soc
79
f1,f2,first_soc,front
108.737,15.6497,100,0
time
45.88
soc
74
f1,f2,first_soc,front
109.242,15.0722,100,0
time
45.88
soc
75
f1,f2,first_soc,front
109.747,14.4947,100,0
time
45.88
soc
76
f1,f2,first_soc,front
110.076,14.1184,100,0
time
44.52
soc
79
f1,f2,first_soc,front
110.581,13.5409,100,0
time
44.52
soc
80
f1,f2,first_soc,front
106.035,18.7383,100,0
time
44.52
soc
71
f1,f2,first_soc,front
106.212,18.5372,100,0
time
45.88
soc
69
f1,f2,first_soc,front
108.232,16.2272,100,0
time
45.88
soc
73
f1,f2,first_soc,front
107.222,17.3822,100,0
time
45.88
soc
71
f1,f2,first_soc,front
112.391,11.9595,100,0
time
45.88,95.8371
soc
70,38
f1,f2,first_soc,front
106.717,17.9597,100,0
time
45.88
soc
70
f1,f2,first_soc,front
104.52,20.4708,100,0
time
44.52
soc
68
f1,f2,first_soc,front
104.015,21.0483,100,0
time
44.52
soc
67
f1,f2,first_soc,front
110.757,13.3397,100,0
time
45.88
soc
78
f1,f2,first_soc,front
111.263,12.7622,100,0
time
45.88
soc
79
f1,f2,first_soc,front
105.025,19.8933,100,0
time
44.52
soc
69
f1,f2,first_soc,front
109.066,15.2734,100,0
time
44.52
soc
77
f1,f2,first_soc,front
105.53,19.3158,100,0
time
44.52
soc
70
f1,f2,first_soc,front
109.571,14.6959,100,0
time
44.52
soc
78
f1,f2,first_soc,front
107.55,17.0059,100,0
time
44.52
soc
74
f1,f2,first_soc,front
108.561,15.8509,100,0
time
44.52
soc
76
f1,f2,first_soc,front
106.54,18.1609,100,0
time
44.52
soc
72
f1,f2,first_soc,front
107.727,16.8047,100,0
time
45.88
soc
72
f1,f2,first_soc,front
110.252,13.9172,100,0
time
45.88
soc
77
f1,f2,first_soc,front
105.53,19.3158,100,0
time
44.52
soc
70
f1,f2,first_soc,front
109.066,15.2734,100,0
time
44.52
soc
77
f1,f2,first_soc,front
110.757,13.3397,100,0
time
45.88
soc
78
f1,f2,first_soc,front
104.52,20.4708,100,0
time
44.52
soc
68
f1,f2,first_soc,front
106.717,17.9597,100,0
time
45.88
soc
70
f1,f2,first_soc,front
104.015,21.0483,100,0
time
44.52
soc
67
f1,f2,first_soc,front
111.263,12.7622,100,0
time
45.88
soc
79
f1,f2,first_soc,front
111.768,12.1847,100,0
time
45.88
soc
80
f1,f2,first_soc,front
113.08,11.6629,100,0
time
40.44,66.6787,80.2436
soc
54,43,55
f1,f2,first_soc,front
112.618,11.7025,100,0
time
37.72,77.626
soc
75,62
f1,f2,first_soc,front
113.401,11.563,100,0
time
45.88,95.8371
soc
70,40
f1,f2,first_soc,front
113.815,11.5624,100,0
time
36.36,77.7991
soc
75,62
f1,f2,first_soc,front
107.727,16.8047,100,0
time
45.88
soc
72
f1,f2,first_soc,front
104.697,20.2697,100,0
time
45.88
soc
66
f1,f2,first_soc,front
108.055,16.4284,100,0
time
44.52
soc
75
f1,f2,first_soc,front
105.202,19.6922,100,0
time
45.88
soc
67
f1,f2,first_soc,front
110.252,13.9172,100,0
time
45.88
soc
77
f1,f2,first_soc,front
105.707,19.1147,100,0
time
45.88
soc
68
f1,f2,first_soc,front
106.035,18.7383,100,0
time
44.52
soc
71
f1,f2,first_soc,front
106.212,18.5372,100,0
time
45.88
soc
69
f1,f2,first_soc,front
110.581,13.5409,100,0
time
44.52
soc
80
f1,f2,first_soc,front
110.076,14.1184,100,0
time
44.52
soc
79
f1,f2,first_soc,front
108.055,16.4284,100,0
time
44.52
soc
75
f1,f2,first_soc,front
108.232,16.2272,100,0
time
45.88
soc
73
f1,f2,first_soc,front
108.737,15.6497,100,0
time
45.88
soc
74
f1,f2,first_soc,front
109.242,15.0722,100,0
time
45.88
soc
75
f1,f2,first_soc,front
109.747,14.4947,100,0
time
45.88
soc
76
f1,f2,first_soc,front
105.707,19.1147,100,0
time
45.88
soc
68
f1,f2,first_soc,front
112.553,11.7747,100,0
time
45.88,73.067
soc
68,76
f1,f2,first_soc,front
112.391,11.9595,100,0
time
45.88,95.8371
soc
70,38
f1,f2,first_soc,front
109.571,14.6959,100,0
time
44.52
soc
78
f1,f2,first_soc,front
108.561,15.8509,100,0
time
44.52
soc
76
f1,f2,first_soc,front
108.055,16.4284,100,0
time
44.52
soc
75
f1,f2,first_soc,front
105.202,19.6922,100,0
time
45.88
soc
67
f1,f2,first_soc,front
105.025,19.8933,100,0
time
44.52
soc
69
f1,f2,first_soc,front
107.55,17.0059,100,0
time
44.52
soc
74
f1,f2,first_soc,front
104.697,20.2697,100,0
time
45.88
soc
66
f1,f2,first_soc,front
105.707,19.1147,100,0
time
45.88
soc
68
f1,f2,first_soc,front
106.54,18.1609,100,0
time
44.52
soc
72
f1,f2,first_soc,front
113.401,11.563,100,0
time
45.88,95.8371
soc
70,40
f1,f2,first_soc,front
113.123,11.5658,100,0
time
37.72,76.6159
soc
73,63
f1,f2,first_soc,front
111.768,12.1847,100,0
time
45.88
soc
80
f1,f2,first_soc,front
112.391,11.9595,100,0
time
45.88,95.8371
soc
70,38
f1,f2,first_soc,front
108.561,15.8509,100,0
time
44.52
soc
76
f1,f2,first_soc,front
109.571,14.6959,100,0
time
44.52
soc
78
f1,f2,first_soc,front
104.52,20.4708,100,0
time
44.52
soc
68
f1,f2,first_soc,front
110.757,13.3397,100,0
time
45.88
soc
78
f1,f2,first_soc,front
107.55,17.0059,100,0
time
44.52
soc
74
f1,f2,first_soc,front
106.54,18.1609,100,0
time
44.52
soc
72
f1,f2,first_soc,front
104.697,20.2697,100,0
time
45.88
soc
66
f1,f2,first_soc,front
106.717,17.9597,100,0
time
45.88
soc
70
f1,f2,first_soc,front
105.025,19.8933,100,0
time
44.52
soc
69
f1,f2,first_soc,front
105.202,19.6922,100,0
time
45.88
soc
67
f1,f2,first_soc,front
104.697,20.2697,100,0
time
45.88
soc
66
f1,f2,first_soc,front
106.717,17.9597,100,0
time
45.88
soc
70
f1,f2,first_soc,front
110.757,13.3397,100,0
time
45.88
soc
78
f1,f2,first_soc,front
105.202,19.6922,100,0
time
45.88
soc
67
f1,f2,first_soc,front
107.727,16.8047,100,0
time
45.88
soc
72
f1,f2,first_soc,front
104.52,20.4708,100,0
time
44.52
soc
68
f1,f2,first_soc,front
110.252,13.9172,100,0
time
45.88
soc
77
f1,f2,first_soc,front
113.08,11.6629,100,0
time
40.44,66.6787,80.2436
soc
54,43,55
f1,f2,first_soc,front
112.553,11.7747,100,0
time
45.88,73.067
soc
68,76
f1,f2,first_soc,front
113.949,11.5601,100,0
time
44.52,61.7791,91.8475
soc
48,70,52
f1,f2,first_soc,front
113.815,11.5624,100,0
time
36.36,77.7991
soc
75,62
f1,f2,first_soc,front
113.123,11.5658,100,0
time
37.72,76.6159
soc
73,63
f1,f2,first_soc,front
112.618,11.7025,100,0
time
37.72,77.626
soc
75,62
f1,f2,first_soc,front
112.618,11.7025,100,0
time
37.72,77.1209
soc
74,62
f1,f2,first_soc,front
113.123,11.5658,100,0
time
37.72,76.6159
soc
73,63
f1,f2,first_soc,front
112.618,11.7025,100,0
time
37.72,77.1209
soc
74,62
f1,f2,first_soc,front
105.202,19.6922,100,0
time
45.88
soc
67
f1,f2,first_soc,front
105.202,19.6922,100,0
time
45.88
soc
67
f1,f2,first_soc,front
105.202,19.6922,100,0
time
45.88
soc
67
f1,f2,first_soc,front
105.202,19.6922,100,0
time
45.88
soc
67
f1,f2,first_soc,front
105.202,19.6922,100,0
time
45.88
soc
67
f1,f2,first_soc,front
105.202,19.6922,100,0
time
45.88
soc
67
f1,f2,first_soc,front
105.202,19.6922,100,0
time
45.88
soc
67
f1,f2,first_soc,front
105.202,19.6922,100,0
time
45.88
soc
67
f1,f2,first_soc,front
105.202,19.6922,100,0
time
45.88
soc
67
f1,f2,first_soc,front
105.202,19.6922,100,0
time
45.88
soc
67
f1,f2,first_soc,front
105.202,19.6922,100,0
time
45.88
soc
67
f1,f2,first_soc,front
105.202,19.6922,100,0
time
45.88
soc
67
f1,f2,first_soc,front
105.202,19.6922,100,0
time
45.88
soc
67
f1,f2,first_soc,front
105.202,19.6922,100,0
time
45.88
soc
67
f1,f2,first_soc,front
105.202,19.6922,100,0
time
45.88
soc
67
f1,f2,first_soc,front
105.202,19.6922,100,0
time
45.88
soc
67
f1,f2,first_soc,front
105.202,19.6922,100,0
time
45.88
soc
67
f1,f2,first_soc,front
105.202,19.6922,100,0
time
45.88
soc
67
f1,f2,first_soc,front
105.202,19.6922,100,0
time
45.88
soc
67
f1,f2,first_soc,front
105.202,19.6922,100,0
time
45.88
soc
67
f1,f2,first_soc,front
105.202,19.6922,100,0
time
45.88
soc
67
f1,f2,first_soc,front
112.618,11.7025,100,0
time
37.72,77.626
soc
75,62
f1,f2,first_soc,front
112.618,11.7025,100,0
time
37.72,77.626
soc
75,62
f1,f2,first_soc,front
112.618,11.7025,100,0
time
37.72,77.626
soc
75,62
f1,f2,first_soc,front
105.025,19.8933,100,0
time
44.52
soc
69
f1,f2,first_soc,front
105.025,19.8933,100,0
time
44.52
soc
69
f1,f2,first_soc,front
105.025,19.8933,100,0
time
44.52
soc
69
f1,f2,first_soc,front
105.025,19.8933,100,0
time
44.52
soc
69
f1,f2,first_soc,front
105.025,19.8933,100,0
time
44.52
soc
69
f1,f2,first_soc,front
105.025,19.8933,100,0
time
44.52
soc
69
f1,f2,first_soc,front
105.025,19.8933,100,0
time
44.52
soc
69
f1,f2,first_soc,front
105.202,19.6922,100,0
time
45.88
soc
67
f1,f2,first_soc,front
105.202,19.6922,100,0
time
45.88
soc
67
f1,f2,first_soc,front
105.202,19.6922,100,0
time
45.88
soc
67
f1,f2,first_soc,front
105.202,19.6922,100,0
time
45.88
soc
67
f1,f2,first_soc,front
105.202,19.6922,100,0
time
45.88
soc
67
f1,f2,first_soc,front
105.202,19.6922,100,0
time
45.88
soc
67
f1,f2,first_soc,front
105.202,19.6922,100,0
time
45.88
soc
67
f1,f2,first_soc,front
105.202,19.6922,100,0
time
45.88
soc
67
f1,f2,first_soc,front
105.202,19.6922,100,0
time
45.88
soc
67
f1,f2,first_soc,front
105.202,19.6922,100,0
time
45.88
soc
67
f1,f2,first_soc,front
105.202,19.6922,100,0
time
45.88
soc
67
f1,f2,first_soc,front
105.202,19.6922,100,0
time
45.88
soc
67
f1,f2,first_soc,front
105.202,19.6922,100,0
time
45.88
soc
67
f1,f2,first_soc,front
105.202,19.6922,100,0
time
45.88
soc
67
f1,f2,first_soc,front
105.202,19.6922,100,0
time
45.88
soc
67
f1,f2,first_soc,front
105.202,19.6922,100,0
time
45.88
soc
67
f1,f2,first_soc,front
105.202,19.6922,100,0
time
45.88
soc
67
f1,f2,first_soc,front
105.202,19.6922,100,0
time
45.88
soc
67
f1,f2,first_soc,front
105.202,19.6922,100,0
time
45.88
soc
67
f1,f2,first_soc,front
105.202,19.6922,100,0
time
45.88
soc
67
f1,f2,first_soc,front
105.202,19.6922,100,0
time
45.88
soc
67
f1,f2,first_soc,front
105.202,19.6922,100,0
time
45.88
soc
67
f1,f2,first_soc,front
105.202,19.6922,100,0
time
45.88
soc
67
f1,f2,first_soc,front
105.202,19.6922,100,0
time
45.88
soc
67
f1,f2,first_soc,front
105.202,19.6922,100,0
time
45.88
soc
67
f1,f2,first_soc,front
105.202,19.6922,100,0
time
45.88
soc
67
f1,f2,first_soc,front
105.202,19.6922,100,0
time
45.88
soc
67
f1,f2,first_soc,front
105.202,19.6922,100,0
time
45.88
soc
67
f1,f2,first_soc,front
105.202,19.6922,100,0
time
45.88
soc
67
f1,f2,first_soc,front
105.202,19.6922,100,0
time
45.88
soc
67
f1,f2,first_soc,front
112.618,11.7025,100,0
time
37.72,77.626
soc
75,62
f1,f2,first_soc,front
105.202,19.6922,100,0
time
45.88
soc
67
f1,f2,first_soc,front
105.202,19.6922,100,0
time
45.88
soc
67
f1,f2,first_soc,front
105.202,19.6922,100,0
time
45.88
soc
67
f1,f2,first_soc,front
104.52,20.4708,100,0
time
44.52
soc
68
f1,f2,first_soc,front
113.815,11.5624,100,0
time
36.36,77.7991
soc
75,62
f1,f2,first_soc,front
104.52,20.4708,100,0
time
44.52
soc
68
f1,f2,first_soc,front
104.52,20.4708,100,0
time
44.52
soc
68
f1,f2,first_soc,front
104.52,20.4708,100,0
time
44.52
soc
68
f1,f2,first_soc,front
104.52,20.4708,100,0
time
44.52
soc
68
f1,f2,first_soc,front
104.52,20.4708,100,0
time
44.52
soc
68
f1,f2,first_soc,front
104.52,20.4708,100,0
time
44.52
soc
68
f1,f2,first_soc,front
104.52,20.4708,100,0
time
44.52
soc
68
f1,f2,first_soc,front
113.815,11.5624,100,0
time
36.36,77.7991
soc
75,62
f1,f2,first_soc,front
104.52,20.4708,100,0
time
44.52
soc
68
f1,f2,first_soc,front
104.52,20.4708,100,0
time
44.52
soc
68
f1,f2,first_soc,front
104.52,20.4708,100,0
time
44.52
soc
68
f1,f2,first_soc,front
104.52,20.4708,100,0
time
44.52
soc
68
f1,f2,first_soc,front
104.52,20.4708,100,0
time
44.52
soc
68
f1,f2,first_soc,front
104.52,20.4708,100,0
time
44.52
soc
68
f1,f2,first_soc,front
104.52,20.4708,100,0
time
44.52
soc
68
f1,f2,first_soc,front
104.52,20.4708,100,0
time
44.52
soc
68
f1,f2,first_soc,front
104.015,21.0483,100,0
time
44.52
soc
67
f1,f2,first_soc,front
104.015,21.0483,100,0
time
44.52
soc
67
f1,f2,first_soc,front
104.015,21.0483,100,0
time
44.52
soc
67
f1,f2,first_soc,front
104.015,21.0483,100,0
time
44.52
soc
67
f1,f2,first_soc,front
104.015,21.0483,100,0
time
44.52
soc
67
f1,f2,first_soc,front
104.015,21.0483,100,0
time
44.52
soc
67
f1,f2,first_soc,front
104.015,21.0483,100,0
time
44.52
soc
67
f1,f2,first_soc,front
104.015,21.0483,100,0
time
44.52
soc
67
f1,f2,first_soc,front
104.015,21.0483,100,0
time
44.52
soc
67
f1,f2,first_soc,front
104.015,21.0483,100,0
time
44.52
soc
67
f1,f2,first_soc,front
104.015,21.0483,100,0
time
44.52
soc
67
f1,f2,first_soc,front
104.015,21.0483,100,0
time
44.52
soc
67
f1,f2,first_soc,front
104.015,21.0483,100,0
time
44.52
soc
67
f1,f2,first_soc,front
104.015,21.0483,100,0
time
44.52
soc
67
f1,f2,first_soc,front
113.815,11.5624,100,0
time
36.36,77.7991
soc
75,62
f1,f2,first_soc,front
104.52,20.4708,100,0
time
44.52
soc
68
f1,f2,first_soc,front
104.697,20.2697,100,0
time
45.88
soc
66
f1,f2,first_soc,front
104.697,20.2697,100,0
time
45.88
soc
66
f1,f2,first_soc,front
104.697,20.2697,100,0
time
45.88
soc
66
第20世代
f1,f2,first_soc,front
104.015,21.0483,100,0
time
44.52
soc
67
f1,f2,first_soc,front
113.949,11.5601,100,0
time
44.52,61.7791,91.8475
soc
48,70,52
f1,f2,first_soc,front
111.768,12.1847,100,0
time
45.88
soc
80
f1,f2,first_soc,front
111.263,12.7622,100,0
time
45.88
soc
79
f1,f2,first_soc,front
110.757,13.3397,100,0
time
45.88
soc
78
f1,f2,first_soc,front
112.391,11.9595,100,0
time
45.88,95.8371
soc
70,38
f1,f2,first_soc,front
109.066,15.2734,100,0
time
44.52
soc
77
f1,f2,first_soc,front
108.055,16.4284,100,0
time
44.52
soc
75
f1,f2,first_soc,front
105.53,19.3158,100,0
time
44.52
soc
70
f1,f2,first_soc,front
109.571,14.6959,100,0
time
44.52
soc
78
f1,f2,first_soc,front
110.076,14.1184,100,0
time
44.52
soc
79
f1,f2,first_soc,front
106.035,18.7383,100,0
time
44.52
soc
71
f1,f2,first_soc,front
106.54,18.1609,100,0
time
44.52
soc
72
f1,f2,first_soc,front
108.561,15.8509,100,0
time
44.52
soc
76
f1,f2,first_soc,front
107.55,17.0059,100,0
time
44.52
soc
74
f1,f2,first_soc,front
106.717,17.9597,100,0
time
45.88
soc
70
f1,f2,first_soc,front
104.52,20.4708,100,0
time
44.52
soc
68
f1,f2,first_soc,front
104.015,21.0483,100,0
time
44.52
soc
67
f1,f2,first_soc,front
106.717,17.9597,100,0
time
45.88
soc
70
f1,f2,first_soc,front
107.222,17.3822,100,0
time
45.88
soc
71
f1,f2,first_soc,front
111.263,12.7622,100,0
time
45.88
soc
79
f1,f2,first_soc,front
109.747,14.4947,100,0
time
45.88
soc
76
f1,f2,first_soc,front
110.581,13.5409,100,0
time
44.52
soc
80
f1,f2,first_soc,front
105.707,19.1147,100,0
time
45.88
soc
68
f1,f2,first_soc,front
108.232,16.2272,100,0
time
45.88
soc
73
f1,f2,first_soc,front
108.737,15.6497,100,0
time
45.88
soc
74
f1,f2,first_soc,front
109.747,14.4947,100,0
time
45.88
soc
76
f1,f2,first_soc,front
105.707,19.1147,100,0
time
45.88
soc
68
f1,f2,first_soc,front
110.581,13.5409,100,0
time
44.52
soc
80
f1,f2,first_soc,front
104.697,20.2697,100,0
time
45.88
soc
66
f1,f2,first_soc,front
107.727,16.8047,100,0
time
45.88
soc
72
f1,f2,first_soc,front
105.025,19.8933,100,0
time
44.52
soc
69
f1,f2,first_soc,front
112.618,11.7025,100,0
time
37.72,77.1209
soc
74,62
f1,f2,first_soc,front
111.768,12.1847,100,0
time
45.88
soc
80
f1,f2,first_soc,front
107.222,17.3822,100,0
time
45.88
soc
71
f1,f2,first_soc,front
104.52,20.4708,100,0
time
44.52
soc
68
f1,f2,first_soc,front
111.263,12.7622,100,0
time
45.88
soc
79
f1,f2,first_soc,front
104.015,21.0483,100,0
time
44.52
soc
67
f1,f2,first_soc,front
113.08,11.6629,100,0
time
40.44,66.6787,80.2436
soc
54,43,55
f1,f2,first_soc,front
113.401,11.563,100,0
time
45.88,95.8371
soc
70,40
f1,f2,first_soc,front
113.815,11.5624,100,0
time
36.36,77.7991
soc
75,62
f1,f2,first_soc,front
107.727,16.8047,100,0
time
45.88
soc
72
f1,f2,first_soc,front
108.737,15.6497,100,0
time
45.88
soc
74
f1,f2,first_soc,front
105.202,19.6922,100,0
time
45.88
soc
67
f1,f2,first_soc,front
105.025,19.8933,100,0
time
44.52
soc
69
f1,f2,first_soc,front
104.697,20.2697,100,0
time
45.88
soc
66
f1,f2,first_soc,front
109.242,15.0722,100,0
time
45.88
soc
75
f1,f2,first_soc,front
110.252,13.9172,100,0
time
45.88
soc
77
f1,f2,first_soc,front
106.212,18.5372,100,0
time
45.88
soc
69
f1,f2,first_soc,front
108.232,16.2272,100,0
time
45.88
soc
73
f1,f2,first_soc,front
107.222,17.3822,100,0
time
45.88
soc
71
f1,f2,first_soc,front
106.212,18.5372,100,0
time
45.88
soc
69
f1,f2,first_soc,front
106.035,18.7383,100,0
time
44.52
soc
71
f1,f2,first_soc,front
110.076,14.1184,100,0
time
44.52
soc
79
f1,f2,first_soc,front
108.055,16.4284,100,0
time
44.52
soc
75
f1,f2,first_soc,front
106.54,18.1609,100,0
time
44.52
soc
72
f1,f2,first_soc,front
110.757,13.3397,100,0
time
45.88
soc
78
f1,f2,first_soc,front
109.571,14.6959,100,0
time
44.52
soc
78
f1,f2,first_soc,front
105.53,19.3158,100,0
time
44.52
soc
70
f1,f2,first_soc,front
108.561,15.8509,100,0
time
44.52
soc
76
f1,f2,first_soc,front
107.55,17.0059,100,0
time
44.52
soc
74
f1,f2,first_soc,front
109.066,15.2734,100,0
time
44.52
soc
77
f1,f2,first_soc,front
112.391,11.9595,100,0
time
45.88,95.8371
soc
70,38
f1,f2,first_soc,front
109.242,15.0722,100,0
time
45.88
soc
75
f1,f2,first_soc,front
107.222,17.3822,100,0
time
45.88
soc
71
f1,f2,first_soc,front
105.202,19.6922,100,0
time
45.88
soc
67
f1,f2,first_soc,front
106.212,18.5372,100,0
time
45.88
soc
69
f1,f2,first_soc,front
110.252,13.9172,100,0
time
45.88
soc
77
f1,f2,first_soc,front
113.401,11.563,100,0
time
45.88,95.8371
soc
70,40
f1,f2,first_soc,front
113.123,11.5658,100,0
time
37.72,76.6159
soc
73,63
f1,f2,first_soc,front
111.768,12.1847,100,0
time
45.88
soc
80
f1,f2,first_soc,front
104.52,20.4708,100,0
time
44.52
soc
68
f1,f2,first_soc,front
109.242,15.0722,100,0
time
45.88
soc
75
f1,f2,first_soc,front
110.252,13.9172,100,0
time
45.88
soc
77
f1,f2,first_soc,front
105.202,19.6922,100,0
time
45.88
soc
67
f1,f2,first_soc,front
112.553,11.7747,100,0
time
45.88,73.067
soc
68,76
f1,f2,first_soc,front
107.727,16.8047,100,0
time
45.88
soc
72
f1,f2,first_soc,front
109.242,15.0722,100,0
time
45.88
soc
75
f1,f2,first_soc,front
105.025,19.8933,100,0
time
44.52
soc
69
f1,f2,first_soc,front
104.697,20.2697,100,0
time
45.88
soc
66
f1,f2,first_soc,front
108.232,16.2272,100,0
time
45.88
soc
73
f1,f2,first_soc,front
104.52,20.4708,100,0
time
44.52
soc
68
f1,f2,first_soc,front
110.252,13.9172,100,0
time
45.88
soc
77
f1,f2,first_soc,front
105.202,19.6922,100,0
time
45.88
soc
67
f1,f2,first_soc,front
108.737,15.6497,100,0
time
45.88
soc
74
f1,f2,first_soc,front
106.717,17.9597,100,0
time
45.88
soc
70
f1,f2,first_soc,front
112.553,11.7747,100,0
time
45.88,73.067
soc
68,76
f1,f2,first_soc,front
113.08,11.6629,100,0
time
40.44,66.6787,80.2436
soc
54,43,55
f1,f2,first_soc,front
112.553,11.7747,100,0
time
45.88,73.067
soc
68,76
f1,f2,first_soc,front
113.949,11.5601,100,0
time
44.52,61.7791,91.8475
soc
48,70,52
f1,f2,first_soc,front
113.815,11.5624,100,0
time
36.36,77.7991
soc
75,62
f1,f2,first_soc,front
113.123,11.5658,100,0
time
37.72,76.6159
soc
73,63
f1,f2,first_soc,front
112.618,11.7025,100,0
time
37.72,77.626
soc
75,62
f1,f2,first_soc,front
113.123,11.5658,100,0
time
37.72,76.6159
soc
73,63
f1,f2,first_soc,front
112.618,11.7025,100,0
time
37.72,77.1209
soc
74,62
f1,f2,first_soc,front
113.123,11.5658,100,0
time
37.72,76.6159
soc
73,63
f1,f2,first_soc,front
113.815,11.5624,100,0
time
36.36,77.7991
soc
75,62
f1,f2,first_soc,front
104.015,21.0483,100,0
time
44.52
soc
67
f1,f2,first_soc,front
104.015,21.0483,100,0
time
44.52
soc
67
f1,f2,first_soc,front
105.202,19.6922,100,0
time
45.88
soc
67
f1,f2,first_soc,front
105.202,19.6922,100,0
time
45.88
soc
67
f1,f2,first_soc,front
105.202,19.6922,100,0
time
45.88
soc
67
f1,f2,first_soc,front
104.015,21.0483,100,0
time
44.52
soc
67
f1,f2,first_soc,front
105.202,19.6922,100,0
time
45.88
soc
67
f1,f2,first_soc,front
105.202,19.6922,100,0
time
45.88
soc
67
f1,f2,first_soc,front
105.202,19.6922,100,0
time
45.88
soc
67
f1,f2,first_soc,front
105.202,19.6922,100,0
time
45.88
soc
67
f1,f2,first_soc,front
105.202,19.6922,100,0
time
45.88
soc
67
f1,f2,first_soc,front
105.202,19.6922,100,0
time
45.88
soc
67
f1,f2,first_soc,front
105.202,19.6922,100,0
time
45.88
soc
67
f1,f2,first_soc,front
105.202,19.6922,100,0
time
45.88
soc
67
f1,f2,first_soc,front
105.202,19.6922,100,0
time
45.88
soc
67
f1,f2,first_soc,front
105.202,19.6922,100,0
time
45.88
soc
67
f1,f2,first_soc,front
105.202,19.6922,100,0
time
45.88
soc
67
f1,f2,first_soc,front
105.202,19.6922,100,0
time
45.88
soc
67
f1,f2,first_soc,front
105.202,19.6922,100,0
time
45.88
soc
67
f1,f2,first_soc,front
104.015,21.0483,100,0
time
44.52
soc
67
f1,f2,first_soc,front
105.202,19.6922,100,0
time
45.88
soc
67
f1,f2,first_soc,front
105.202,19.6922,100,0
time
45.88
soc
67
f1,f2,first_soc,front
105.202,19.6922,100,0
time
45.88
soc
67
f1,f2,first_soc,front
105.202,19.6922,100,0
time
45.88
soc
67
f1,f2,first_soc,front
105.202,19.6922,100,0
time
45.88
soc
67
f1,f2,first_soc,front
105.202,19.6922,100,0
time
45.88
soc
67
f1,f2,first_soc,front
105.202,19.6922,100,0
time
45.88
soc
67
f1,f2,first_soc,front
105.202,19.6922,100,0
time
45.88
soc
67
f1,f2,first_soc,front
105.202,19.6922,100,0
time
45.88
soc
67
f1,f2,first_soc,front
105.202,19.6922,100,0
time
45.88
soc
67
f1,f2,first_soc,front
105.202,19.6922,100,0
time
45.88
soc
67
f1,f2,first_soc,front
105.202,19.6922,100,0
time
45.88
soc
67
f1,f2,first_soc,front
105.202,19.6922,100,0
time
45.88
soc
67
f1,f2,first_soc,front
105.202,19.6922,100,0
time
45.88
soc
67
f1,f2,first_soc,front
105.202,19.6922,100,0
time
45.88
soc
67
f1,f2,first_soc,front
105.202,19.6922,100,0
time
45.88
soc
67
f1,f2,first_soc,front
105.202,19.6922,100,0
time
45.88
soc
67
f1,f2,first_soc,front
105.202,19.6922,100,0
time
45.88
soc
67
f1,f2,first_soc,front
105.202,19.6922,100,0
time
45.88
soc
67
f1,f2,first_soc,front
105.202,19.6922,100,0
time
45.88
soc
67
f1,f2,first_soc,front
105.202,19.6922,100,0
time
45.88
soc
67
f1,f2,first_soc,front
105.202,19.6922,100,0
time
45.88
soc
67
f1,f2,first_soc,front
104.015,21.0483,100,0
time
44.52
soc
67
f1,f2,first_soc,front
104.015,21.0483,100,0
time
44.52
soc
67
f1,f2,first_soc,front
105.202,19.6922,100,0
time
45.88
soc
67
f1,f2,first_soc,front
104.015,21.0483,100,0
time
44.52
soc
67
f1,f2,first_soc,front
105.202,19.6922,100,0
time
45.88
soc
67
f1,f2,first_soc,front
105.202,19.6922,100,0
time
45.88
soc
67
f1,f2,first_soc,front
105.202,19.6922,100,0
time
45.88
soc
67
f1,f2,first_soc,front
105.202,19.6922,100,0
time
45.88
soc
67
f1,f2,first_soc,front
105.202,19.6922,100,0
time
45.88
soc
67
f1,f2,first_soc,front
104.015,21.0483,100,0
time
44.52
soc
67
f1,f2,first_soc,front
105.202,19.6922,100,0
time
45.88
soc
67
f1,f2,first_soc,front
104.015,21.0483,100,0
time
44.52
soc
67
f1,f2,first_soc,front
105.202,19.6922,100,0
time
45.88
soc
67
f1,f2,first_soc,front
105.202,19.6922,100,0
time
45.88
soc
67
f1,f2,first_soc,front
104.697,20.2697,100,0
time
45.88
soc
66
f1,f2,first_soc,front
104.697,20.2697,100,0
time
45.88
soc
66
f1,f2,first_soc,front
104.697,20.2697,100,0
time
45.88
soc
66
f1,f2,first_soc,front
104.52,20.4708,100,0
time
44.52
soc
68
f1,f2,first_soc,front
104.697,20.2697,100,0
time
45.88
soc
66
f1,f2,first_soc,front
104.697,20.2697,100,0
time
45.88
soc
66
f1,f2,first_soc,front
104.52,20.4708,100,0
time
44.52
soc
68
f1,f2,first_soc,front
104.52,20.4708,100,0
time
44.52
soc
68
f1,f2,first_soc,front
104.697,20.2697,100,0
time
45.88
soc
66
f1,f2,first_soc,front
104.697,20.2697,100,0
time
45.88
soc
66
f1,f2,first_soc,front
104.697,20.2697,100,0
time
45.88
soc
66
f1,f2,first_soc,front
104.697,20.2697,100,0
time
45.88
soc
66
f1,f2,first_soc,front
104.52,20.4708,100,0
time
44.52
soc
68
f1,f2,first_soc,front
104.52,20.4708,100,0
time
44.52
soc
68
f1,f2,first_soc,front
105.025,19.8933,100,0
time
44.52
soc
69
f1,f2,first_soc,front
105.025,19.8933,100,0
time
44.52
soc
69
f1,f2,first_soc,front
106.212,18.5372,100,0
time
45.88
soc
69
f1,f2,first_soc,front
105.025,19.8933,100,0
time
44.52
soc
69
f1,f2,first_soc,front
104.52,20.4708,100,0
time
44.52
soc
68
f1,f2,first_soc,front
104.52,20.4708,100,0
time
44.52
soc
68
f1,f2,first_soc,front
104.697,20.2697,100,0
time
45.88
soc
66
f1,f2,first_soc,front
104.697,20.2697,100,0
time
45.88
soc
66
f1,f2,first_soc,front
104.697,20.2697,100,0
time
45.88
soc
66
f1,f2,first_soc,front
104.697,20.2697,100,0
time
45.88
soc
66
f1,f2,first_soc,front
104.52,20.4708,100,0
time
44.52
soc
68
f1,f2,first_soc,front
104.52,20.4708,100,0
time
44.52
soc
68
f1,f2,first_soc,front
104.52,20.4708,100,0
time
44.52
soc
68
f1,f2,first_soc,front
104.52,20.4708,100,0
time
44.52
soc
68
f1,f2,first_soc,front
104.52,20.4708,100,0
time
44.52
soc
68
f1,f2,first_soc,front
104.52,20.4708,100,0
time
44.52
soc
68
f1,f2,first_soc,front
104.52,20.4708,100,0
time
44.52
soc
68
f1,f2,first_soc,front
104.52,20.4708,100,0
time
44.52
soc
68
f1,f2,first_soc,front
104.52,20.4708,100,0
time
44.52
soc
68
f1,f2,first_soc,front
105.025,19.8933,100,0
time
44.52
soc
69
f1,f2,first_soc,front
105.202,19.6922,100,0
time
45.88
soc
67
f1,f2,first_soc,front
105.202,19.6922,100,0
time
45.88
soc
67
f1,f2,first_soc,front
105.202,19.6922,100,0
time
45.88
soc
67
f1,f2,first_soc,front
105.202,19.6922,100,0
time
45.88
soc
67
f1,f2,first_soc,front
104.015,21.0483,100,0
time
44.52
soc
67
f1,f2,first_soc,front
105.202,19.6922,100,0
time
45.88
soc
67
f1,f2,first_soc,front
105.202,19.6922,100,0
time
45.88
soc
67
f1,f2,first_soc,front
104.52,20.4708,100,0
time
44.52
soc
68
f1,f2,first_soc,front
105.202,19.6922,100,0
time
45.88
soc
67
f1,f2,first_soc,front
104.015,21.0483,100,0
time
44.52
soc
67
f1,f2,first_soc,front
105.202,19.6922,100,0
time
45.88
soc
67
f1,f2,first_soc,front
105.202,19.6922,100,0
time
45.88
soc
67
f1,f2,first_soc,front
104.015,21.0483,100,0
time
44.52
soc
67
第21世代
f1,f2,first_soc,front
104.015,21.0483,100,0
time
44.52
soc
67
f1,f2,first_soc,front
113.949,11.5601,100,0
time
44.52,61.7791,91.8475
soc
48,70,52
f1,f2,first_soc,front
111.768,12.1847,100,0
time
45.88
soc
80
f1,f2,first_soc,front
106.717,17.9597,100,0
time
45.88
soc
70
f1,f2,first_soc,front
111.263,12.7622,100,0
time
45.88
soc
79
f1,f2,first_soc,front
110.757,13.3397,100,0
time
45.88
soc
78
f1,f2,first_soc,front
112.391,11.9595,100,0
time
45.88,95.8371
soc
70,38
f1,f2,first_soc,front
109.066,15.2734,100,0
time
44.52
soc
77
f1,f2,first_soc,front
108.737,15.6497,100,0
time
45.88
soc
74
f1,f2,first_soc,front
108.055,16.4284,100,0
time
44.52
soc
75
f1,f2,first_soc,front
110.252,13.9172,100,0
time
45.88
soc
77
f1,f2,first_soc,front
109.747,14.4947,100,0
time
45.88
soc
76
f1,f2,first_soc,front
109.571,14.6959,100,0
time
44.52
soc
78
f1,f2,first_soc,front
105.707,19.1147,100,0
time
45.88
soc
68
f1,f2,first_soc,front
106.035,18.7383,100,0
time
44.52
soc
71
f1,f2,first_soc,front
108.561,15.8509,100,0
time
44.52
soc
76
f1,f2,first_soc,front
107.55,17.0059,100,0
time
44.52
soc
74
f1,f2,first_soc,front
104.015,21.0483,100,0
time
44.52
soc
67
f1,f2,first_soc,front
104.52,20.4708,100,0
time
44.52
soc
68
f1,f2,first_soc,front
107.222,17.3822,100,0
time
45.88
soc
71
f1,f2,first_soc,front
111.263,12.7622,100,0
time
45.88
soc
79
f1,f2,first_soc,front
105.025,19.8933,100,0
time
44.52
soc
69
f1,f2,first_soc,front
110.076,14.1184,100,0
time
44.52
soc
79
f1,f2,first_soc,front
108.232,16.2272,100,0
time
45.88
soc
73
f1,f2,first_soc,front
106.212,18.5372,100,0
time
45.88
soc
69
f1,f2,first_soc,front
107.727,16.8047,100,0
time
45.88
soc
72
f1,f2,first_soc,front
106.54,18.1609,100,0
time
44.52
soc
72
f1,f2,first_soc,front
109.242,15.0722,100,0
time
45.88
soc
75
f1,f2,first_soc,front
105.53,19.3158,100,0
time
44.52
soc
70
f1,f2,first_soc,front
110.581,13.5409,100,0
time
44.52
soc
80
f1,f2,first_soc,front
112.618,11.7025,100,0
time
37.72,77.1209
soc
74,62
f1,f2,first_soc,front
111.263,12.7622,100,0
time
45.88
soc
79
f1,f2,first_soc,front
107.222,17.3822,100,0
time
45.88
soc
71
f1,f2,first_soc,front
104.52,20.4708,100,0
time
44.52
soc
68
f1,f2,first_soc,front
104.015,21.0483,100,0
time
44.52
soc
67
f1,f2,first_soc,front
111.768,12.1847,100,0
time
45.88
soc
80
f1,f2,first_soc,front
113.08,11.6629,100,0
time
40.44,67.1837,80.2436
soc
55,43,55
f1,f2,first_soc,front
113.815,11.5624,100,0
time
36.36,77.7991
soc
75,62
f1,f2,first_soc,front
113.401,11.563,100,0
time
45.88,95.8371
soc
70,40
f1,f2,first_soc,front
107.727,16.8047,100,0
time
45.88
soc
72
f1,f2,first_soc,front
105.53,19.3158,100,0
time
44.52
soc
70
f1,f2,first_soc,front
104.697,20.2697,100,0
time
45.88
soc
66
f1,f2,first_soc,front
105.202,19.6922,100,0
time
45.88
soc
67
f1,f2,first_soc,front
110.581,13.5409,100,0
time
44.52
soc
80
f1,f2,first_soc,front
109.242,15.0722,100,0
time
45.88
soc
75
f1,f2,first_soc,front
107.222,17.3822,100,0
time
45.88
soc
71
f1,f2,first_soc,front
106.54,18.1609,100,0
time
44.52
soc
72
f1,f2,first_soc,front
106.212,18.5372,100,0
time
45.88
soc
69
f1,f2,first_soc,front
106.035,18.7383,100,0
time
44.52
soc
71
f1,f2,first_soc,front
109.747,14.4947,100,0
time
45.88
soc
76
f1,f2,first_soc,front
110.757,13.3397,100,0
time
45.88
soc
78
f1,f2,first_soc,front
105.707,19.1147,100,0
time
45.88
soc
68
f1,f2,first_soc,front
107.55,17.0059,100,0
time
44.52
soc
74
f1,f2,first_soc,front
110.252,13.9172,100,0
time
45.88
soc
77
f1,f2,first_soc,front
108.055,16.4284,100,0
time
44.52
soc
75
f1,f2,first_soc,front
109.571,14.6959,100,0
time
44.52
soc
78
f1,f2,first_soc,front
108.561,15.8509,100,0
time
44.52
soc
76
f1,f2,first_soc,front
109.066,15.2734,100,0
time
44.52
soc
77
f1,f2,first_soc,front
112.553,11.7747,100,0
time
45.88,73.067
soc
68,76
f1,f2,first_soc,front
112.391,11.9595,100,0
time
45.88,95.8371
soc
70,38
f1,f2,first_soc,front
110.076,14.1184,100,0
time
44.52
soc
79
f1,f2,first_soc,front
104.697,20.2697,100,0
time
45.88
soc
66
f1,f2,first_soc,front
108.232,16.2272,100,0
time
45.88
soc
73
f1,f2,first_soc,front
105.202,19.6922,100,0
time
45.88
soc
67
f1,f2,first_soc,front
105.025,19.8933,100,0
time
44.52
soc
69
f1,f2,first_soc,front
107.222,17.3822,100,0
time
45.88
soc
71
f1,f2,first_soc,front
113.123,11.5658,100,0
time
37.72,76.6159
soc
73,63
f1,f2,first_soc,front
113.401,11.563,100,0
time
45.88,95.8371
soc
70,40
f1,f2,first_soc,front
111.768,12.1847,100,0
time
45.88
soc
80
f1,f2,first_soc,front
108.232,16.2272,100,0
time
45.88
soc
73
f1,f2,first_soc,front
108.737,15.6497,100,0
time
45.88
soc
74
f1,f2,first_soc,front
104.52,20.4708,100,0
time
44.52
soc
68
f1,f2,first_soc,front
106.717,17.9597,100,0
time
45.88
soc
70
f1,f2,first_soc,front
104.697,20.2697,100,0
time
45.88
soc
66
f1,f2,first_soc,front
110.076,14.1184,100,0
time
44.52
soc
79
f1,f2,first_soc,front
105.202,19.6922,100,0
time
45.88
soc
67
f1,f2,first_soc,front
105.025,19.8933,100,0
time
44.52
soc
69
f1,f2,first_soc,front
109.242,15.0722,100,0
time
45.88
soc
75
f1,f2,first_soc,front
106.54,18.1609,100,0
time
44.52
soc
72
f1,f2,first_soc,front
106.212,18.5372,100,0
time
45.88
soc
69
f1,f2,first_soc,front
104.697,20.2697,100,0
time
45.88
soc
66
f1,f2,first_soc,front
108.737,15.6497,100,0
time
45.88
soc
74
f1,f2,first_soc,front
104.52,20.4708,100,0
time
44.52
soc
68
f1,f2,first_soc,front
106.717,17.9597,100,0
time
45.88
soc
70
f1,f2,first_soc,front
107.727,16.8047,100,0
time
45.88
soc
72
f1,f2,first_soc,front
105.53,19.3158,100,0
time
44.52
soc
70
f1,f2,first_soc,front
105.202,19.6922,100,0
time
45.88
soc
67
f1,f2,first_soc,front
110.581,13.5409,100,0
time
44.52
soc
80
f1,f2,first_soc,front
113.08,11.6629,100,0
time
40.44,66.6787,80.2436
soc
54,43,55
f1,f2,first_soc,front
112.553,11.7747,100,0
time
45.88,73.067
soc
68,76
f1,f2,first_soc,front
113.815,11.5624,100,0
time
36.36,77.7991
soc
75,62
f1,f2,first_soc,front
113.949,11.5601,100,0
time
44.52,61.7791,91.8475
soc
48,70,52
f1,f2,first_soc,front
113.123,11.5658,100,0
time
37.72,76.6159
soc
73,63
f1,f2,first_soc,front
112.618,11.7025,100,0
time
37.72,77.626
soc
75,62
f1,f2,first_soc,front
113.123,11.5658,100,0
time
37.72,76.6159
soc
73,63
f1,f2,first_soc,front
112.618,11.7025,100,0
time
37.72,77.1209
soc
74,62
f1,f2,first_soc,front
113.123,11.5658,100,0
time
37.72,76.6159
soc
73,63
f1,f2,first_soc,front
113.401,11.563,100,0
time
45.88,95.8371
soc
70,40
f1,f2,first_soc,front
105.202,19.6922,100,0
time
45.88
soc
67
f1,f2,first_soc,front
105.202,19.6922,100,0
time
45.88
soc
67
f1,f2,first_soc,front
105.202,19.6922,100,0
time
45.88
soc
67
f1,f2,first_soc,front
105.202,19.6922,100,0
time
45.88
soc
67
f1,f2,first_soc,front
105.202,19.6922,100,0
time
45.88
soc
67
f1,f2,first_soc,front
105.202,19.6922,100,0
time
45.88
soc
67
f1,f2,first_soc,front
105.202,19.6922,100,0
time
45.88
soc
67
f1,f2,first_soc,front
105.202,19.6922,100,0
time
45.88
soc
67
f1,f2,first_soc,front
105.202,19.6922,100,0
time
45.88
soc
67
f1,f2,first_soc,front
105.202,19.6922,100,0
time
45.88
soc
67
f1,f2,first_soc,front
105.202,19.6922,100,0
time
45.88
soc
67
f1,f2,first_soc,front
105.202,19.6922,100,0
time
45.88
soc
67
f1,f2,first_soc,front
105.202,19.6922,100,0
time
45.88
soc
67
f1,f2,first_soc,front
105.202,19.6922,100,0
time
45.88
soc
67
f1,f2,first_soc,front
105.202,19.6922,100,0
time
45.88
soc
67
f1,f2,first_soc,front
105.202,19.6922,100,0
time
45.88
soc
67
f1,f2,first_soc,front
105.025,19.8933,100,0
time
44.52
soc
69
f1,f2,first_soc,front
105.202,19.6922,100,0
time
45.88
soc
67
f1,f2,first_soc,front
105.202,19.6922,100,0
time
45.88
soc
67
f1,f2,first_soc,front
105.025,19.8933,100,0
time
44.52
soc
69
f1,f2,first_soc,front
105.202,19.6922,100,0
time
45.88
soc
67
f1,f2,first_soc,front
105.202,19.6922,100,0
time
45.88
soc
67
f1,f2,first_soc,front
105.202,19.6922,100,0
time
45.88
soc
67
f1,f2,first_soc,front
105.202,19.6922,100,0
time
45.88
soc
67
f1,f2,first_soc,front
113.949,11.5601,100,0
time
44.52,61.7791,91.8475
soc
48,70,52
f1,f2,first_soc,front
105.025,19.8933,100,0
time
44.52
soc
69
f1,f2,first_soc,front
105.202,19.6922,100,0
time
45.88
soc
67
f1,f2,first_soc,front
105.202,19.6922,100,0
time
45.88
soc
67
f1,f2,first_soc,front
105.202,19.6922,100,0
time
45.88
soc
67
f1,f2,first_soc,front
105.202,19.6922,100,0
time
45.88
soc
67
f1,f2,first_soc,front
105.202,19.6922,100,0
time
45.88
soc
67
f1,f2,first_soc,front
105.202,19.6922,100,0
time
45.88
soc
67
f1,f2,first_soc,front
105.202,19.6922,100,0
time
45.88
soc
67
f1,f2,first_soc,front
105.202,19.6922,100,0
time
45.88
soc
67
f1,f2,first_soc,front
105.202,19.6922,100,0
time
45.88
soc
67
f1,f2,first_soc,front
105.202,19.6922,100,0
time
45.88
soc
67
f1,f2,first_soc,front
105.202,19.6922,100,0
time
45.88
soc
67
f1,f2,first_soc,front
105.202,19.6922,100,0
time
45.88
soc
67
f1,f2,first_soc,front
105.202,19.6922,100,0
time
45.88
soc
67
f1,f2,first_soc,front
105.202,19.6922,100,0
time
45.88
soc
67
f1,f2,first_soc,front
105.202,19.6922,100,0
time
45.88
soc
67
f1,f2,first_soc,front
105.202,19.6922,100,0
time
45.88
soc
67
f1,f2,first_soc,front
105.202,19.6922,100,0
time
45.88
soc
67
f1,f2,first_soc,front
105.202,19.6922,100,0
time
45.88
soc
67
f1,f2,first_soc,front
105.202,19.6922,100,0
time
45.88
soc
67
f1,f2,first_soc,front
105.202,19.6922,100,0
time
45.88
soc
67
f1,f2,first_soc,front
105.202,19.6922,100,0
time
45.88
soc
67
f1,f2,first_soc,front
105.202,19.6922,100,0
time
45.88
soc
67
f1,f2,first_soc,front
105.202,19.6922,100,0
time
45.88
soc
67
f1,f2,first_soc,front
105.202,19.6922,100,0
time
45.88
soc
67
f1,f2,first_soc,front
105.202,19.6922,100,0
time
45.88
soc
67
f1,f2,first_soc,front
105.202,19.6922,100,0
time
45.88
soc
67
f1,f2,first_soc,front
105.202,19.6922,100,0
time
45.88
soc
67
f1,f2,first_soc,front
105.202,19.6922,100,0
time
45.88
soc
67
f1,f2,first_soc,front
104.52,20.4708,100,0
time
44.52
soc
68
f1,f2,first_soc,front
104.52,20.4708,100,0
time
44.52
soc
68
f1,f2,first_soc,front
104.52,20.4708,100,0
time
44.52
soc
68
f1,f2,first_soc,front
104.52,20.4708,100,0
time
44.52
soc
68
f1,f2,first_soc,front
104.52,20.4708,100,0
time
44.52
soc
68
f1,f2,first_soc,front
104.52,20.4708,100,0
time
44.52
soc
68
f1,f2,first_soc,front
104.52,20.4708,100,0
time
44.52
soc
68
f1,f2,first_soc,front
104.52,20.4708,100,0
time
44.52
soc
68
f1,f2,first_soc,front
104.52,20.4708,100,0
time
44.52
soc
68
f1,f2,first_soc,front
104.52,20.4708,100,0
time
44.52
soc
68
f1,f2,first_soc,front
104.52,20.4708,100,0
time
44.52
soc
68
f1,f2,first_soc,front
113.815,11.5624,100,0
time
36.36,77.294
soc
74,62
f1,f2,first_soc,front
104.52,20.4708,100,0
time
44.52
soc
68
f1,f2,first_soc,front
104.52,20.4708,100,0
time
44.52
soc
68
f1,f2,first_soc,front
104.52,20.4708,100,0
time
44.52
soc
68
f1,f2,first_soc,front
104.52,20.4708,100,0
time
44.52
soc
68
f1,f2,first_soc,front
104.52,20.4708,100,0
time
44.52
soc
68
f1,f2,first_soc,front
104.015,21.0483,100,0
time
44.52
soc
67
f1,f2,first_soc,front
113.949,11.5601,100,0
time
44.52,61.7791,91.8475
soc
48,70,52
f1,f2,first_soc,front
104.015,21.0483,100,0
time
44.52
soc
67
f1,f2,first_soc,front
104.015,21.0483,100,0
time
44.52
soc
67
f1,f2,first_soc,front
104.015,21.0483,100,0
time
44.52
soc
67
f1,f2,first_soc,front
104.015,21.0483,100,0
time
44.52
soc
67
f1,f2,first_soc,front
104.015,21.0483,100,0
time
44.52
soc
67
f1,f2,first_soc,front
104.015,21.0483,100,0
time
44.52
soc
67
f1,f2,first_soc,front
104.015,21.0483,100,0
time
44.52
soc
67
f1,f2,first_soc,front
104.52,20.4708,100,0
time
44.52
soc
68
f1,f2,first_soc,front
104.015,21.0483,100,0
time
44.52
soc
67
f1,f2,first_soc,front
104.015,21.0483,100,0
time
44.52
soc
67
f1,f2,first_soc,front
104.015,21.0483,100,0
time
44.52
soc
67
f1,f2,first_soc,front
104.015,21.0483,100,0
time
44.52
soc
67
f1,f2,first_soc,front
104.015,21.0483,100,0
time
44.52
soc
67
f1,f2,first_soc,front
104.015,21.0483,100,0
time
44.52
soc
67
f1,f2,first_soc,front
104.015,21.0483,100,0
time
44.52
soc
67
f1,f2,first_soc,front
104.697,20.2697,100,0
time
45.88
soc
66
f1,f2,first_soc,front
104.697,20.2697,100,0
time
45.88
soc
66
f1,f2,first_soc,front
104.697,20.2697,100,0
time
45.88
soc
66
f1,f2,first_soc,front
104.697,20.2697,100,0
time
45.88
soc
66
f1,f2,first_soc,front
104.697,20.2697,100,0
time
45.88
soc
66
f1,f2,first_soc,front
104.697,20.2697,100,0
time
45.88
soc
66
f1,f2,first_soc,front
104.697,20.2697,100,0
time
45.88
soc
66
f1,f2,first_soc,front
104.697,20.2697,100,0
time
45.88
soc
66
f1,f2,first_soc,front
104.697,20.2697,100,0
time
45.88
soc
66
f1,f2,first_soc,front
104.697,20.2697,100,0
time
45.88
soc
66
f1,f2,first_soc,front
104.697,20.2697,100,0
time
45.88
soc
66
f1,f2,first_soc,front
104.697,20.2697,100,0
time
45.88
soc
66
f1,f2,first_soc,front
104.697,20.2697,100,0
time
45.88
soc
66
f1,f2,first_soc,front
113.815,11.5624,100,0
time
36.36,77.7991
soc
75,62
第22世代
f1,f2,first_soc,front
104.015,21.0483,100,0
time
44.52
soc
67
f1,f2,first_soc,front
113.949,11.5601,100,0
time
44.52,61.7791,91.8475
soc
48,70,52
f1,f2,first_soc,front
111.263,12.7622,100,0
time
45.88
soc
79
f1,f2,first_soc,front
110.757,13.3397,100,0
time
45.88
soc
78
f1,f2,first_soc,front
112.391,11.9595,100,0
time
45.88,95.8371
soc
70,38
f1,f2,first_soc,front
109.747,14.4947,100,0
time
45.88
soc
76
f1,f2,first_soc,front
110.076,14.1184,100,0
time
44.52
soc
79
f1,f2,first_soc,front
108.232,16.2272,100,0
time
45.88
soc
73
f1,f2,first_soc,front
107.55,17.0059,100,0
time
44.52
soc
74
f1,f2,first_soc,front
105.707,19.1147,100,0
time
45.88
soc
68
f1,f2,first_soc,front
106.035,18.7383,100,0
time
44.52
soc
71
f1,f2,first_soc,front
106.54,18.1609,100,0
time
44.52
soc
72
f1,f2,first_soc,front
106.717,17.9597,100,0
time
45.88
soc
70
f1,f2,first_soc,front
111.768,12.1847,100,0
time
45.88
soc
80
f1,f2,first_soc,front
104.52,20.4708,100,0
time
44.52
soc
68
f1,f2,first_soc,front
104.015,21.0483,100,0
time
44.52
soc
67
f1,f2,first_soc,front
107.222,17.3822,100,0
time
45.88
soc
71
f1,f2,first_soc,front
106.717,17.9597,100,0
time
45.88
soc
70
f1,f2,first_soc,front
111.263,12.7622,100,0
time
45.88
soc
79
f1,f2,first_soc,front
111.768,12.1847,100,0
time
45.88
soc
80
f1,f2,first_soc,front
105.025,19.8933,100,0
time
44.52
soc
69
f1,f2,first_soc,front
105.53,19.3158,100,0
time
44.52
soc
70
f1,f2,first_soc,front
109.066,15.2734,100,0
time
44.52
soc
77
f1,f2,first_soc,front
108.055,16.4284,100,0
time
44.52
soc
75
f1,f2,first_soc,front
110.581,13.5409,100,0
time
44.52
soc
80
f1,f2,first_soc,front
109.242,15.0722,100,0
time
45.88
soc
75
f1,f2,first_soc,front
108.561,15.8509,100,0
time
44.52
soc
76
f1,f2,first_soc,front
106.212,18.5372,100,0
time
45.88
soc
69
f1,f2,first_soc,front
110.252,13.9172,100,0
time
45.88
soc
77
f1,f2,first_soc,front
108.561,15.8509,100,0
time
44.52
soc
76
f1,f2,first_soc,front
108.737,15.6497,100,0
time
45.88
soc
74
f1,f2,first_soc,front
109.571,14.6959,100,0
time
44.52
soc
78
f1,f2,first_soc,front
107.727,16.8047,100,0
time
45.88
soc
72
f1,f2,first_soc,front
105.53,19.3158,100,0
time
44.52
soc
70
f1,f2,first_soc,front
112.618,11.7025,100,0
time
37.72,77.1209
soc
74,62
f1,f2,first_soc,front
107.222,17.3822,100,0
time
45.88
soc
71
f1,f2,first_soc,front
111.768,12.1847,100,0
time
45.88
soc
80
f1,f2,first_soc,front
104.52,20.4708,100,0
time
44.52
soc
68
f1,f2,first_soc,front
111.263,12.7622,100,0
time
45.88
soc
79
f1,f2,first_soc,front
104.015,21.0483,100,0
time
44.52
soc
67
f1,f2,first_soc,front
113.08,11.6629,100,0
time
40.44,66.6787,80.2436
soc
54,43,55
f1,f2,first_soc,front
113.401,11.563,100,0
time
45.88,95.8371
soc
70,40
f1,f2,first_soc,front
113.815,11.5624,100,0
time
36.36,77.7991
soc
75,62
f1,f2,first_soc,front
104.697,20.2697,100,0
time
45.88
soc
66
f1,f2,first_soc,front
105.202,19.6922,100,0
time
45.88
soc
67
f1,f2,first_soc,front
108.737,15.6497,100,0
time
45.88
soc
74
f1,f2,first_soc,front
107.727,16.8047,100,0
time
45.88
soc
72
f1,f2,first_soc,front
110.252,13.9172,100,0
time
45.88
soc
77
f1,f2,first_soc,front
109.571,14.6959,100,0
time
44.52
soc
78
f1,f2,first_soc,front
106.212,18.5372,100,0
time
45.88
soc
69
f1,f2,first_soc,front
107.222,17.3822,100,0
time
45.88
soc
71
f1,f2,first_soc,front
106.035,18.7383,100,0
time
44.52
soc
71
f1,f2,first_soc,front
109.747,14.4947,100,0
time
45.88
soc
76
f1,f2,first_soc,front
110.076,14.1184,100,0
time
44.52
soc
79
f1,f2,first_soc,front
105.707,19.1147,100,0
time
45.88
soc
68
f1,f2,first_soc,front
107.55,17.0059,100,0
time
44.52
soc
74
f1,f2,first_soc,front
106.54,18.1609,100,0
time
44.52
soc
72
f1,f2,first_soc,front
110.757,13.3397,100,0
time
45.88
soc
78
f1,f2,first_soc,front
108.232,16.2272,100,0
time
45.88
soc
73
f1,f2,first_soc,front
113.123,11.5658,100,0
time
37.72,76.6159
soc
73,63
f1,f2,first_soc,front
112.553,11.7747,100,0
time
45.88,73.067
soc
68,76
f1,f2,first_soc,front
112.391,11.9595,100,0
time
45.88,95.8371
soc
70,38
f1,f2,first_soc,front
109.066,15.2734,100,0
time
44.52
soc
77
f1,f2,first_soc,front
104.697,20.2697,100,0
time
45.88
soc
66
f1,f2,first_soc,front
108.055,16.4284,100,0
time
44.52
soc
75
f1,f2,first_soc,front
110.581,13.5409,100,0
time
44.52
soc
80
f1,f2,first_soc,front
105.025,19.8933,100,0
time
44.52
soc
69
f1,f2,first_soc,front
109.242,15.0722,100,0
time
45.88
soc
75
f1,f2,first_soc,front
105.202,19.6922,100,0
time
45.88
soc
67
f1,f2,first_soc,front
107.222,17.3822,100,0
time
45.88
soc
71
f1,f2,first_soc,front
113.401,11.563,100,0
time
45.88,95.8371
soc
70,40
f1,f2,first_soc,front
111.768,12.1847,100,0
time
45.88
soc
80
f1,f2,first_soc,front
110.581,13.5409,100,0
time
44.52
soc
80
f1,f2,first_soc,front
109.066,15.2734,100,0
time
44.52
soc
77
f1,f2,first_soc,front
109.242,15.0722,100,0
time
45.88
soc
75
f1,f2,first_soc,front
104.52,20.4708,100,0
time
44.52
soc
68
f1,f2,first_soc,front
104.697,20.2697,100,0
time
45.88
soc
66
f1,f2,first_soc,front
108.055,16.4284,100,0
time
44.52
soc
75
f1,f2,first_soc,front
105.202,19.6922,100,0
time
45.88
soc
67
f1,f2,first_soc,front
105.025,19.8933,100,0
time
44.52
soc
69
f1,f2,first_soc,front
109.571,14.6959,100,0
time
44.52
soc
78
f1,f2,first_soc,front
106.212,18.5372,100,0
time
45.88
soc
69
f1,f2,first_soc,front
104.52,20.4708,100,0
time
44.52
soc
68
f1,f2,first_soc,front
108.737,15.6497,100,0
time
45.88
soc
74
f1,f2,first_soc,front
107.727,16.8047,100,0
time
45.88
soc
72
f1,f2,first_soc,front
104.697,20.2697,100,0
time
45.88
soc
66
f1,f2,first_soc,front
106.717,17.9597,100,0
time
45.88
soc
70
f1,f2,first_soc,front
110.252,13.9172,100,0
time
45.88
soc
77
f1,f2,first_soc,front
105.202,19.6922,100,0
time
45.88
soc
67
f1,f2,first_soc,front
113.08,11.6629,100,0
time
40.44,67.1837,80.2436
soc
55,43,55
f1,f2,first_soc,front
112.553,11.7747,100,0
time
45.88,73.067
soc
68,76
f1,f2,first_soc,front
113.815,11.5624,100,0
time
36.36,77.7991
soc
75,62
f1,f2,first_soc,front
113.949,11.5601,100,0
time
44.52,61.7791,91.8475
soc
48,70,52
f1,f2,first_soc,front
112.618,11.7025,100,0
time
37.72,77.1209
soc
74,62
f1,f2,first_soc,front
113.123,11.5658,100,0
time
37.72,76.6159
soc
73,63
f1,f2,first_soc,front
113.123,11.5658,100,0
time
37.72,76.6159
soc
73,63
f1,f2,first_soc,front
113.401,11.563,100,0
time
45.88,95.8371
soc
70,40
f1,f2,first_soc,front
113.815,11.5624,100,0
time
36.36,77.294
soc
74,62
f1,f2,first_soc,front
105.202,19.6922,100,0
time
45.88
soc
67
f1,f2,first_soc,front
105.202,19.6922,100,0
time
45.88
soc
67
f1,f2,first_soc,front
105.202,19.6922,100,0
time
45.88
soc
67
f1,f2,first_soc,front
105.202,19.6922,100,0
time
45.88
soc
67
f1,f2,first_soc,front
105.202,19.6922,100,0
time
45.88
soc
67
f1,f2,first_soc,front
105.202,19.6922,100,0
time
45.88
soc
67
f1,f2,first_soc,front
105.202,19.6922,100,0
time
45.88
soc
67
f1,f2,first_soc,front
105.202,19.6922,100,0
time
45.88
soc
67
f1,f2,first_soc,front
105.202,19.6922,100,0
time
45.88
soc
67
f1,f2,first_soc,front
105.202,19.6922,100,0
time
45.88
soc
67
f1,f2,first_soc,front
105.202,19.6922,100,0
time
45.88
soc
67
f1,f2,first_soc,front
105.202,19.6922,100,0
time
45.88
soc
67
f1,f2,first_soc,front
105.202,19.6922,100,0
time
45.88
soc
67
f1,f2,first_soc,front
105.025,19.8933,100,0
time
44.52
soc
69
f1,f2,first_soc,front
105.025,19.8933,100,0
time
44.52
soc
69
f1,f2,first_soc,front
105.025,19.8933,100,0
time
44.52
soc
69
f1,f2,first_soc,front
105.025,19.8933,100,0
time
44.52
soc
69
f1,f2,first_soc,front
105.202,19.6922,100,0
time
45.88
soc
67
f1,f2,first_soc,front
105.202,19.6922,100,0
time
45.88
soc
67
f1,f2,first_soc,front
105.202,19.6922,100,0
time
45.88
soc
67
f1,f2,first_soc,front
105.202,19.6922,100,0
time
45.88
soc
67
f1,f2,first_soc,front
105.202,19.6922,100,0
time
45.88
soc
67
f1,f2,first_soc,front
105.202,19.6922,100,0
time
45.88
soc
67
f1,f2,first_soc,front
105.202,19.6922,100,0
time
45.88
soc
67
f1,f2,first_soc,front
105.202,19.6922,100,0
time
45.88
soc
67
f1,f2,first_soc,front
105.202,19.6922,100,0
time
45.88
soc
67
f1,f2,first_soc,front
105.202,19.6922,100,0
time
45.88
soc
67
f1,f2,first_soc,front
105.202,19.6922,100,0
time
45.88
soc
67
f1,f2,first_soc,front
105.202,19.6922,100,0
time
45.88
soc
67
f1,f2,first_soc,front
105.202,19.6922,100,0
time
45.88
soc
67
f1,f2,first_soc,front
105.202,19.6922,100,0
time
45.88
soc
67
f1,f2,first_soc,front
105.202,19.6922,100,0
time
45.88
soc
67
f1,f2,first_soc,front
105.202,19.6922,100,0
time
45.88
soc
67
f1,f2,first_soc,front
105.202,19.6922,100,0
time
45.88
soc
67
f1,f2,first_soc,front
105.202,19.6922,100,0
time
45.88
soc
67
f1,f2,first_soc,front
105.202,19.6922,100,0
time
45.88
soc
67
f1,f2,first_soc,front
105.202,19.6922,100,0
time
45.88
soc
67
f1,f2,first_soc,front
105.202,19.6922,100,0
time
45.88
soc
67
f1,f2,first_soc,front
105.202,19.6922,100,0
time
45.88
soc
67
f1,f2,first_soc,front
105.202,19.6922,100,0
time
45.88
soc
67
f1,f2,first_soc,front
105.202,19.6922,100,0
time
45.88
soc
67
f1,f2,first_soc,front
105.202,19.6922,100,0
time
45.88
soc
67
f1,f2,first_soc,front
105.202,19.6922,100,0
time
45.88
soc
67
f1,f2,first_soc,front
105.202,19.6922,100,0
time
45.88
soc
67
f1,f2,first_soc,front
104.697,20.2697,100,0
time
45.88
soc
66
f1,f2,first_soc,front
105.202,19.6922,100,0
time
45.88
soc
67
f1,f2,first_soc,front
105.202,19.6922,100,0
time
45.88
soc
67
f1,f2,first_soc,front
105.202,19.6922,100,0
time
45.88
soc
67
f1,f2,first_soc,front
105.202,19.6922,100,0
time
45.88
soc
67
f1,f2,first_soc,front
105.202,19.6922,100,0
time
45.88
soc
67
f1,f2,first_soc,front
105.202,19.6922,100,0
time
45.88
soc
67
f1,f2,first_soc,front
105.202,19.6922,100,0
time
45.88
soc
67
f1,f2,first_soc,front
105.202,19.6922,100,0
time
45.88
soc
67
f1,f2,first_soc,front
105.202,19.6922,100,0
time
45.88
soc
67
f1,f2,first_soc,front
105.202,19.6922,100,0
time
45.88
soc
67
f1,f2,first_soc,front
105.202,19.6922,100,0
time
45.88
soc
67
f1,f2,first_soc,front
105.202,19.6922,100,0
time
45.88
soc
67
f1,f2,first_soc,front
104.52,20.4708,100,0
time
44.52
soc
68
f1,f2,first_soc,front
104.015,21.0483,100,0
time
44.52
soc
67
f1,f2,first_soc,front
104.015,21.0483,100,0
time
44.52
soc
67
f1,f2,first_soc,front
113.949,11.5601,100,0
time
44.52,61.7791,91.8475
soc
48,70,52
f1,f2,first_soc,front
113.949,11.5601,100,0
time
44.52,62.2841,91.8475
soc
49,70,52
f1,f2,first_soc,front
104.52,20.4708,100,0
time
44.52
soc
68
f1,f2,first_soc,front
104.52,20.4708,100,0
time
44.52
soc
68
f1,f2,first_soc,front
104.52,20.4708,100,0
time
44.52
soc
68
f1,f2,first_soc,front
104.52,20.4708,100,0
time
44.52
soc
68
f1,f2,first_soc,front
104.015,21.0483,100,0
time
44.52
soc
67
f1,f2,first_soc,front
104.52,20.4708,100,0
time
44.52
soc
68
f1,f2,first_soc,front
104.52,20.4708,100,0
time
44.52
soc
68
f1,f2,first_soc,front
104.52,20.4708,100,0
time
44.52
soc
68
f1,f2,first_soc,front
104.52,20.4708,100,0
time
44.52
soc
68
f1,f2,first_soc,front
104.52,20.4708,100,0
time
44.52
soc
68
f1,f2,first_soc,front
104.52,20.4708,100,0
time
44.52
soc
68
f1,f2,first_soc,front
104.52,20.4708,100,0
time
44.52
soc
68
f1,f2,first_soc,front
104.015,21.0483,100,0
time
44.52
soc
67
f1,f2,first_soc,front
113.949,11.5601,100,0
time
44.52,61.7791,91.8475
soc
48,70,52
f1,f2,first_soc,front
113.949,11.5601,100,0
time
44.52,61.7791,91.8475
soc
48,70,52
f1,f2,first_soc,front
104.015,21.0483,100,0
time
44.52
soc
67
f1,f2,first_soc,front
104.015,21.0483,100,0
time
44.52
soc
67
f1,f2,first_soc,front
104.015,21.0483,100,0
time
44.52
soc
67
f1,f2,first_soc,front
104.015,21.0483,100,0
time
44.52
soc
67
f1,f2,first_soc,front
104.015,21.0483,100,0
time
44.52
soc
67
f1,f2,first_soc,front
104.015,21.0483,100,0
time
44.52
soc
67
f1,f2,first_soc,front
113.949,11.5601,100,0
time
44.52,61.7791,91.8475
soc
48,70,52
f1,f2,first_soc,front
104.015,21.0483,100,0
time
44.52
soc
67
f1,f2,first_soc,front
104.015,21.0483,100,0
time
44.52
soc
67
f1,f2,first_soc,front
104.015,21.0483,100,0
time
44.52
soc
67
f1,f2,first_soc,front
104.015,21.0483,100,0
time
44.52
soc
67
f1,f2,first_soc,front
104.015,21.0483,100,0
time
44.52
soc
67
f1,f2,first_soc,front
104.015,21.0483,100,0
time
44.52
soc
67
f1,f2,first_soc,front
104.015,21.0483,100,0
time
44.52
soc
67
f1,f2,first_soc,front
104.697,20.2697,100,0
time
45.88
soc
66
f1,f2,first_soc,front
104.697,20.2697,100,0
time
45.88
soc
66
f1,f2,first_soc,front
104.697,20.2697,100,0
time
45.88
soc
66
f1,f2,first_soc,front
104.697,20.2697,100,0
time
45.88
soc
66
f1,f2,first_soc,front
104.697,20.2697,100,0
time
45.88
soc
66
f1,f2,first_soc,front
104.697,20.2697,100,0
time
45.88
soc
66
f1,f2,first_soc,front
104.697,20.2697,100,0
time
45.88
soc
66
f1,f2,first_soc,front
105.202,19.6922,100,0
time
45.88
soc
67
f1,f2,first_soc,front
104.697,20.2697,100,0
time
45.88
soc
66
f1,f2,first_soc,front
104.697,20.2697,100,0
time
45.88
soc
66
f1,f2,first_soc,front
104.697,20.2697,100,0
time
45.88
soc
66
第23世代
f1,f2,first_soc,front
104.015,21.0483,100,0
time
44.52
soc
67
f1,f2,first_soc,front
113.949,11.5601,100,0
time
44.52,61.7791,91.8475
soc
48,70,52
f1,f2,first_soc,front
111.768,12.1847,100,0
time
45.88
soc
80
f1,f2,first_soc,front
111.263,12.7622,100,0
time
45.88
soc
79
f1,f2,first_soc,front
110.757,13.3397,100,0
time
45.88
soc
78
f1,f2,first_soc,front
112.391,11.9595,100,0
time
45.88,95.8371
soc
70,38
f1,f2,first_soc,front
106.717,17.9597,100,0
time
45.88
soc
70
f1,f2,first_soc,front
108.055,16.4284,100,0
time
44.52
soc
75
f1,f2,first_soc,front
108.737,15.6497,100,0
time
45.88
soc
74
f1,f2,first_soc,front
105.53,19.3158,100,0
time
44.52
soc
70
f1,f2,first_soc,front
109.747,14.4947,100,0
time
45.88
soc
76
f1,f2,first_soc,front
110.252,13.9172,100,0
time
45.88
soc
77
f1,f2,first_soc,front
109.242,15.0722,100,0
time
45.88
soc
75
f1,f2,first_soc,front
106.035,18.7383,100,0
time
44.52
soc
71
f1,f2,first_soc,front
108.232,16.2272,100,0
time
45.88
soc
73
f1,f2,first_soc,front
106.54,18.1609,100,0
time
44.52
soc
72
f1,f2,first_soc,front
107.222,17.3822,100,0
time
45.88
soc
71
f1,f2,first_soc,front
107.222,17.3822,100,0
time
45.88
soc
71
f1,f2,first_soc,front
104.52,20.4708,100,0
time
44.52
soc
68
f1,f2,first_soc,front
104.015,21.0483,100,0
time
44.52
soc
67
f1,f2,first_soc,front
111.263,12.7622,100,0
time
45.88
soc
79
f1,f2,first_soc,front
105.025,19.8933,100,0
time
44.52
soc
69
f1,f2,first_soc,front
109.066,15.2734,100,0
time
44.52
soc
77
f1,f2,first_soc,front
110.076,14.1184,100,0
time
44.52
soc
79
f1,f2,first_soc,front
109.571,14.6959,100,0
time
44.52
soc
78
f1,f2,first_soc,front
108.561,15.8509,100,0
time
44.52
soc
76
f1,f2,first_soc,front
106.212,18.5372,100,0
time
45.88
soc
69
f1,f2,first_soc,front
107.727,16.8047,100,0
time
45.88
soc
72
f1,f2,first_soc,front
110.076,14.1184,100,0
time
44.52
soc
79
f1,f2,first_soc,front
112.618,11.7025,100,0
time
37.72,77.1209
soc
74,62
f1,f2,first_soc,front
111.263,12.7622,100,0
time
45.88
soc
79
f1,f2,first_soc,front
104.015,21.0483,100,0
time
44.52
soc
67
f1,f2,first_soc,front
111.768,12.1847,100,0
time
45.88
soc
80
f1,f2,first_soc,front
104.52,20.4708,100,0
time
44.52
soc
68
f1,f2,first_soc,front
106.717,17.9597,100,0
time
45.88
soc
70
f1,f2,first_soc,front
107.222,17.3822,100,0
time
45.88
soc
71
f1,f2,first_soc,front
113.08,11.6629,100,0
time
40.44,67.1837,80.2436
soc
55,43,55
f1,f2,first_soc,front
113.401,11.563,100,0
time
45.88,95.8371
soc
70,40
f1,f2,first_soc,front
113.815,11.5624,100,0
time
36.36,77.7991
soc
75,62
f1,f2,first_soc,front
107.727,16.8047,100,0
time
45.88
soc
72
f1,f2,first_soc,front
105.202,19.6922,100,0
time
45.88
soc
67
f1,f2,first_soc,front
104.697,20.2697,100,0
time
45.88
soc
66
f1,f2,first_soc,front
110.581,13.5409,100,0
time
44.52
soc
80
f1,f2,first_soc,front
107.55,17.0059,100,0
time
44.52
soc
74
f1,f2,first_soc,front
105.707,19.1147,100,0
time
45.88
soc
68
f1,f2,first_soc,front
106.212,18.5372,100,0
time
45.88
soc
69
f1,f2,first_soc,front
106.035,18.7383,100,0
time
44.52
soc
71
f1,f2,first_soc,front
105.707,19.1147,100,0
time
45.88
soc
68
f1,f2,first_soc,front
110.252,13.9172,100,0
time
45.88
soc
77
f1,f2,first_soc,front
105.53,19.3158,100,0
time
44.52
soc
70
f1,f2,first_soc,front
109.747,14.4947,100,0
time
45.88
soc
76
f1,f2,first_soc,front
109.242,15.0722,100,0
time
45.88
soc
75
f1,f2,first_soc,front
108.055,16.4284,100,0
time
44.52
soc
75
f1,f2,first_soc,front
110.757,13.3397,100,0
time
45.88
soc
78
f1,f2,first_soc,front
108.232,16.2272,100,0
time
45.88
soc
73
f1,f2,first_soc,front
106.54,18.1609,100,0
time
44.52
soc
72
f1,f2,first_soc,front
108.737,15.6497,100,0
time
45.88
soc
74
f1,f2,first_soc,front
110.581,13.5409,100,0
time
44.52
soc
80
f1,f2,first_soc,front
107.55,17.0059,100,0
time
44.52
soc
74
f1,f2,first_soc,front
113.123,11.5658,100,0
time
37.72,76.6159
soc
73,63
f1,f2,first_soc,front
112.391,11.9595,100,0
time
45.88,95.8371
soc
70,38
f1,f2,first_soc,front
112.553,11.7747,100,0
time
45.88,73.067
soc
68,76
f1,f2,first_soc,front
108.561,15.8509,100,0
time
44.52
soc
76
f1,f2,first_soc,front
105.707,19.1147,100,0
time
45.88
soc
68
f1,f2,first_soc,front
109.571,14.6959,100,0
time
44.52
soc
78
f1,f2,first_soc,front
104.697,20.2697,100,0
time
45.88
soc
66
f1,f2,first_soc,front
105.025,19.8933,100,0
time
44.52
soc
69
f1,f2,first_soc,front
105.202,19.6922,100,0
time
45.88
soc
67
f1,f2,first_soc,front
107.55,17.0059,100,0
time
44.52
soc
74
f1,f2,first_soc,front
110.581,13.5409,100,0
time
44.52
soc
80
f1,f2,first_soc,front
109.066,15.2734,100,0
time
44.52
soc
77
f1,f2,first_soc,front
113.401,11.563,100,0
time
45.88,95.8371
soc
70,40
f1,f2,first_soc,front
111.768,12.1847,100,0
time
45.88
soc
80
f1,f2,first_soc,front
109.066,15.2734,100,0
time
44.52
soc
77
f1,f2,first_soc,front
106.717,17.9597,100,0
time
45.88
soc
70
f1,f2,first_soc,front
104.697,20.2697,100,0
time
45.88
soc
66
f1,f2,first_soc,front
109.571,14.6959,100,0
time
44.52
soc
78
f1,f2,first_soc,front
108.561,15.8509,100,0
time
44.52
soc
76
f1,f2,first_soc,front
104.52,20.4708,100,0
time
44.52
soc
68
f1,f2,first_soc,front
105.202,19.6922,100,0
time
45.88
soc
67
f1,f2,first_soc,front
105.025,19.8933,100,0
time
44.52
soc
69
f1,f2,first_soc,front
104.697,20.2697,100,0
time
45.88
soc
66
f1,f2,first_soc,front
106.212,18.5372,100,0
time
45.88
soc
69
f1,f2,first_soc,front
104.52,20.4708,100,0
time
44.52
soc
68
f1,f2,first_soc,front
105.202,19.6922,100,0
time
45.88
soc
67
f1,f2,first_soc,front
107.727,16.8047,100,0
time
45.88
soc
72
f1,f2,first_soc,front
113.08,11.6629,100,0
time
40.44,67.6888,80.2436
soc
56,43,55
f1,f2,first_soc,front
112.553,11.7747,100,0
time
45.88,73.067
soc
68,76
f1,f2,first_soc,front
113.949,11.5601,100,0
time
44.52,61.7791,91.8475
soc
48,70,52
f1,f2,first_soc,front
113.815,11.5624,100,0
time
36.36,77.7991
soc
75,62
f1,f2,first_soc,front
112.618,11.7025,100,0
time
37.72,77.1209
soc
74,62
f1,f2,first_soc,front
113.123,11.5658,100,0
time
37.72,76.6159
soc
73,63
f1,f2,first_soc,front
112.618,11.7025,100,0
time
37.72,77.1209
soc
74,62
f1,f2,first_soc,front
113.123,11.5658,100,0
time
37.72,76.6159
soc
73,63
f1,f2,first_soc,front
113.815,11.5624,100,0
time
36.36,77.294
soc
74,62
f1,f2,first_soc,front
105.202,19.6922,100,0
time
45.88
soc
67
f1,f2,first_soc,front
105.202,19.6922,100,0
time
45.88
soc
67
f1,f2,first_soc,front
105.202,19.6922,100,0
time
45.88
soc
67
f1,f2,first_soc,front
105.202,19.6922,100,0
time
45.88
soc
67
f1,f2,first_soc,front
105.202,19.6922,100,0
time
45.88
soc
67
f1,f2,first_soc,front
105.202,19.6922,100,0
time
45.88
soc
67
f1,f2,first_soc,front
105.202,19.6922,100,0
time
45.88
soc
67
f1,f2,first_soc,front
105.202,19.6922,100,0
time
45.88
soc
67
f1,f2,first_soc,front
105.202,19.6922,100,0
time
45.88
soc
67
f1,f2,first_soc,front
105.202,19.6922,100,0
time
45.88
soc
67
f1,f2,first_soc,front
105.202,19.6922,100,0
time
45.88
soc
67
f1,f2,first_soc,front
105.202,19.6922,100,0
time
45.88
soc
67
f1,f2,first_soc,front
105.202,19.6922,100,0
time
45.88
soc
67
f1,f2,first_soc,front
105.202,19.6922,100,0
time
45.88
soc
67
f1,f2,first_soc,front
105.707,19.1147,100,0
time
45.88
soc
68
f1,f2,first_soc,front
105.202,19.6922,100,0
time
45.88
soc
67
f1,f2,first_soc,front
105.202,19.6922,100,0
time
45.88
soc
67
f1,f2,first_soc,front
105.202,19.6922,100,0
time
45.88
soc
67
f1,f2,first_soc,front
105.202,19.6922,100,0
time
45.88
soc
67
f1,f2,first_soc,front
105.202,19.6922,100,0
time
45.88
soc
67
f1,f2,first_soc,front
105.202,19.6922,100,0
time
45.88
soc
67
f1,f2,first_soc,front
105.202,19.6922,100,0
time
45.88
soc
67
f1,f2,first_soc,front
105.202,19.6922,100,0
time
45.88
soc
67
f1,f2,first_soc,front
105.202,19.6922,100,0
time
45.88
soc
67
f1,f2,first_soc,front
105.202,19.6922,100,0
time
45.88
soc
67
f1,f2,first_soc,front
105.202,19.6922,100,0
time
45.88
soc
67
f1,f2,first_soc,front
105.202,19.6922,100,0
time
45.88
soc
67
f1,f2,first_soc,front
105.202,19.6922,100,0
time
45.88
soc
67
f1,f2,first_soc,front
105.202,19.6922,100,0
time
45.88
soc
67
f1,f2,first_soc,front
105.202,19.6922,100,0
time
45.88
soc
67
f1,f2,first_soc,front
105.202,19.6922,100,0
time
45.88
soc
67
f1,f2,first_soc,front
105.202,19.6922,100,0
time
45.88
soc
67
f1,f2,first_soc,front
105.202,19.6922,100,0
time
45.88
soc
67
f1,f2,first_soc,front
105.202,19.6922,100,0
time
45.88
soc
67
f1,f2,first_soc,front
105.202,19.6922,100,0
time
45.88
soc
67
f1,f2,first_soc,front
105.202,19.6922,100,0
time
45.88
soc
67
f1,f2,first_soc,front
105.202,19.6922,100,0
time
45.88
soc
67
f1,f2,first_soc,front
105.202,19.6922,100,0
time
45.88
soc
67
f1,f2,first_soc,front
105.202,19.6922,100,0
time
45.88
soc
67
f1,f2,first_soc,front
105.202,19.6922,100,0
time
45.88
soc
67
f1,f2,first_soc,front
105.202,19.6922,100,0
time
45.88
soc
67
f1,f2,first_soc,front
105.202,19.6922,100,0
time
45.88
soc
67
f1,f2,first_soc,front
105.202,19.6922,100,0
time
45.88
soc
67
f1,f2,first_soc,front
105.202,19.6922,100,0
time
45.88
soc
67
f1,f2,first_soc,front
105.202,19.6922,100,0
time
45.88
soc
67
f1,f2,first_soc,front
105.202,19.6922,100,0
time
45.88
soc
67
f1,f2,first_soc,front
105.202,19.6922,100,0
time
45.88
soc
67
f1,f2,first_soc,front
105.202,19.6922,100,0
time
45.88
soc
67
f1,f2,first_soc,front
105.202,19.6922,100,0
time
45.88
soc
67
f1,f2,first_soc,front
104.52,20.4708,100,0
time
44.52
soc
68
f1,f2,first_soc,front
104.015,21.0483,100,0
time
44.52
soc
67
f1,f2,first_soc,front
104.015,21.0483,100,0
time
44.52
soc
67
f1,f2,first_soc,front
104.015,21.0483,100,0
time
44.52
soc
67
f1,f2,first_soc,front
104.015,21.0483,100,0
time
44.52
soc
67
f1,f2,first_soc,front
104.015,21.0483,100,0
time
44.52
soc
67
f1,f2,first_soc,front
104.52,20.4708,100,0
time
44.52
soc
68
f1,f2,first_soc,front
104.52,20.4708,100,0
time
44.52
soc
68
f1,f2,first_soc,front
104.52,20.4708,100,0
time
44.52
soc
68
f1,f2,first_soc,front
104.015,21.0483,100,0
time
44.52
soc
67
f1,f2,first_soc,front
104.52,20.4708,100,0
time
44.52
soc
68
f1,f2,first_soc,front
104.52,20.4708,100,0
time
44.52
soc
68
f1,f2,first_soc,front
104.52,20.4708,100,0
time
44.52
soc
68
f1,f2,first_soc,front
104.52,20.4708,100,0
time
44.52
soc
68
f1,f2,first_soc,front
104.52,20.4708,100,0
time
44.52
soc
68
f1,f2,first_soc,front
104.52,20.4708,100,0
time
44.52
soc
68
f1,f2,first_soc,front
104.52,20.4708,100,0
time
44.52
soc
68
f1,f2,first_soc,front
104.52,20.4708,100,0
time
44.52
soc
68
f1,f2,first_soc,front
104.015,21.0483,100,0
time
44.52
soc
67
f1,f2,first_soc,front
104.015,21.0483,100,0
time
44.52
soc
67
f1,f2,first_soc,front
104.015,21.0483,100,0
time
44.52
soc
67
f1,f2,first_soc,front
104.015,21.0483,100,0
time
44.52
soc
67
f1,f2,first_soc,front
104.015,21.0483,100,0
time
44.52
soc
67
f1,f2,first_soc,front
104.015,21.0483,100,0
time
44.52
soc
67
f1,f2,first_soc,front
104.015,21.0483,100,0
time
44.52
soc
67
f1,f2,first_soc,front
104.015,21.0483,100,0
time
44.52
soc
67
f1,f2,first_soc,front
104.015,21.0483,100,0
time
44.52
soc
67
f1,f2,first_soc,front
104.52,20.4708,100,0
time
44.52
soc
68
f1,f2,first_soc,front
104.015,21.0483,100,0
time
44.52
soc
67
f1,f2,first_soc,front
104.015,21.0483,100,0
time
44.52
soc
67
f1,f2,first_soc,front
104.015,21.0483,100,0
time
44.52
soc
67
f1,f2,first_soc,front
104.015,21.0483,100,0
time
44.52
soc
67
f1,f2,first_soc,front
104.015,21.0483,100,0
time
44.52
soc
67
f1,f2,first_soc,front
104.015,21.0483,100,0
time
44.52
soc
67
f1,f2,first_soc,front
104.015,21.0483,100,0
time
44.52
soc
67
f1,f2,first_soc,front
105.025,19.8933,100,0
time
44.52
soc
69
f1,f2,first_soc,front
104.697,20.2697,100,0
time
45.88
soc
66
f1,f2,first_soc,front
104.697,20.2697,100,0
time
45.88
soc
66
f1,f2,first_soc,front
104.697,20.2697,100,0
time
45.88
soc
66
f1,f2,first_soc,front
105.025,19.8933,100,0
time
44.52
soc
69
f1,f2,first_soc,front
105.025,19.8933,100,0
time
44.52
soc
69
f1,f2,first_soc,front
105.025,19.8933,100,0
time
44.52
soc
69
f1,f2,first_soc,front
105.025,19.8933,100,0
time
44.52
soc
69
f1,f2,first_soc,front
105.025,19.8933,100,0
time
44.52
soc
69
f1,f2,first_soc,front
104.697,20.2697,100,0
time
45.88
soc
66
f1,f2,first_soc,front
105.025,19.8933,100,0
time
44.52
soc
69
f1,f2,first_soc,front
105.025,19.8933,100,0
time
44.52
soc
69
f1,f2,first_soc,front
105.025,19.8933,100,0
time
44.52
soc
69
f1,f2,first_soc,front
105.202,19.6922,100,0
time
45.88
soc
67
f1,f2,first_soc,front
105.202,19.6922,100,0
time
45.88
soc
67
f1,f2,first_soc,front
105.202,19.6922,100,0
time
45.88
soc
67
f1,f2,first_soc,front
105.202,19.6922,100,0
time
45.88
soc
67
f1,f2,first_soc,front
104.697,20.2697,100,0
time
45.88
soc
66
f1,f2,first_soc,front
104.52,20.4708,100,0
time
44.52
soc
68
f1,f2,first_soc,front
104.52,20.4708,100,0
time
44.52
soc
68
f1,f2,first_soc,front
104.52,20.4708,100,0
time
44.52
soc
68
第24世代
f1,f2,first_soc,front
104.015,21.0483,100,0
time
44.52
soc
67
f1,f2,first_soc,front
113.949,11.5601,100,0
time
44.52,61.7791,91.8475
soc
48,70,52
f1,f2,first_soc,front
112.896,11.563,100,0
time
45.88,95.8371
soc
70,39
f1,f2,first_soc,front
107.222,17.3822,100,0
time
45.88
soc
71
f1,f2,first_soc,front
111.768,12.1847,100,0
time
45.88
soc
80
f1,f2,first_soc,front
111.263,12.7622,100,0
time
45.88
soc
79
f1,f2,first_soc,front
111.263,12.7622,100,0
time
45.88
soc
79
f1,f2,first_soc,front
113.815,11.5624,100,0
time
36.36,77.7991
soc
75,62
f1,f2,first_soc,front
111.768,12.1847,100,0
time
45.88
soc
80
f1,f2,first_soc,front
112.391,11.9595,100,0
time
45.88,95.8371
soc
70,38
f1,f2,first_soc,front
106.717,17.9597,100,0
time
45.88
soc
70
f1,f2,first_soc,front
107.727,16.8047,100,0
time
45.88
soc
72
f1,f2,first_soc,front
108.055,16.4284,100,0
time
44.52
soc
75
f1,f2,first_soc,front
109.066,15.2734,100,0
time
44.52
soc
77
f1,f2,first_soc,front
110.076,14.1184,100,0
time
44.52
soc
79
f1,f2,first_soc,front
110.581,13.5409,100,0
time
44.52
soc
80
f1,f2,first_soc,front
109.571,14.6959,100,0
time
44.52
soc
78
f1,f2,first_soc,front
106.54,18.1609,100,0
time
44.52
soc
72
f1,f2,first_soc,front
108.232,16.2272,100,0
time
45.88
soc
73
f1,f2,first_soc,front
106.035,18.7383,100,0
time
44.52
soc
71
f1,f2,first_soc,front
108.561,15.8509,100,0
time
44.52
soc
76
f1,f2,first_soc,front
107.222,17.3822,100,0
time
45.88
soc
71
f1,f2,first_soc,front
107.55,17.0059,100,0
time
44.52
soc
74
f1,f2,first_soc,front
104.52,20.4708,100,0
time
44.52
soc
68
f1,f2,first_soc,front
104.015,21.0483,100,0
time
44.52
soc
67
f1,f2,first_soc,front
104.52,20.4708,100,0
time
44.52
soc
68
f1,f2,first_soc,front
110.757,13.3397,100,0
time
45.88
soc
78
f1,f2,first_soc,front
105.53,19.3158,100,0
time
44.52
soc
70
f1,f2,first_soc,front
104.697,20.2697,100,0
time
45.88
soc
66
f1,f2,first_soc,front
105.025,19.8933,100,0
time
44.52
soc
69
f1,f2,first_soc,front
109.747,14.4947,100,0
time
45.88
soc
76
f1,f2,first_soc,front
106.212,18.5372,100,0
time
45.88
soc
69
f1,f2,first_soc,front
110.252,13.9172,100,0
time
45.88
soc
77
f1,f2,first_soc,front
105.53,19.3158,100,0
time
44.52
soc
70
f1,f2,first_soc,front
108.737,15.6497,100,0
time
45.88
soc
74
f1,f2,first_soc,front
109.242,15.0722,100,0
time
45.88
soc
75
f1,f2,first_soc,front
105.025,19.8933,100,0
time
44.52
soc
69
f1,f2,first_soc,front
106.717,17.9597,100,0
time
45.88
soc
70
f1,f2,first_soc,front
110.757,13.3397,100,0
time
45.88
soc
78
f1,f2,first_soc,front
104.015,21.0483,100,0
time
44.52
soc
67
f1,f2,first_soc,front
112.391,11.9595,100,0
time
45.88,95.8371
soc
70,38
f1,f2,first_soc,front
108.737,15.6497,100,0
time
45.88
soc
74
f1,f2,first_soc,front
105.202,19.6922,100,0
time
45.88
soc
67
f1,f2,first_soc,front
110.252,13.9172,100,0
time
45.88
soc
77
f1,f2,first_soc,front
109.242,15.0722,100,0
time
45.88
soc
75
f1,f2,first_soc,front
106.212,18.5372,100,0
time
45.88
soc
69
f1,f2,first_soc,front
105.707,19.1147,100,0
time
45.88
soc
68
f1,f2,first_soc,front
106.035,18.7383,100,0
time
44.52
soc
71
f1,f2,first_soc,front
108.561,15.8509,100,0
time
44.52
soc
76
f1,f2,first_soc,front
107.55,17.0059,100,0
time
44.52
soc
74
f1,f2,first_soc,front
110.076,14.1184,100,0
time
44.52
soc
79
f1,f2,first_soc,front
109.571,14.6959,100,0
time
44.52
soc
78
f1,f2,first_soc,front
108.055,16.4284,100,0
time
44.52
soc
75
f1,f2,first_soc,front
109.066,15.2734,100,0
time
44.52
soc
77
f1,f2,first_soc,front
110.581,13.5409,100,0
time
44.52
soc
80
f1,f2,first_soc,front
106.54,18.1609,100,0
time
44.52
soc
72
f1,f2,first_soc,front
112.553,11.7747,100,0
time
45.88,73.067
soc
68,76
f1,f2,first_soc,front
112.618,11.7025,100,0
time
37.72,77.1209
soc
74,62
f1,f2,first_soc,front
105.202,19.6922,100,0
time
45.88
soc
67
f1,f2,first_soc,front
105.707,19.1147,100,0
time
45.88
soc
68
f1,f2,first_soc,front
104.697,20.2697,100,0
time
45.88
soc
66
f1,f2,first_soc,front
109.747,14.4947,100,0
time
45.88
soc
76
f1,f2,first_soc,front
107.727,16.8047,100,0
time
45.88
soc
72
f1,f2,first_soc,front
108.232,16.2272,100,0
time
45.88
soc
73
f1,f2,first_soc,front
105.707,19.1147,100,0
time
45.88
soc
68
f1,f2,first_soc,front
110.757,13.3397,100,0
time
45.88
soc
78
f1,f2,first_soc,front
109.747,14.4947,100,0
time
45.88
soc
76
f1,f2,first_soc,front
106.717,17.9597,100,0
time
45.88
soc
70
f1,f2,first_soc,front
104.697,20.2697,100,0
time
45.88
soc
66
f1,f2,first_soc,front
105.202,19.6922,100,0
time
45.88
soc
67
f1,f2,first_soc,front
108.737,15.6497,100,0
time
45.88
soc
74
f1,f2,first_soc,front
110.252,13.9172,100,0
time
45.88
soc
77
f1,f2,first_soc,front
106.212,18.5372,100,0
time
45.88
soc
69
f1,f2,first_soc,front
108.232,16.2272,100,0
time
45.88
soc
73
f1,f2,first_soc,front
109.242,15.0722,100,0
time
45.88
soc
75
f1,f2,first_soc,front
105.202,19.6922,100,0
time
45.88
soc
67
f1,f2,first_soc,front
104.52,20.4708,100,0
time
44.52
soc
68
f1,f2,first_soc,front
110.757,13.3397,100,0
time
45.88
soc
78
f1,f2,first_soc,front
107.727,16.8047,100,0
time
45.88
soc
72
f1,f2,first_soc,front
105.707,19.1147,100,0
time
45.88
soc
68
f1,f2,first_soc,front
112.618,11.7025,100,0
time
37.72,77.1209
soc
74,62
f1,f2,first_soc,front
112.553,11.7747,100,0
time
45.88,73.067
soc
68,76
f1,f2,first_soc,front
113.815,11.5624,100,0
time
36.36,77.294
soc
74,62
f1,f2,first_soc,front
113.949,11.5601,100,0
time
44.52,61.7791,91.8475
soc
48,70,52
f1,f2,first_soc,front
112.618,11.7025,100,0
time
37.72,77.1209
soc
74,62
f1,f2,first_soc,front
105.202,19.6922,100,0
time
45.88
soc
67
f1,f2,first_soc,front
105.025,19.8933,100,0
time
44.52
soc
69
f1,f2,first_soc,front
105.025,19.8933,100,0
time
44.52
soc
69
f1,f2,first_soc,front
105.025,19.8933,100,0
time
44.52
soc
69
f1,f2,first_soc,front
105.202,19.6922,100,0
time
45.88
soc
67
f1,f2,first_soc,front
105.202,19.6922,100,0
time
45.88
soc
67
f1,f2,first_soc,front
105.202,19.6922,100,0
time
45.88
soc
67
f1,f2,first_soc,front
105.025,19.8933,100,0
time
44.52
soc
69
f1,f2,first_soc,front
105.202,19.6922,100,0
time
45.88
soc
67
f1,f2,first_soc,front
105.202,19.6922,100,0
time
45.88
soc
67
f1,f2,first_soc,front
105.202,19.6922,100,0
time
45.88
soc
67
f1,f2,first_soc,front
105.202,19.6922,100,0
time
45.88
soc
67
f1,f2,first_soc,front
105.202,19.6922,100,0
time
45.88
soc
67
f1,f2,first_soc,front
105.202,19.6922,100,0
time
45.88
soc
67
f1,f2,first_soc,front
105.202,19.6922,100,0
time
45.88
soc
67
f1,f2,first_soc,front
105.202,19.6922,100,0
time
45.88
soc
67
f1,f2,first_soc,front
105.202,19.6922,100,0
time
45.88
soc
67
f1,f2,first_soc,front
105.202,19.6922,100,0
time
45.88
soc
67
f1,f2,first_soc,front
105.202,19.6922,100,0
time
45.88
soc
67
f1,f2,first_soc,front
105.202,19.6922,100,0
time
45.88
soc
67
f1,f2,first_soc,front
105.202,19.6922,100,0
time
45.88
soc
67
f1,f2,first_soc,front
105.202,19.6922,100,0
time
45.88
soc
67
f1,f2,first_soc,front
105.202,19.6922,100,0
time
45.88
soc
67
f1,f2,first_soc,front
105.202,19.6922,100,0
time
45.88
soc
67
f1,f2,first_soc,front
105.202,19.6922,100,0
time
45.88
soc
67
f1,f2,first_soc,front
105.202,19.6922,100,0
time
45.88
soc
67
f1,f2,first_soc,front
105.202,19.6922,100,0
time
45.88
soc
67
f1,f2,first_soc,front
105.202,19.6922,100,0
time
45.88
soc
67
f1,f2,first_soc,front
105.202,19.6922,100,0
time
45.88
soc
67
f1,f2,first_soc,front
105.202,19.6922,100,0
time
45.88
soc
67
f1,f2,first_soc,front
105.202,19.6922,100,0
time
45.88
soc
67
f1,f2,first_soc,front
105.202,19.6922,100,0
time
45.88
soc
67
f1,f2,first_soc,front
105.202,19.6922,100,0
time
45.88
soc
67
f1,f2,first_soc,front
105.202,19.6922,100,0
time
45.88
soc
67
f1,f2,first_soc,front
105.202,19.6922,100,0
time
45.88
soc
67
f1,f2,first_soc,front
105.202,19.6922,100,0
time
45.88
soc
67
f1,f2,first_soc,front
105.202,19.6922,100,0
time
45.88
soc
67
f1,f2,first_soc,front
105.202,19.6922,100,0
time
45.88
soc
67
f1,f2,first_soc,front
105.202,19.6922,100,0
time
45.88
soc
67
f1,f2,first_soc,front
105.202,19.6922,100,0
time
45.88
soc
67
f1,f2,first_soc,front
105.202,19.6922,100,0
time
45.88
soc
67
f1,f2,first_soc,front
105.202,19.6922,100,0
time
45.88
soc
67
f1,f2,first_soc,front
105.202,19.6922,100,0
time
45.88
soc
67
f1,f2,first_soc,front
105.202,19.6922,100,0
time
45.88
soc
67
f1,f2,first_soc,front
105.202,19.6922,100,0
time
45.88
soc
67
f1,f2,first_soc,front
105.202,19.6922,100,0
time
45.88
soc
67
f1,f2,first_soc,front
105.202,19.6922,100,0
time
45.88
soc
67
f1,f2,first_soc,front
105.202,19.6922,100,0
time
45.88
soc
67
f1,f2,first_soc,front
105.202,19.6922,100,0
time
45.88
soc
67
f1,f2,first_soc,front
105.202,19.6922,100,0
time
45.88
soc
67
f1,f2,first_soc,front
105.202,19.6922,100,0
time
45.88
soc
67
f1,f2,first_soc,front
105.202,19.6922,100,0
time
45.88
soc
67
f1,f2,first_soc,front
105.202,19.6922,100,0
time
45.88
soc
67
f1,f2,first_soc,front
105.202,19.6922,100,0
time
45.88
soc
67
f1,f2,first_soc,front
105.202,19.6922,100,0
time
45.88
soc
67
f1,f2,first_soc,front
105.202,19.6922,100,0
time
45.88
soc
67
f1,f2,first_soc,front
104.015,21.0483,100,0
time
44.52
soc
67
f1,f2,first_soc,front
104.015,21.0483,100,0
time
44.52
soc
67
f1,f2,first_soc,front
104.015,21.0483,100,0
time
44.52
soc
67
f1,f2,first_soc,front
104.015,21.0483,100,0
time
44.52
soc
67
f1,f2,first_soc,front
104.015,21.0483,100,0
time
44.52
soc
67
f1,f2,first_soc,front
104.015,21.0483,100,0
time
44.52
soc
67
f1,f2,first_soc,front
104.015,21.0483,100,0
time
44.52
soc
67
f1,f2,first_soc,front
104.015,21.0483,100,0
time
44.52
soc
67
f1,f2,first_soc,front
104.015,21.0483,100,0
time
44.52
soc
67
f1,f2,first_soc,front
104.015,21.0483,100,0
time
44.52
soc
67
f1,f2,first_soc,front
104.015,21.0483,100,0
time
44.52
soc
67
f1,f2,first_soc,front
104.52,20.4708,100,0
time
44.52
soc
68
f1,f2,first_soc,front
104.52,20.4708,100,0
time
44.52
soc
68
f1,f2,first_soc,front
104.52,20.4708,100,0
time
44.52
soc
68
f1,f2,first_soc,front
104.52,20.4708,100,0
time
44.52
soc
68
f1,f2,first_soc,front
104.52,20.4708,100,0
time
44.52
soc
68
f1,f2,first_soc,front
104.52,20.4708,100,0
time
44.52
soc
68
f1,f2,first_soc,front
104.52,20.4708,100,0
time
44.52
soc
68
f1,f2,first_soc,front
104.015,21.0483,100,0
time
44.52
soc
67
f1,f2,first_soc,front
104.015,21.0483,100,0
time
44.52
soc
67
f1,f2,first_soc,front
104.015,21.0483,100,0
time
44.52
soc
67
f1,f2,first_soc,front
104.015,21.0483,100,0
time
44.52
soc
67
f1,f2,first_soc,front
104.015,21.0483,100,0
time
44.52
soc
67
f1,f2,first_soc,front
104.015,21.0483,100,0
time
44.52
soc
67
f1,f2,first_soc,front
104.015,21.0483,100,0
time
44.52
soc
67
f1,f2,first_soc,front
104.015,21.0483,100,0
time
44.52
soc
67
f1,f2,first_soc,front
104.015,21.0483,100,0
time
44.52
soc
67
f1,f2,first_soc,front
104.52,20.4708,100,0
time
44.52
soc
68
f1,f2,first_soc,front
104.015,21.0483,100,0
time
44.52
soc
67
f1,f2,first_soc,front
104.015,21.0483,100,0
time
44.52
soc
67
f1,f2,first_soc,front
104.015,21.0483,100,0
time
44.52
soc
67
f1,f2,first_soc,front
104.015,21.0483,100,0
time
44.52
soc
67
f1,f2,first_soc,front
104.015,21.0483,100,0
time
44.52
soc
67
f1,f2,first_soc,front
104.015,21.0483,100,0
time
44.52
soc
67
f1,f2,first_soc,front
104.015,21.0483,100,0
time
44.52
soc
67
f1,f2,first_soc,front
104.697,20.2697,100,0
time
45.88
soc
66
f1,f2,first_soc,front
104.697,20.2697,100,0
time
45.88
soc
66
f1,f2,first_soc,front
104.697,20.2697,100,0
time
45.88
soc
66
f1,f2,first_soc,front
104.697,20.2697,100,0
time
45.88
soc
66
f1,f2,first_soc,front
104.697,20.2697,100,0
time
45.88
soc
66
f1,f2,first_soc,front
104.697,20.2697,100,0
time
45.88
soc
66
f1,f2,first_soc,front
104.697,20.2697,100,0
time
45.88
soc
66
f1,f2,first_soc,front
104.697,20.2697,100,0
time
45.88
soc
66
f1,f2,first_soc,front
104.697,20.2697,100,0
time
45.88
soc
66
f1,f2,first_soc,front
104.697,20.2697,100,0
time
45.88
soc
66
f1,f2,first_soc,front
104.697,20.2697,100,0
time
45.88
soc
66
f1,f2,first_soc,front
104.697,20.2697,100,0
time
45.88
soc
66
f1,f2,first_soc,front
104.697,20.2697,100,0
time
45.88
soc
66
f1,f2,first_soc,front
105.025,19.8933,100,0
time
44.52
soc
69
f1,f2,first_soc,front
105.025,19.8933,100,0
time
44.52
soc
69
f1,f2,first_soc,front
105.025,19.8933,100,0
time
44.52
soc
69
f1,f2,first_soc,front
105.025,19.8933,100,0
time
44.52
soc
69
f1,f2,first_soc,front
105.025,19.8933,100,0
time
44.52
soc
69
f1,f2,first_soc,front
104.52,20.4708,100,0
time
44.52
soc
68
f1,f2,first_soc,front
104.52,20.4708,100,0
time
44.52
soc
68
f1,f2,first_soc,front
104.52,20.4708,100,0
time
44.52
soc
68
f1,f2,first_soc,front
104.52,20.4708,100,0
time
44.52
soc
68
f1,f2,first_soc,front
104.52,20.4708,100,0
time
44.52
soc
68
f1,f2,first_soc,front
104.52,20.4708,100,0
time
44.52
soc
68
第25世代
f1,f2,first_soc,front
104.015,21.0483,100,0
time
44.52
soc
67
f1,f2,first_soc,front
113.949,11.5601,100,0
time
44.52,61.7791,91.8475
soc
48,70,52
f1,f2,first_soc,front
104.015,21.0483,100,0
time
44.52
soc
67
f1,f2,first_soc,front
112.896,11.563,100,0
time
45.88,95.8371
soc
70,39
f1,f2,first_soc,front
111.768,12.1847,100,0
time
45.88
soc
80
f1,f2,first_soc,front
107.222,17.3822,100,0
time
45.88
soc
71
f1,f2,first_soc,front
106.717,17.9597,100,0
time
45.88
soc
70
f1,f2,first_soc,front
111.263,12.7622,100,0
time
45.88
soc
79
f1,f2,first_soc,front
111.263,12.7622,100,0
time
45.88
soc
79
f1,f2,first_soc,front
113.815,11.5624,100,0
time
36.36,77.7991
soc
75,62
f1,f2,first_soc,front
112.391,11.9595,100,0
time
45.88,95.8371
soc
70,38
f1,f2,first_soc,front
110.757,13.3397,100,0
time
45.88
soc
78
f1,f2,first_soc,front
108.055,16.4284,100,0
time
44.52
soc
75
f1,f2,first_soc,front
109.066,15.2734,100,0
time
44.52
soc
77
f1,f2,first_soc,front
107.727,16.8047,100,0
time
45.88
soc
72
f1,f2,first_soc,front
110.581,13.5409,100,0
time
44.52
soc
80
f1,f2,first_soc,front
109.571,14.6959,100,0
time
44.52
soc
78
f1,f2,first_soc,front
110.076,14.1184,100,0
time
44.52
soc
79
f1,f2,first_soc,front
109.747,14.4947,100,0
time
45.88
soc
76
f1,f2,first_soc,front
106.035,18.7383,100,0
time
44.52
soc
71
f1,f2,first_soc,front
108.561,15.8509,100,0
time
44.52
soc
76
f1,f2,first_soc,front
107.222,17.3822,100,0
time
45.88
soc
71
f1,f2,first_soc,front
106.212,18.5372,100,0
time
45.88
soc
69
f1,f2,first_soc,front
106.54,18.1609,100,0
time
44.52
soc
72
f1,f2,first_soc,front
104.52,20.4708,100,0
time
44.52
soc
68
f1,f2,first_soc,front
104.015,21.0483,100,0
time
44.52
soc
67
f1,f2,first_soc,front
105.025,19.8933,100,0
time
44.52
soc
69
f1,f2,first_soc,front
105.53,19.3158,100,0
time
44.52
soc
70
f1,f2,first_soc,front
110.252,13.9172,100,0
time
45.88
soc
77
f1,f2,first_soc,front
108.232,16.2272,100,0
time
45.88
soc
73
f1,f2,first_soc,front
108.737,15.6497,100,0
time
45.88
soc
74
f1,f2,first_soc,front
109.242,15.0722,100,0
time
45.88
soc
75
f1,f2,first_soc,front
104.015,21.0483,100,0
time
44.52
soc
67
f1,f2,first_soc,front
104.52,20.4708,100,0
time
44.52
soc
68
f1,f2,first_soc,front
111.768,12.1847,100,0
time
45.88
soc
80
f1,f2,first_soc,front
110.757,13.3397,100,0
time
45.88
soc
78
f1,f2,first_soc,front
112.618,11.7025,100,0
time
37.72,77.1209
soc
74,62
f1,f2,first_soc,front
105.202,19.6922,100,0
time
45.88
soc
67
f1,f2,first_soc,front
108.737,15.6497,100,0
time
45.88
soc
74
f1,f2,first_soc,front
104.697,20.2697,100,0
time
45.88
soc
66
f1,f2,first_soc,front
109.242,15.0722,100,0
time
45.88
soc
75
f1,f2,first_soc,front
110.252,13.9172,100,0
time
45.88
soc
77
f1,f2,first_soc,front
105.707,19.1147,100,0
time
45.88
soc
68
f1,f2,first_soc,front
107.55,17.0059,100,0
time
44.52
soc
74
f1,f2,first_soc,front
108.232,16.2272,100,0
time
45.88
soc
73
f1,f2,first_soc,front
106.035,18.7383,100,0
time
44.52
soc
71
f1,f2,first_soc,front
109.066,15.2734,100,0
time
44.52
soc
77
f1,f2,first_soc,front
108.561,15.8509,100,0
time
44.52
soc
76
f1,f2,first_soc,front
110.076,14.1184,100,0
time
44.52
soc
79
f1,f2,first_soc,front
109.571,14.6959,100,0
time
44.52
soc
78
f1,f2,first_soc,front
107.55,17.0059,100,0
time
44.52
soc
74
f1,f2,first_soc,front
110.581,13.5409,100,0
time
44.52
soc
80
f1,f2,first_soc,front
107.727,16.8047,100,0
time
45.88
soc
72
f1,f2,first_soc,front
106.54,18.1609,100,0
time
44.52
soc
72
f1,f2,first_soc,front
108.055,16.4284,100,0
time
44.52
soc
75
f1,f2,first_soc,front
112.391,11.9595,100,0
time
45.88,95.8371
soc
70,38
f1,f2,first_soc,front
104.697,20.2697,100,0
time
45.88
soc
66
f1,f2,first_soc,front
105.707,19.1147,100,0
time
45.88
soc
68
f1,f2,first_soc,front
105.53,19.3158,100,0
time
44.52
soc
70
f1,f2,first_soc,front
105.025,19.8933,100,0
time
44.52
soc
69
f1,f2,first_soc,front
105.202,19.6922,100,0
time
45.88
soc
67
f1,f2,first_soc,front
107.55,17.0059,100,0
time
44.52
soc
74
f1,f2,first_soc,front
112.553,11.7747,100,0
time
45.88,73.067
soc
68,76
f1,f2,first_soc,front
111.768,12.1847,100,0
time
45.88
soc
80
f1,f2,first_soc,front
106.212,18.5372,100,0
time
45.88
soc
69
f1,f2,first_soc,front
104.697,20.2697,100,0
time
45.88
soc
66
f1,f2,first_soc,front
106.717,17.9597,100,0
time
45.88
soc
70
f1,f2,first_soc,front
105.53,19.3158,100,0
time
44.52
soc
70
f1,f2,first_soc,front
105.707,19.1147,100,0
time
45.88
soc
68
f1,f2,first_soc,front
104.52,20.4708,100,0
time
44.52
soc
68
f1,f2,first_soc,front
110.757,13.3397,100,0
time
45.88
soc
78
f1,f2,first_soc,front
109.747,14.4947,100,0
time
45.88
soc
76
f1,f2,first_soc,front
105.025,19.8933,100,0
time
44.52
soc
69
f1,f2,first_soc,front
105.202,19.6922,100,0
time
45.88
soc
67
f1,f2,first_soc,front
112.553,11.7747,100,0
time
45.88,73.067
soc
68,76
f1,f2,first_soc,front
105.707,19.1147,100,0
time
45.88
soc
68
f1,f2,first_soc,front
104.697,20.2697,100,0
time
45.88
soc
66
f1,f2,first_soc,front
108.232,16.2272,100,0
time
45.88
soc
73
f1,f2,first_soc,front
106.212,18.5372,100,0
time
45.88
soc
69
f1,f2,first_soc,front
106.717,17.9597,100,0
time
45.88
soc
70
f1,f2,first_soc,front
105.202,19.6922,100,0
time
45.88
soc
67
f1,f2,first_soc,front
110.252,13.9172,100,0
time
45.88
soc
77
f1,f2,first_soc,front
108.737,15.6497,100,0
time
45.88
soc
74
f1,f2,first_soc,front
109.747,14.4947,100,0
time
45.88
soc
76
f1,f2,first_soc,front
104.52,20.4708,100,0
time
44.52
soc
68
f1,f2,first_soc,front
109.242,15.0722,100,0
time
45.88
soc
75
f1,f2,first_soc,front
113.949,11.5601,100,0
time
44.52,61.274,91.8475
soc
47,70,52
f1,f2,first_soc,front
113.815,11.5624,100,0
time
36.36,77.7991
soc
75,62
f1,f2,first_soc,front
112.618,11.7025,100,0
time
37.72,77.1209
soc
74,62
f1,f2,first_soc,front
112.553,11.7747,100,0
time
45.88,73.067
soc
68,76
f1,f2,first_soc,front
112.618,11.7025,100,0
time
37.72,77.1209
soc
74,62
f1,f2,first_soc,front
105.025,19.8933,100,0
time
44.52
soc
69
f1,f2,first_soc,front
105.025,19.8933,100,0
time
44.52
soc
69
f1,f2,first_soc,front
105.025,19.8933,100,0
time
44.52
soc
69
f1,f2,first_soc,front
105.202,19.6922,100,0
time
45.88
soc
67
f1,f2,first_soc,front
105.025,19.8933,100,0
time
44.52
soc
69
f1,f2,first_soc,front
105.202,19.6922,100,0
time
45.88
soc
67
f1,f2,first_soc,front
105.025,19.8933,100,0
time
44.52
soc
69
f1,f2,first_soc,front
104.015,21.0483,100,0
time
44.52
soc
67
f1,f2,first_soc,front
105.025,19.8933,100,0
time
44.52
soc
69
f1,f2,first_soc,front
105.025,19.8933,100,0
time
44.52
soc
69
f1,f2,first_soc,front
105.025,19.8933,100,0
time
44.52
soc
69
f1,f2,first_soc,front
105.025,19.8933,100,0
time
44.52
soc
69
f1,f2,first_soc,front
105.202,19.6922,100,0
time
45.88
soc
67
f1,f2,first_soc,front
105.025,19.8933,100,0
time
44.52
soc
69
f1,f2,first_soc,front
105.025,19.8933,100,0
time
44.52
soc
69
f1,f2,first_soc,front
105.025,19.8933,100,0
time
44.52
soc
69
f1,f2,first_soc,front
105.025,19.8933,100,0
time
44.52
soc
69
f1,f2,first_soc,front
104.015,21.0483,100,0
time
44.52
soc
67
f1,f2,first_soc,front
105.025,19.8933,100,0
time
44.52
soc
69
f1,f2,first_soc,front
104.015,21.0483,100,0
time
44.52
soc
67
f1,f2,first_soc,front
104.015,21.0483,100,0
time
44.52
soc
67
f1,f2,first_soc,front
104.015,21.0483,100,0
time
44.52
soc
67
f1,f2,first_soc,front
104.015,21.0483,100,0
time
44.52
soc
67
f1,f2,first_soc,front
105.202,19.6922,100,0
time
45.88
soc
67
f1,f2,first_soc,front
105.202,19.6922,100,0
time
45.88
soc
67
f1,f2,first_soc,front
105.202,19.6922,100,0
time
45.88
soc
67
f1,f2,first_soc,front
105.202,19.6922,100,0
time
45.88
soc
67
f1,f2,first_soc,front
105.202,19.6922,100,0
time
45.88
soc
67
f1,f2,first_soc,front
105.202,19.6922,100,0
time
45.88
soc
67
f1,f2,first_soc,front
105.202,19.6922,100,0
time
45.88
soc
67
f1,f2,first_soc,front
105.202,19.6922,100,0
time
45.88
soc
67
f1,f2,first_soc,front
105.202,19.6922,100,0
time
45.88
soc
67
f1,f2,first_soc,front
105.202,19.6922,100,0
time
45.88
soc
67
f1,f2,first_soc,front
105.202,19.6922,100,0
time
45.88
soc
67
f1,f2,first_soc,front
105.202,19.6922,100,0
time
45.88
soc
67
f1,f2,first_soc,front
105.202,19.6922,100,0
time
45.88
soc
67
f1,f2,first_soc,front
105.202,19.6922,100,0
time
45.88
soc
67
f1,f2,first_soc,front
105.202,19.6922,100,0
time
45.88
soc
67
f1,f2,first_soc,front
105.202,19.6922,100,0
time
45.88
soc
67
f1,f2,first_soc,front
105.202,19.6922,100,0
time
45.88
soc
67
f1,f2,first_soc,front
105.202,19.6922,100,0
time
45.88
soc
67
f1,f2,first_soc,front
105.202,19.6922,100,0
time
45.88
soc
67
f1,f2,first_soc,front
105.202,19.6922,100,0
time
45.88
soc
67
f1,f2,first_soc,front
105.202,19.6922,100,0
time
45.88
soc
67
f1,f2,first_soc,front
105.202,19.6922,100,0
time
45.88
soc
67
f1,f2,first_soc,front
104.697,20.2697,100,0
time
45.88
soc
66
f1,f2,first_soc,front
105.202,19.6922,100,0
time
45.88
soc
67
f1,f2,first_soc,front
105.202,19.6922,100,0
time
45.88
soc
67
f1,f2,first_soc,front
105.202,19.6922,100,0
time
45.88
soc
67
f1,f2,first_soc,front
105.202,19.6922,100,0
time
45.88
soc
67
f1,f2,first_soc,front
105.202,19.6922,100,0
time
45.88
soc
67
f1,f2,first_soc,front
105.202,19.6922,100,0
time
45.88
soc
67
f1,f2,first_soc,front
105.202,19.6922,100,0
time
45.88
soc
67
f1,f2,first_soc,front
105.202,19.6922,100,0
time
45.88
soc
67
f1,f2,first_soc,front
105.202,19.6922,100,0
time
45.88
soc
67
f1,f2,first_soc,front
105.202,19.6922,100,0
time
45.88
soc
67
f1,f2,first_soc,front
105.202,19.6922,100,0
time
45.88
soc
67
f1,f2,first_soc,front
105.202,19.6922,100,0
time
45.88
soc
67
f1,f2,first_soc,front
105.202,19.6922,100,0
time
45.88
soc
67
f1,f2,first_soc,front
104.015,21.0483,100,0
time
44.52
soc
67
f1,f2,first_soc,front
105.202,19.6922,100,0
time
45.88
soc
67
f1,f2,first_soc,front
104.015,21.0483,100,0
time
44.52
soc
67
f1,f2,first_soc,front
104.015,21.0483,100,0
time
44.52
soc
67
f1,f2,first_soc,front
104.015,21.0483,100,0
time
44.52
soc
67
f1,f2,first_soc,front
104.015,21.0483,100,0
time
44.52
soc
67
f1,f2,first_soc,front
104.52,20.4708,100,0
time
44.52
soc
68
f1,f2,first_soc,front
104.52,20.4708,100,0
time
44.52
soc
68
f1,f2,first_soc,front
104.52,20.4708,100,0
time
44.52
soc
68
f1,f2,first_soc,front
104.52,20.4708,100,0
time
44.52
soc
68
f1,f2,first_soc,front
104.52,20.4708,100,0
time
44.52
soc
68
f1,f2,first_soc,front
104.52,20.4708,100,0
time
44.52
soc
68
f1,f2,first_soc,front
104.015,21.0483,100,0
time
44.52
soc
67
f1,f2,first_soc,front
104.015,21.0483,100,0
time
44.52
soc
67
f1,f2,first_soc,front
104.52,20.4708,100,0
time
44.52
soc
68
f1,f2,first_soc,front
104.015,21.0483,100,0
time
44.52
soc
67
f1,f2,first_soc,front
104.697,20.2697,100,0
time
45.88
soc
66
f1,f2,first_soc,front
104.52,20.4708,100,0
time
44.52
soc
68
f1,f2,first_soc,front
104.015,21.0483,100,0
time
44.52
soc
67
f1,f2,first_soc,front
104.52,20.4708,100,0
time
44.52
soc
68
f1,f2,first_soc,front
104.015,21.0483,100,0
time
44.52
soc
67
f1,f2,first_soc,front
104.015,21.0483,100,0
time
44.52
soc
67
f1,f2,first_soc,front
104.52,20.4708,100,0
time
44.52
soc
68
f1,f2,first_soc,front
104.52,20.4708,100,0
time
44.52
soc
68
f1,f2,first_soc,front
104.015,21.0483,100,0
time
44.52
soc
67
f1,f2,first_soc,front
104.52,20.4708,100,0
time
44.52
soc
68
f1,f2,first_soc,front
104.52,20.4708,100,0
time
44.52
soc
68
f1,f2,first_soc,front
104.52,20.4708,100,0
time
44.52
soc
68
f1,f2,first_soc,front
104.52,20.4708,100,0
time
44.52
soc
68
f1,f2,first_soc,front
104.52,20.4708,100,0
time
44.52
soc
68
f1,f2,first_soc,front
104.52,20.4708,100,0
time
44.52
soc
68
f1,f2,first_soc,front
104.52,20.4708,100,0
time
44.52
soc
68
f1,f2,first_soc,front
104.015,21.0483,100,0
time
44.52
soc
67
f1,f2,first_soc,front
104.015,21.0483,100,0
time
44.52
soc
67
f1,f2,first_soc,front
104.697,20.2697,100,0
time
45.88
soc
66
f1,f2,first_soc,front
104.697,20.2697,100,0
time
45.88
soc
66
f1,f2,first_soc,front
104.697,20.2697,100,0
time
45.88
soc
66
f1,f2,first_soc,front
104.697,20.2697,100,0
time
45.88
soc
66
f1,f2,first_soc,front
104.697,20.2697,100,0
time
45.88
soc
66
f1,f2,first_soc,front
104.697,20.2697,100,0
time
45.88
soc
66
f1,f2,first_soc,front
104.015,21.0483,100,0
time
44.52
soc
67
f1,f2,first_soc,front
104.697,20.2697,100,0
time
45.88
soc
66
f1,f2,first_soc,front
104.015,21.0483,100,0
time
44.52
soc
67
f1,f2,first_soc,front
104.697,20.2697,100,0
time
45.88
soc
66
f1,f2,first_soc,front
104.015,21.0483,100,0
time
44.52
soc
67
f1,f2,first_soc,front
104.015,21.0483,100,0
time
44.52
soc
67
f1,f2,first_soc,front
104.697,20.2697,100,0
time
45.88
soc
66
f1,f2,first_soc,front
104.015,21.0483,100,0
time
44.52
soc
67
f1,f2,first_soc,front
105.025,19.8933,100,0
time
44.52
soc
69
f1,f2,first_soc,front
104.697,20.2697,100,0
time
45.88
soc
66
第26世代
f1,f2,first_soc,front
113.949,11.5601,100,0
time
44.52,61.7791,91.8475
soc
48,70,52
f1,f2,first_soc,front
104.015,21.0483,100,0
time
44.52
soc
67
f1,f2,first_soc,front
104.015,21.0483,100,0
time
44.52
soc
67
f1,f2,first_soc,front
107.222,17.3822,100,0
time
45.88
soc
71
f1,f2,first_soc,front
111.263,12.7622,100,0
time
45.88
soc
79
f1,f2,first_soc,front
110.757,13.3397,100,0
time
45.88
soc
78
f1,f2,first_soc,front
111.768,12.1847,100,0
time
45.88
soc
80
f1,f2,first_soc,front
113.815,11.5624,100,0
time
36.36,77.7991
soc
75,62
f1,f2,first_soc,front
112.896,11.563,100,0
time
45.88,95.8371
soc
70,39
f1,f2,first_soc,front
111.768,12.1847,100,0
time
45.88
soc
80
f1,f2,first_soc,front
112.391,11.9595,100,0
time
45.88,95.8371
soc
70,38
f1,f2,first_soc,front
105.53,19.3158,100,0
time
44.52
soc
70
f1,f2,first_soc,front
108.055,16.4284,100,0
time
44.52
soc
75
f1,f2,first_soc,front
107.727,16.8047,100,0
time
45.88
soc
72
f1,f2,first_soc,front
109.066,15.2734,100,0
time
44.52
soc
77
f1,f2,first_soc,front
109.571,14.6959,100,0
time
44.52
soc
78
f1,f2,first_soc,front
110.252,13.9172,100,0
time
45.88
soc
77
f1,f2,first_soc,front
110.076,14.1184,100,0
time
44.52
soc
79
f1,f2,first_soc,front
106.54,18.1609,100,0
time
44.52
soc
72
f1,f2,first_soc,front
107.222,17.3822,100,0
time
45.88
soc
71
f1,f2,first_soc,front
106.035,18.7383,100,0
time
44.52
soc
71
f1,f2,first_soc,front
108.561,15.8509,100,0
time
44.52
soc
76
f1,f2,first_soc,front
106.717,17.9597,100,0
time
45.88
soc
70
f1,f2,first_soc,front
104.015,21.0483,100,0
time
44.52
soc
67
f1,f2,first_soc,front
106.717,17.9597,100,0
time
45.88
soc
70
f1,f2,first_soc,front
104.52,20.4708,100,0
time
44.52
soc
68
f1,f2,first_soc,front
111.263,12.7622,100,0
time
45.88
soc
79
f1,f2,first_soc,front
109.747,14.4947,100,0
time
45.88
soc
76
f1,f2,first_soc,front
107.55,17.0059,100,0
time
44.52
soc
74
f1,f2,first_soc,front
106.212,18.5372,100,0
time
45.88
soc
69
f1,f2,first_soc,front
107.55,17.0059,100,0
time
44.52
soc
74
f1,f2,first_soc,front
105.707,19.1147,100,0
time
45.88
soc
68
f1,f2,first_soc,front
109.242,15.0722,100,0
time
45.88
soc
75
f1,f2,first_soc,front
108.232,16.2272,100,0
time
45.88
soc
73
f1,f2,first_soc,front
108.737,15.6497,100,0
time
45.88
soc
74
f1,f2,first_soc,front
111.263,12.7622,100,0
time
45.88
soc
79
f1,f2,first_soc,front
104.015,21.0483,100,0
time
44.52
soc
67
f1,f2,first_soc,front
104.52,20.4708,100,0
time
44.52
soc
68
f1,f2,first_soc,front
112.896,11.563,100,0
time
45.88,95.8371
soc
70,39
f1,f2,first_soc,front
112.618,11.7025,100,0
time
37.72,77.1209
soc
74,62
f1,f2,first_soc,front
105.202,19.6922,100,0
time
45.88
soc
67
f1,f2,first_soc,front
104.697,20.2697,100,0
time
45.88
soc
66
f1,f2,first_soc,front
108.737,15.6497,100,0
time
45.88
soc
74
f1,f2,first_soc,front
105.025,19.8933,100,0
time
44.52
soc
69
f1,f2,first_soc,front
109.242,15.0722,100,0
time
45.88
soc
75
f1,f2,first_soc,front
110.581,13.5409,100,0
time
44.52
soc
80
f1,f2,first_soc,front
105.707,19.1147,100,0
time
45.88
soc
68
f1,f2,first_soc,front
106.212,18.5372,100,0
time
45.88
soc
69
f1,f2,first_soc,front
108.232,16.2272,100,0
time
45.88
soc
73
f1,f2,first_soc,front
106.035,18.7383,100,0
time
44.52
soc
71
f1,f2,first_soc,front
109.571,14.6959,100,0
time
44.52
soc
78
f1,f2,first_soc,front
107.727,16.8047,100,0
time
45.88
soc
72
f1,f2,first_soc,front
106.54,18.1609,100,0
time
44.52
soc
72
f1,f2,first_soc,front
110.076,14.1184,100,0
time
44.52
soc
79
f1,f2,first_soc,front
110.252,13.9172,100,0
time
45.88
soc
77
f1,f2,first_soc,front
108.055,16.4284,100,0
time
44.52
soc
75
f1,f2,first_soc,front
109.066,15.2734,100,0
time
44.52
soc
77
f1,f2,first_soc,front
110.581,13.5409,100,0
time
44.52
soc
80
f1,f2,first_soc,front
110.757,13.3397,100,0
time
45.88
soc
78
f1,f2,first_soc,front
105.53,19.3158,100,0
time
44.52
soc
70
f1,f2,first_soc,front
108.561,15.8509,100,0
time
44.52
soc
76
f1,f2,first_soc,front
112.391,11.9595,100,0
time
45.88,95.8371
soc
70,38
f1,f2,first_soc,front
104.697,20.2697,100,0
time
45.88
soc
66
f1,f2,first_soc,front
105.202,19.6922,100,0
time
45.88
soc
67
f1,f2,first_soc,front
109.747,14.4947,100,0
time
45.88
soc
76
f1,f2,first_soc,front
110.581,13.5409,100,0
time
44.52
soc
80
f1,f2,first_soc,front
105.025,19.8933,100,0
time
44.52
soc
69
f1,f2,first_soc,front
112.553,11.7747,100,0
time
45.88,73.067
soc
68,76
f1,f2,first_soc,front
104.697,20.2697,100,0
time
45.88
soc
66
f1,f2,first_soc,front
104.52,20.4708,100,0
time
44.52
soc
68
f1,f2,first_soc,front
109.747,14.4947,100,0
time
45.88
soc
76
f1,f2,first_soc,front
105.025,19.8933,100,0
time
44.52
soc
69
f1,f2,first_soc,front
105.202,19.6922,100,0
time
45.88
soc
67
f1,f2,first_soc,front
112.553,11.7747,100,0
time
45.88,73.067
soc
68,76
f1,f2,first_soc,front
106.212,18.5372,100,0
time
45.88
soc
69
f1,f2,first_soc,front
108.737,15.6497,100,0
time
45.88
soc
74
f1,f2,first_soc,front
105.202,19.6922,100,0
time
45.88
soc
67
f1,f2,first_soc,front
105.707,19.1147,100,0
time
45.88
soc
68
f1,f2,first_soc,front
104.52,20.4708,100,0
time
44.52
soc
68
f1,f2,first_soc,front
108.232,16.2272,100,0
time
45.88
soc
73
f1,f2,first_soc,front
105.025,19.8933,100,0
time
44.52
soc
69
f1,f2,first_soc,front
106.717,17.9597,100,0
time
45.88
soc
70
f1,f2,first_soc,front
109.242,15.0722,100,0
time
45.88
soc
75
f1,f2,first_soc,front
104.697,20.2697,100,0
time
45.88
soc
66
f1,f2,first_soc,front
112.618,11.7025,100,0
time
37.72,77.1209
soc
74,62
f1,f2,first_soc,front
113.949,11.5601,100,0
time
44.52,61.274,91.8475
soc
47,70,52
f1,f2,first_soc,front
113.815,11.5624,100,0
time
36.36,77.7991
soc
75,62
f1,f2,first_soc,front
112.553,11.7747,100,0
time
45.88,73.067
soc
68,76
f1,f2,first_soc,front
104.697,20.2697,100,0
time
45.88
soc
66
f1,f2,first_soc,front
104.697,20.2697,100,0
time
45.88
soc
66
f1,f2,first_soc,front
104.697,20.2697,100,0
time
45.88
soc
66
f1,f2,first_soc,front
104.697,20.2697,100,0
time
45.88
soc
66
f1,f2,first_soc,front
104.697,20.2697,100,0
time
45.88
soc
66
f1,f2,first_soc,front
104.697,20.2697,100,0
time
45.88
soc
66
f1,f2,first_soc,front
104.697,20.2697,100,0
time
45.88
soc
66
f1,f2,first_soc,front
112.553,11.7747,100,0
time
45.88,73.067
soc
68,76
f1,f2,first_soc,front
104.697,20.2697,100,0
time
45.88
soc
66
f1,f2,first_soc,front
104.697,20.2697,100,0
time
45.88
soc
66
f1,f2,first_soc,front
112.553,11.7747,100,0
time
45.88,73.067
soc
68,76
f1,f2,first_soc,front
104.697,20.2697,100,0
time
45.88
soc
66
f1,f2,first_soc,front
104.697,20.2697,100,0
time
45.88
soc
66
f1,f2,first_soc,front
104.697,20.2697,100,0
time
45.88
soc
66
f1,f2,first_soc,front
104.697,20.2697,100,0
time
45.88
soc
66
f1,f2,first_soc,front
104.697,20.2697,100,0
time
45.88
soc
66
f1,f2,first_soc,front
104.697,20.2697,100,0
time
45.88
soc
66
f1,f2,first_soc,front
104.697,20.2697,100,0
time
45.88
soc
66
f1,f2,first_soc,front
104.697,20.2697,100,0
time
45.88
soc
66
f1,f2,first_soc,front
104.697,20.2697,100,0
time
45.88
soc
66
f1,f2,first_soc,front
112.618,11.7025,100,0
time
37.72,77.1209
soc
74,62
f1,f2,first_soc,front
112.618,11.7025,100,0
time
37.72,77.1209
soc
74,62
f1,f2,first_soc,front
104.52,20.4708,100,0
time
44.52
soc
68
f1,f2,first_soc,front
104.52,20.4708,100,0
time
44.52
soc
68
f1,f2,first_soc,front
104.52,20.4708,100,0
time
44.52
soc
68
f1,f2,first_soc,front
104.52,20.4708,100,0
time
44.52
soc
68
f1,f2,first_soc,front
104.52,20.4708,100,0
time
44.52
soc
68
f1,f2,first_soc,front
104.52,20.4708,100,0
time
44.52
soc
68
f1,f2,first_soc,front
104.52,20.4708,100,0
time
44.52
soc
68
f1,f2,first_soc,front
104.52,20.4708,100,0
time
44.52
soc
68
f1,f2,first_soc,front
104.52,20.4708,100,0
time
44.52
soc
68
f1,f2,first_soc,front
105.025,19.8933,100,0
time
44.52
soc
69
f1,f2,first_soc,front
105.025,19.8933,100,0
time
44.52
soc
69
f1,f2,first_soc,front
105.025,19.8933,100,0
time
44.52
soc
69
f1,f2,first_soc,front
105.025,19.8933,100,0
time
44.52
soc
69
f1,f2,first_soc,front
105.025,19.8933,100,0
time
44.52
soc
69
f1,f2,first_soc,front
105.025,19.8933,100,0
time
44.52
soc
69
f1,f2,first_soc,front
105.025,19.8933,100,0
time
44.52
soc
69
f1,f2,first_soc,front
105.025,19.8933,100,0
time
44.52
soc
69
f1,f2,first_soc,front
105.025,19.8933,100,0
time
44.52
soc
69
f1,f2,first_soc,front
112.391,11.9595,100,0
time
45.88,95.8371
soc
70,38
f1,f2,first_soc,front
105.025,19.8933,100,0
time
44.52
soc
69
f1,f2,first_soc,front
105.025,19.8933,100,0
time
44.52
soc
69
f1,f2,first_soc,front
112.391,11.9595,100,0
time
45.88,95.8371
soc
70,38
f1,f2,first_soc,front
105.025,19.8933,100,0
time
44.52
soc
69
f1,f2,first_soc,front
105.025,19.8933,100,0
time
44.52
soc
69
f1,f2,first_soc,front
105.025,19.8933,100,0
time
44.52
soc
69
f1,f2,first_soc,front
104.697,20.2697,100,0
time
45.88
soc
66
f1,f2,first_soc,front
105.025,19.8933,100,0
time
44.52
soc
69
f1,f2,first_soc,front
105.025,19.8933,100,0
time
44.52
soc
69
f1,f2,first_soc,front
105.025,19.8933,100,0
time
44.52
soc
69
f1,f2,first_soc,front
105.025,19.8933,100,0
time
44.52
soc
69
f1,f2,first_soc,front
105.025,19.8933,100,0
time
44.52
soc
69
f1,f2,first_soc,front
105.025,19.8933,100,0
time
44.52
soc
69
f1,f2,first_soc,front
105.025,19.8933,100,0
time
44.52
soc
69
f1,f2,first_soc,front
112.553,11.7747,100,0
time
45.88,73.067
soc
68,76
f1,f2,first_soc,front
104.697,20.2697,100,0
time
45.88
soc
66
f1,f2,first_soc,front
104.697,20.2697,100,0
time
45.88
soc
66
f1,f2,first_soc,front
104.697,20.2697,100,0
time
45.88
soc
66
f1,f2,first_soc,front
104.697,20.2697,100,0
time
45.88
soc
66
f1,f2,first_soc,front
104.697,20.2697,100,0
time
45.88
soc
66
f1,f2,first_soc,front
104.697,20.2697,100,0
time
45.88
soc
66
f1,f2,first_soc,front
104.52,20.4708,100,0
time
44.52
soc
68
f1,f2,first_soc,front
104.015,21.0483,100,0
time
44.52
soc
67
f1,f2,first_soc,front
104.015,21.0483,100,0
time
44.52
soc
67
f1,f2,first_soc,front
104.015,21.0483,100,0
time
44.52
soc
67
f1,f2,first_soc,front
104.015,21.0483,100,0
time
44.52
soc
67
f1,f2,first_soc,front
104.015,21.0483,100,0
time
44.52
soc
67
f1,f2,first_soc,front
104.015,21.0483,100,0
time
44.52
soc
67
f1,f2,first_soc,front
104.015,21.0483,100,0
time
44.52
soc
67
f1,f2,first_soc,front
104.015,21.0483,100,0
time
44.52
soc
67
f1,f2,first_soc,front
104.015,21.0483,100,0
time
44.52
soc
67
f1,f2,first_soc,front
104.015,21.0483,100,0
time
44.52
soc
67
f1,f2,first_soc,front
104.015,21.0483,100,0
time
44.52
soc
67
f1,f2,first_soc,front
113.815,11.5624,100,0
time
36.36,77.294
soc
74,62
f1,f2,first_soc,front
113.815,11.5624,100,0
time
36.36,77.7991
soc
75,62
f1,f2,first_soc,front
104.015,21.0483,100,0
time
44.52
soc
67
f1,f2,first_soc,front
104.015,21.0483,100,0
time
44.52
soc
67
f1,f2,first_soc,front
104.015,21.0483,100,0
time
44.52
soc
67
f1,f2,first_soc,front
104.015,21.0483,100,0
time
44.52
soc
67
f1,f2,first_soc,front
104.015,21.0483,100,0
time
44.52
soc
67
f1,f2,first_soc,front
104.015,21.0483,100,0
time
44.52
soc
67
f1,f2,first_soc,front
104.015,21.0483,100,0
time
44.52
soc
67
f1,f2,first_soc,front
104.015,21.0483,100,0
time
44.52
soc
67
f1,f2,first_soc,front
104.015,21.0483,100,0
time
44.52
soc
67
f1,f2,first_soc,front
104.015,21.0483,100,0
time
44.52
soc
67
f1,f2,first_soc,front
104.015,21.0483,100,0
time
44.52
soc
67
f1,f2,first_soc,front
104.015,21.0483,100,0
time
44.52
soc
67
f1,f2,first_soc,front
104.015,21.0483,100,0
time
44.52
soc
67
f1,f2,first_soc,front
104.015,21.0483,100,0
time
44.52
soc
67
f1,f2,first_soc,front
104.015,21.0483,100,0
time
44.52
soc
67
f1,f2,first_soc,front
104.015,21.0483,100,0
time
44.52
soc
67
f1,f2,first_soc,front
104.015,21.0483,100,0
time
44.52
soc
67
f1,f2,first_soc,front
104.015,21.0483,100,0
time
44.52
soc
67
f1,f2,first_soc,front
113.815,11.5624,100,0
time
36.36,77.7991
soc
75,62
f1,f2,first_soc,front
104.52,20.4708,100,0
time
44.52
soc
68
f1,f2,first_soc,front
104.52,20.4708,100,0
time
44.52
soc
68
f1,f2,first_soc,front
104.52,20.4708,100,0
time
44.52
soc
68
f1,f2,first_soc,front
104.52,20.4708,100,0
time
44.52
soc
68
f1,f2,first_soc,front
112.896,11.563,100,0
time
45.88,95.8371
soc
70,39
f1,f2,first_soc,front
104.52,20.4708,100,0
time
44.52
soc
68
f1,f2,first_soc,front
104.52,20.4708,100,0
time
44.52
soc
68
f1,f2,first_soc,front
104.52,20.4708,100,0
time
44.52
soc
68
f1,f2,first_soc,front
104.52,20.4708,100,0
time
44.52
soc
68
f1,f2,first_soc,front
104.52,20.4708,100,0
time
44.52
soc
68
f1,f2,first_soc,front
104.52,20.4708,100,0
time
44.52
soc
68
f1,f2,first_soc,front
104.52,20.4708,100,0
time
44.52
soc
68
f1,f2,first_soc,front
104.52,20.4708,100,0
time
44.52
soc
68
f1,f2,first_soc,front
104.52,20.4708,100,0
time
44.52
soc
68
f1,f2,first_soc,front
104.52,20.4708,100,0
time
44.52
soc
68
f1,f2,first_soc,front
104.52,20.4708,100,0
time
44.52
soc
68
f1,f2,first_soc,front
105.025,19.8933,100,0
time
44.52
soc
69
第27世代
f1,f2,first_soc,front
104.015,21.0483,100,0
time
44.52
soc
67
f1,f2,first_soc,front
104.015,21.0483,100,0
time
44.52
soc
67
f1,f2,first_soc,front
113.949,11.5601,100,0
time
44.52,61.274,91.8475
soc
47,70,52
f1,f2,first_soc,front
107.222,17.3822,100,0
time
45.88
soc
71
f1,f2,first_soc,front
111.768,12.1847,100,0
time
45.88
soc
80
f1,f2,first_soc,front
111.263,12.7622,100,0
time
45.88
soc
79
f1,f2,first_soc,front
112.896,11.563,100,0
time
45.88,95.8371
soc
70,39
f1,f2,first_soc,front
113.815,11.5624,100,0
time
36.36,77.7991
soc
75,62
f1,f2,first_soc,front
111.768,12.1847,100,0
time
45.88
soc
80
f1,f2,first_soc,front
109.066,15.2734,100,0
time
44.52
soc
77
f1,f2,first_soc,front
108.055,16.4284,100,0
time
44.52
soc
75
f1,f2,first_soc,front
110.076,14.1184,100,0
time
44.52
soc
79
f1,f2,first_soc,front
109.747,14.4947,100,0
time
45.88
soc
76
f1,f2,first_soc,front
109.242,15.0722,100,0
time
45.88
soc
75
f1,f2,first_soc,front
110.581,13.5409,100,0
time
44.52
soc
80
f1,f2,first_soc,front
108.561,15.8509,100,0
time
44.52
soc
76
f1,f2,first_soc,front
106.035,18.7383,100,0
time
44.52
soc
71
f1,f2,first_soc,front
107.55,17.0059,100,0
time
44.52
soc
74
f1,f2,first_soc,front
106.54,18.1609,100,0
time
44.52
soc
72
f1,f2,first_soc,front
107.222,17.3822,100,0
time
45.88
soc
71
f1,f2,first_soc,front
110.757,13.3397,100,0
time
45.88
soc
78
f1,f2,first_soc,front
112.391,11.9595,100,0
time
45.88,95.8371
soc
70,38
f1,f2,first_soc,front
104.015,21.0483,100,0
time
44.52
soc
67
f1,f2,first_soc,front
106.717,17.9597,100,0
time
45.88
soc
70
f1,f2,first_soc,front
104.52,20.4708,100,0
time
44.52
soc
68
f1,f2,first_soc,front
110.757,13.3397,100,0
time
45.88
soc
78
f1,f2,first_soc,front
111.263,12.7622,100,0
time
45.88
soc
79
f1,f2,first_soc,front
105.53,19.3158,100,0
time
44.52
soc
70
f1,f2,first_soc,front
110.252,13.9172,100,0
time
45.88
soc
77
f1,f2,first_soc,front
106.212,18.5372,100,0
time
45.88
soc
69
f1,f2,first_soc,front
107.727,16.8047,100,0
time
45.88
soc
72
f1,f2,first_soc,front
108.232,16.2272,100,0
time
45.88
soc
73
f1,f2,first_soc,front
106.717,17.9597,100,0
time
45.88
soc
70
f1,f2,first_soc,front
111.263,12.7622,100,0
time
45.88
soc
79
f1,f2,first_soc,front
104.015,21.0483,100,0
time
44.52
soc
67
f1,f2,first_soc,front
104.52,20.4708,100,0
time
44.52
soc
68
f1,f2,first_soc,front
112.618,11.7025,100,0
time
37.72,77.1209
soc
74,62
f1,f2,first_soc,front
112.391,11.9595,100,0
time
45.88,95.8371
soc
70,38
f1,f2,first_soc,front
107.727,16.8047,100,0
time
45.88
soc
72
f1,f2,first_soc,front
104.697,20.2697,100,0
time
45.88
soc
66
f1,f2,first_soc,front
105.025,19.8933,100,0
time
44.52
soc
69
f1,f2,first_soc,front
105.202,19.6922,100,0
time
45.88
soc
67
f1,f2,first_soc,front
108.737,15.6497,100,0
time
45.88
soc
74
f1,f2,first_soc,front
109.571,14.6959,100,0
time
44.52
soc
78
f1,f2,first_soc,front
108.232,16.2272,100,0
time
45.88
soc
73
f1,f2,first_soc,front
105.707,19.1147,100,0
time
45.88
soc
68
f1,f2,first_soc,front
106.212,18.5372,100,0
time
45.88
soc
69
f1,f2,first_soc,front
106.035,18.7383,100,0
time
44.52
soc
71
f1,f2,first_soc,front
109.747,14.4947,100,0
time
45.88
soc
76
f1,f2,first_soc,front
110.581,13.5409,100,0
time
44.52
soc
80
f1,f2,first_soc,front
110.076,14.1184,100,0
time
44.52
soc
79
f1,f2,first_soc,front
106.54,18.1609,100,0
time
44.52
soc
72
f1,f2,first_soc,front
109.571,14.6959,100,0
time
44.52
soc
78
f1,f2,first_soc,front
107.55,17.0059,100,0
time
44.52
soc
74
f1,f2,first_soc,front
109.242,15.0722,100,0
time
45.88
soc
75
f1,f2,first_soc,front
108.055,16.4284,100,0
time
44.52
soc
75
f1,f2,first_soc,front
109.066,15.2734,100,0
time
44.52
soc
77
f1,f2,first_soc,front
108.561,15.8509,100,0
time
44.52
soc
76
f1,f2,first_soc,front
105.202,19.6922,100,0
time
45.88
soc
67
f1,f2,first_soc,front
104.697,20.2697,100,0
time
45.88
soc
66
f1,f2,first_soc,front
105.025,19.8933,100,0
time
44.52
soc
69
f1,f2,first_soc,front
108.737,15.6497,100,0
time
45.88
soc
74
f1,f2,first_soc,front
105.53,19.3158,100,0
time
44.52
soc
70
f1,f2,first_soc,front
109.571,14.6959,100,0
time
44.52
soc
78
f1,f2,first_soc,front
105.202,19.6922,100,0
time
45.88
soc
67
f1,f2,first_soc,front
105.707,19.1147,100,0
time
45.88
soc
68
f1,f2,first_soc,front
110.252,13.9172,100,0
time
45.88
soc
77
f1,f2,first_soc,front
112.896,11.563,100,0
time
45.88,95.8371
soc
70,39
f1,f2,first_soc,front
110.252,13.9172,100,0
time
45.88
soc
77
f1,f2,first_soc,front
106.717,17.9597,100,0
time
45.88
soc
70
f1,f2,first_soc,front
108.737,15.6497,100,0
time
45.88
soc
74
f1,f2,first_soc,front
105.53,19.3158,100,0
time
44.52
soc
70
f1,f2,first_soc,front
105.707,19.1147,100,0
time
45.88
soc
68
f1,f2,first_soc,front
104.52,20.4708,100,0
time
44.52
soc
68
f1,f2,first_soc,front
104.697,20.2697,100,0
time
45.88
soc
66
f1,f2,first_soc,front
105.025,19.8933,100,0
time
44.52
soc
69
f1,f2,first_soc,front
112.553,11.7747,100,0
time
45.88,73.067
soc
68,76
f1,f2,first_soc,front
112.391,11.9595,100,0
time
45.88,95.8371
soc
70,38
f1,f2,first_soc,front
106.212,18.5372,100,0
time
45.88
soc
69
f1,f2,first_soc,front
110.757,13.3397,100,0
time
45.88
soc
78
f1,f2,first_soc,front
108.232,16.2272,100,0
time
45.88
soc
73
f1,f2,first_soc,front
105.707,19.1147,100,0
time
45.88
soc
68
f1,f2,first_soc,front
107.727,16.8047,100,0
time
45.88
soc
72
f1,f2,first_soc,front
104.697,20.2697,100,0
time
45.88
soc
66
f1,f2,first_soc,front
104.52,20.4708,100,0
time
44.52
soc
68
f1,f2,first_soc,front
108.737,15.6497,100,0
time
45.88
soc
74
f1,f2,first_soc,front
105.025,19.8933,100,0
time
44.52
soc
69
f1,f2,first_soc,front
106.717,17.9597,100,0
time
45.88
soc
70
f1,f2,first_soc,front
112.553,11.7747,100,0
time
45.88,73.067
soc
68,76
f1,f2,first_soc,front
112.618,11.7025,100,0
time
37.72,77.1209
soc
74,62
f1,f2,first_soc,front
113.815,11.5624,100,0
time
36.36,77.7991
soc
75,62
f1,f2,first_soc,front
113.949,11.5601,100,0
time
44.52,61.274,91.8475
soc
47,70,52
f1,f2,first_soc,front
112.553,11.7747,100,0
time
45.88,73.067
soc
68,76
f1,f2,first_soc,front
112.553,11.7747,100,0
time
45.88,73.067
soc
68,76
f1,f2,first_soc,front
104.697,20.2697,100,0
time
45.88
soc
66
f1,f2,first_soc,front
104.697,20.2697,100,0
time
45.88
soc
66
f1,f2,first_soc,front
104.697,20.2697,100,0
time
45.88
soc
66
f1,f2,first_soc,front
104.697,20.2697,100,0
time
45.88
soc
66
f1,f2,first_soc,front
104.697,20.2697,100,0
time
45.88
soc
66
f1,f2,first_soc,front
104.697,20.2697,100,0
time
45.88
soc
66
f1,f2,first_soc,front
104.697,20.2697,100,0
time
45.88
soc
66
f1,f2,first_soc,front
104.52,20.4708,100,0
time
44.52
soc
68
f1,f2,first_soc,front
104.697,20.2697,100,0
time
45.88
soc
66
f1,f2,first_soc,front
104.697,20.2697,100,0
time
45.88
soc
66
f1,f2,first_soc,front
104.697,20.2697,100,0
time
45.88
soc
66
f1,f2,first_soc,front
104.697,20.2697,100,0
time
45.88
soc
66
f1,f2,first_soc,front
104.697,20.2697,100,0
time
45.88
soc
66
f1,f2,first_soc,front
104.697,20.2697,100,0
time
45.88
soc
66
f1,f2,first_soc,front
104.697,20.2697,100,0
time
45.88
soc
66
f1,f2,first_soc,front
104.697,20.2697,100,0
time
45.88
soc
66
f1,f2,first_soc,front
104.697,20.2697,100,0
time
45.88
soc
66
f1,f2,first_soc,front
104.697,20.2697,100,0
time
45.88
soc
66
f1,f2,first_soc,front
104.52,20.4708,100,0
time
44.52
soc
68
f1,f2,first_soc,front
104.52,20.4708,100,0
time
44.52
soc
68
f1,f2,first_soc,front
104.697,20.2697,100,0
time
45.88
soc
66
f1,f2,first_soc,front
104.697,20.2697,100,0
time
45.88
soc
66
f1,f2,first_soc,front
104.697,20.2697,100,0
time
45.88
soc
66
f1,f2,first_soc,front
104.697,20.2697,100,0
time
45.88
soc
66
f1,f2,first_soc,front
104.697,20.2697,100,0
time
45.88
soc
66
f1,f2,first_soc,front
104.697,20.2697,100,0
time
45.88
soc
66
f1,f2,first_soc,front
104.697,20.2697,100,0
time
45.88
soc
66
f1,f2,first_soc,front
104.697,20.2697,100,0
time
45.88
soc
66
f1,f2,first_soc,front
104.697,20.2697,100,0
time
45.88
soc
66
f1,f2,first_soc,front
104.697,20.2697,100,0
time
45.88
soc
66
f1,f2,first_soc,front
104.697,20.2697,100,0
time
45.88
soc
66
f1,f2,first_soc,front
104.697,20.2697,100,0
time
45.88
soc
66
f1,f2,first_soc,front
104.697,20.2697,100,0
time
45.88
soc
66
f1,f2,first_soc,front
104.697,20.2697,100,0
time
45.88
soc
66
f1,f2,first_soc,front
104.697,20.2697,100,0
time
45.88
soc
66
f1,f2,first_soc,front
104.697,20.2697,100,0
time
45.88
soc
66
f1,f2,first_soc,front
104.697,20.2697,100,0
time
45.88
soc
66
f1,f2,first_soc,front
104.697,20.2697,100,0
time
45.88
soc
66
f1,f2,first_soc,front
105.025,19.8933,100,0
time
44.52
soc
69
f1,f2,first_soc,front
104.697,20.2697,100,0
time
45.88
soc
66
f1,f2,first_soc,front
104.697,20.2697,100,0
time
45.88
soc
66
f1,f2,first_soc,front
104.697,20.2697,100,0
time
45.88
soc
66
f1,f2,first_soc,front
104.697,20.2697,100,0
time
45.88
soc
66
f1,f2,first_soc,front
104.697,20.2697,100,0
time
45.88
soc
66
f1,f2,first_soc,front
104.697,20.2697,100,0
time
45.88
soc
66
f1,f2,first_soc,front
104.697,20.2697,100,0
time
45.88
soc
66
f1,f2,first_soc,front
104.697,20.2697,100,0
time
45.88
soc
66
f1,f2,first_soc,front
104.697,20.2697,100,0
time
45.88
soc
66
f1,f2,first_soc,front
104.697,20.2697,100,0
time
45.88
soc
66
f1,f2,first_soc,front
104.697,20.2697,100,0
time
45.88
soc
66
f1,f2,first_soc,front
104.697,20.2697,100,0
time
45.88
soc
66
f1,f2,first_soc,front
104.697,20.2697,100,0
time
45.88
soc
66
f1,f2,first_soc,front
104.697,20.2697,100,0
time
45.88
soc
66
f1,f2,first_soc,front
104.697,20.2697,100,0
time
45.88
soc
66
f1,f2,first_soc,front
104.697,20.2697,100,0
time
45.88
soc
66
f1,f2,first_soc,front
104.697,20.2697,100,0
time
45.88
soc
66
f1,f2,first_soc,front
104.697,20.2697,100,0
time
45.88
soc
66
f1,f2,first_soc,front
104.015,21.0483,100,0
time
44.52
soc
67
f1,f2,first_soc,front
104.015,21.0483,100,0
time
44.52
soc
67
f1,f2,first_soc,front
104.015,21.0483,100,0
time
44.52
soc
67
f1,f2,first_soc,front
104.015,21.0483,100,0
time
44.52
soc
67
f1,f2,first_soc,front
104.015,21.0483,100,0
time
44.52
soc
67
f1,f2,first_soc,front
104.015,21.0483,100,0
time
44.52
soc
67
f1,f2,first_soc,front
104.015,21.0483,100,0
time
44.52
soc
67
f1,f2,first_soc,front
104.015,21.0483,100,0
time
44.52
soc
67
f1,f2,first_soc,front
104.015,21.0483,100,0
time
44.52
soc
67
f1,f2,first_soc,front
113.949,11.5601,100,0
time
44.52,61.274,91.8475
soc
47,70,52
f1,f2,first_soc,front
104.015,21.0483,100,0
time
44.52
soc
67
f1,f2,first_soc,front
104.015,21.0483,100,0
time
44.52
soc
67
f1,f2,first_soc,front
104.015,21.0483,100,0
time
44.52
soc
67
f1,f2,first_soc,front
104.015,21.0483,100,0
time
44.52
soc
67
f1,f2,first_soc,front
104.015,21.0483,100,0
time
44.52
soc
67
f1,f2,first_soc,front
104.015,21.0483,100,0
time
44.52
soc
67
f1,f2,first_soc,front
104.015,21.0483,100,0
time
44.52
soc
67
f1,f2,first_soc,front
104.015,21.0483,100,0
time
44.52
soc
67
f1,f2,first_soc,front
104.015,21.0483,100,0
time
44.52
soc
67
f1,f2,first_soc,front
113.949,11.5601,100,0
time
44.52,61.7791,91.8475
soc
48,70,52
f1,f2,first_soc,front
104.015,21.0483,100,0
time
44.52
soc
67
f1,f2,first_soc,front
104.015,21.0483,100,0
time
44.52
soc
67
f1,f2,first_soc,front
104.015,21.0483,100,0
time
44.52
soc
67
f1,f2,first_soc,front
104.015,21.0483,100,0
time
44.52
soc
67
f1,f2,first_soc,front
104.015,21.0483,100,0
time
44.52
soc
67
f1,f2,first_soc,front
104.015,21.0483,100,0
time
44.52
soc
67
f1,f2,first_soc,front
104.015,21.0483,100,0
time
44.52
soc
67
f1,f2,first_soc,front
104.015,21.0483,100,0
time
44.52
soc
67
f1,f2,first_soc,front
104.015,21.0483,100,0
time
44.52
soc
67
f1,f2,first_soc,front
104.015,21.0483,100,0
time
44.52
soc
67
f1,f2,first_soc,front
104.015,21.0483,100,0
time
44.52
soc
67
f1,f2,first_soc,front
104.015,21.0483,100,0
time
44.52
soc
67
f1,f2,first_soc,front
104.015,21.0483,100,0
time
44.52
soc
67
f1,f2,first_soc,front
104.015,21.0483,100,0
time
44.52
soc
67
f1,f2,first_soc,front
104.015,21.0483,100,0
time
44.52
soc
67
f1,f2,first_soc,front
104.015,21.0483,100,0
time
44.52
soc
67
f1,f2,first_soc,front
104.52,20.4708,100,0
time
44.52
soc
68
f1,f2,first_soc,front
104.52,20.4708,100,0
time
44.52
soc
68
f1,f2,first_soc,front
104.52,20.4708,100,0
time
44.52
soc
68
f1,f2,first_soc,front
113.815,11.5624,100,0
time
36.36,77.7991
soc
75,62
f1,f2,first_soc,front
104.52,20.4708,100,0
time
44.52
soc
68
f1,f2,first_soc,front
104.52,20.4708,100,0
time
44.52
soc
68
f1,f2,first_soc,front
104.52,20.4708,100,0
time
44.52
soc
68
f1,f2,first_soc,front
104.52,20.4708,100,0
time
44.52
soc
68
f1,f2,first_soc,front
104.52,20.4708,100,0
time
44.52
soc
68
f1,f2,first_soc,front
104.52,20.4708,100,0
time
44.52
soc
68
f1,f2,first_soc,front
104.52,20.4708,100,0
time
44.52
soc
68
f1,f2,first_soc,front
104.52,20.4708,100,0
time
44.52
soc
68
f1,f2,first_soc,front
104.52,20.4708,100,0
time
44.52
soc
68
第28世代
f1,f2,first_soc,front
113.949,11.5601,100,0
time
44.52,61.274,91.8475
soc
47,70,52
f1,f2,first_soc,front
104.015,21.0483,100,0
time
44.52
soc
67
f1,f2,first_soc,front
104.015,21.0483,100,0
time
44.52
soc
67
f1,f2,first_soc,front
107.222,17.3822,100,0
time
45.88
soc
71
f1,f2,first_soc,front
111.768,12.1847,100,0
time
45.88
soc
80
f1,f2,first_soc,front
111.263,12.7622,100,0
time
45.88
soc
79
f1,f2,first_soc,front
112.896,11.563,100,0
time
45.88,95.8371
soc
70,39
f1,f2,first_soc,front
113.815,11.5624,100,0
time
36.36,77.7991
soc
75,62
f1,f2,first_soc,front
111.768,12.1847,100,0
time
45.88
soc
80
f1,f2,first_soc,front
109.066,15.2734,100,0
time
44.52
soc
77
f1,f2,first_soc,front
105.202,19.6922,100,0
time
45.88
soc
67
f1,f2,first_soc,front
108.055,16.4284,100,0
time
44.52
soc
75
f1,f2,first_soc,front
109.571,14.6959,100,0
time
44.52
soc
78
f1,f2,first_soc,front
110.076,14.1184,100,0
time
44.52
soc
79
f1,f2,first_soc,front
106.54,18.1609,100,0
time
44.52
soc
72
f1,f2,first_soc,front
106.035,18.7383,100,0
time
44.52
soc
71
f1,f2,first_soc,front
107.222,17.3822,100,0
time
45.88
soc
71
f1,f2,first_soc,front
108.561,15.8509,100,0
time
44.52
soc
76
f1,f2,first_soc,front
112.391,11.9595,100,0
time
45.88,95.8371
soc
70,38
f1,f2,first_soc,front
104.52,20.4708,100,0
time
44.52
soc
68
f1,f2,first_soc,front
106.717,17.9597,100,0
time
45.88
soc
70
f1,f2,first_soc,front
104.015,21.0483,100,0
time
44.52
soc
67
f1,f2,first_soc,front
111.263,12.7622,100,0
time
45.88
soc
79
f1,f2,first_soc,front
110.757,13.3397,100,0
time
45.88
soc
78
f1,f2,first_soc,front
105.53,19.3158,100,0
time
44.52
soc
70
f1,f2,first_soc,front
107.55,17.0059,100,0
time
44.52
soc
74
f1,f2,first_soc,front
106.212,18.5372,100,0
time
45.88
soc
69
f1,f2,first_soc,front
108.737,15.6497,100,0
time
45.88
soc
74
f1,f2,first_soc,front
109.242,15.0722,100,0
time
45.88
soc
75
f1,f2,first_soc,front
105.53,19.3158,100,0
time
44.52
soc
70
f1,f2,first_soc,front
107.55,17.0059,100,0
time
44.52
soc
74
f1,f2,first_soc,front
107.727,16.8047,100,0
time
45.88
soc
72
f1,f2,first_soc,front
110.252,13.9172,100,0
time
45.88
soc
77
f1,f2,first_soc,front
109.747,14.4947,100,0
time
45.88
soc
76
f1,f2,first_soc,front
108.232,16.2272,100,0
time
45.88
soc
73
f1,f2,first_soc,front
106.717,17.9597,100,0
time
45.88
soc
70
f1,f2,first_soc,front
111.263,12.7622,100,0
time
45.88
soc
79
f1,f2,first_soc,front
104.015,21.0483,100,0
time
44.52
soc
67
f1,f2,first_soc,front
110.757,13.3397,100,0
time
45.88
soc
78
f1,f2,first_soc,front
104.52,20.4708,100,0
time
44.52
soc
68
f1,f2,first_soc,front
112.618,11.7025,100,0
time
37.72,77.1209
soc
74,62
f1,f2,first_soc,front
108.737,15.6497,100,0
time
45.88
soc
74
f1,f2,first_soc,front
104.697,20.2697,100,0
time
45.88
soc
66
f1,f2,first_soc,front
105.025,19.8933,100,0
time
44.52
soc
69
f1,f2,first_soc,front
107.727,16.8047,100,0
time
45.88
soc
72
f1,f2,first_soc,front
109.242,15.0722,100,0
time
45.88
soc
75
f1,f2,first_soc,front
110.581,13.5409,100,0
time
44.52
soc
80
f1,f2,first_soc,front
109.747,14.4947,100,0
time
45.88
soc
76
f1,f2,first_soc,front
110.252,13.9172,100,0
time
45.88
soc
77
f1,f2,first_soc,front
105.707,19.1147,100,0
time
45.88
soc
68
f1,f2,first_soc,front
108.232,16.2272,100,0
time
45.88
soc
73
f1,f2,first_soc,front
106.212,18.5372,100,0
time
45.88
soc
69
f1,f2,first_soc,front
106.035,18.7383,100,0
time
44.52
soc
71
f1,f2,first_soc,front
108.055,16.4284,100,0
time
44.52
soc
75
f1,f2,first_soc,front
110.076,14.1184,100,0
time
44.52
soc
79
f1,f2,first_soc,front
106.54,18.1609,100,0
time
44.52
soc
72
f1,f2,first_soc,front
109.066,15.2734,100,0
time
44.52
soc
77
f1,f2,first_soc,front
108.561,15.8509,100,0
time
44.52
soc
76
f1,f2,first_soc,front
109.571,14.6959,100,0
time
44.52
soc
78
f1,f2,first_soc,front
105.707,19.1147,100,0
time
45.88
soc
68
f1,f2,first_soc,front
110.581,13.5409,100,0
time
44.52
soc
80
f1,f2,first_soc,front
105.202,19.6922,100,0
time
45.88
soc
67
f1,f2,first_soc,front
110.581,13.5409,100,0
time
44.52
soc
80
f1,f2,first_soc,front
105.025,19.8933,100,0
time
44.52
soc
69
f1,f2,first_soc,front
104.697,20.2697,100,0
time
45.88
soc
66
f1,f2,first_soc,front
105.707,19.1147,100,0
time
45.88
soc
68
f1,f2,first_soc,front
112.896,11.563,100,0
time
45.88,95.8371
soc
70,39
f1,f2,first_soc,front
112.553,11.7747,100,0
time
45.88,73.067
soc
68,76
f1,f2,first_soc,front
112.391,11.9595,100,0
time
45.88,95.8371
soc
70,38
f1,f2,first_soc,front
104.697,20.2697,100,0
time
45.88
soc
66
f1,f2,first_soc,front
104.52,20.4708,100,0
time
44.52
soc
68
f1,f2,first_soc,front
110.757,13.3397,100,0
time
45.88
soc
78
f1,f2,first_soc,front
106.717,17.9597,100,0
time
45.88
soc
70
f1,f2,first_soc,front
105.025,19.8933,100,0
time
44.52
soc
69
f1,f2,first_soc,front
112.391,11.9595,100,0
time
45.88,95.8371
soc
70,38
f1,f2,first_soc,front
109.242,15.0722,100,0
time
45.88
soc
75
f1,f2,first_soc,front
108.232,16.2272,100,0
time
45.88
soc
73
f1,f2,first_soc,front
109.747,14.4947,100,0
time
45.88
soc
76
f1,f2,first_soc,front
104.52,20.4708,100,0
time
44.52
soc
68
f1,f2,first_soc,front
108.737,15.6497,100,0
time
45.88
soc
74
f1,f2,first_soc,front
110.252,13.9172,100,0
time
45.88
soc
77
f1,f2,first_soc,front
104.697,20.2697,100,0
time
45.88
soc
66
f1,f2,first_soc,front
105.025,19.8933,100,0
time
44.52
soc
69
f1,f2,first_soc,front
107.727,16.8047,100,0
time
45.88
soc
72
f1,f2,first_soc,front
110.757,13.3397,100,0
time
45.88
soc
78
f1,f2,first_soc,front
106.717,17.9597,100,0
time
45.88
soc
70
f1,f2,first_soc,front
106.212,18.5372,100,0
time
45.88
soc
69
f1,f2,first_soc,front
112.553,11.7747,100,0
time
45.88,73.067
soc
68,76
f1,f2,first_soc,front
112.391,11.9595,100,0
time
45.88,95.8371
soc
70,38
f1,f2,first_soc,front
112.618,11.7025,100,0
time
37.72,77.1209
soc
74,62
f1,f2,first_soc,front
113.815,11.5624,100,0
time
36.36,77.7991
soc
75,62
f1,f2,first_soc,front
113.949,11.5601,100,0
time
44.52,61.274,91.8475
soc
47,70,52
f1,f2,first_soc,front
112.553,11.7747,100,0
time
45.88,73.067
soc
68,76
f1,f2,first_soc,front
113.949,11.5601,100,0
time
44.52,60.769,91.8475
soc
46,70,52
f1,f2,first_soc,front
112.896,11.563,100,0
time
45.88,95.8371
soc
70,39
f1,f2,first_soc,front
104.697,20.2697,100,0
time
45.88
soc
66
f1,f2,first_soc,front
104.697,20.2697,100,0
time
45.88
soc
66
f1,f2,first_soc,front
104.697,20.2697,100,0
time
45.88
soc
66
f1,f2,first_soc,front
104.697,20.2697,100,0
time
45.88
soc
66
f1,f2,first_soc,front
104.697,20.2697,100,0
time
45.88
soc
66
f1,f2,first_soc,front
104.697,20.2697,100,0
time
45.88
soc
66
f1,f2,first_soc,front
104.697,20.2697,100,0
time
45.88
soc
66
f1,f2,first_soc,front
104.697,20.2697,100,0
time
45.88
soc
66
f1,f2,first_soc,front
113.815,11.5624,100,0
time
36.36,77.7991
soc
75,62
f1,f2,first_soc,front
104.697,20.2697,100,0
time
45.88
soc
66
f1,f2,first_soc,front
104.697,20.2697,100,0
time
45.88
soc
66
f1,f2,first_soc,front
104.697,20.2697,100,0
time
45.88
soc
66
f1,f2,first_soc,front
104.697,20.2697,100,0
time
45.88
soc
66
f1,f2,first_soc,front
104.697,20.2697,100,0
time
45.88
soc
66
f1,f2,first_soc,front
104.697,20.2697,100,0
time
45.88
soc
66
f1,f2,first_soc,front
104.697,20.2697,100,0
time
45.88
soc
66
f1,f2,first_soc,front
104.697,20.2697,100,0
time
45.88
soc
66
f1,f2,first_soc,front
104.697,20.2697,100,0
time
45.88
soc
66
f1,f2,first_soc,front
104.697,20.2697,100,0
time
45.88
soc
66
f1,f2,first_soc,front
104.697,20.2697,100,0
time
45.88
soc
66
f1,f2,first_soc,front
104.697,20.2697,100,0
time
45.88
soc
66
f1,f2,first_soc,front
104.697,20.2697,100,0
time
45.88
soc
66
f1,f2,first_soc,front
104.697,20.2697,100,0
time
45.88
soc
66
f1,f2,first_soc,front
104.697,20.2697,100,0
time
45.88
soc
66
f1,f2,first_soc,front
104.697,20.2697,100,0
time
45.88
soc
66
f1,f2,first_soc,front
104.697,20.2697,100,0
time
45.88
soc
66
f1,f2,first_soc,front
104.697,20.2697,100,0
time
45.88
soc
66
f1,f2,first_soc,front
113.815,11.5624,100,0
time
36.36,77.7991
soc
75,62
f1,f2,first_soc,front
104.52,20.4708,100,0
time
44.52
soc
68
f1,f2,first_soc,front
104.52,20.4708,100,0
time
44.52
soc
68
f1,f2,first_soc,front
104.52,20.4708,100,0
time
44.52
soc
68
f1,f2,first_soc,front
104.697,20.2697,100,0
time
45.88
soc
66
f1,f2,first_soc,front
104.697,20.2697,100,0
time
45.88
soc
66
f1,f2,first_soc,front
104.697,20.2697,100,0
time
45.88
soc
66
f1,f2,first_soc,front
104.697,20.2697,100,0
time
45.88
soc
66
f1,f2,first_soc,front
104.697,20.2697,100,0
time
45.88
soc
66
f1,f2,first_soc,front
104.697,20.2697,100,0
time
45.88
soc
66
f1,f2,first_soc,front
104.697,20.2697,100,0
time
45.88
soc
66
f1,f2,first_soc,front
104.697,20.2697,100,0
time
45.88
soc
66
f1,f2,first_soc,front
104.697,20.2697,100,0
time
45.88
soc
66
f1,f2,first_soc,front
104.697,20.2697,100,0
time
45.88
soc
66
f1,f2,first_soc,front
104.697,20.2697,100,0
time
45.88
soc
66
f1,f2,first_soc,front
104.697,20.2697,100,0
time
45.88
soc
66
f1,f2,first_soc,front
104.697,20.2697,100,0
time
45.88
soc
66
f1,f2,first_soc,front
104.697,20.2697,100,0
time
45.88
soc
66
f1,f2,first_soc,front
104.697,20.2697,100,0
time
45.88
soc
66
f1,f2,first_soc,front
104.697,20.2697,100,0
time
45.88
soc
66
f1,f2,first_soc,front
104.697,20.2697,100,0
time
45.88
soc
66
f1,f2,first_soc,front
104.697,20.2697,100,0
time
45.88
soc
66
f1,f2,first_soc,front
104.697,20.2697,100,0
time
45.88
soc
66
f1,f2,first_soc,front
104.697,20.2697,100,0
time
45.88
soc
66
f1,f2,first_soc,front
104.697,20.2697,100,0
time
45.88
soc
66
f1,f2,first_soc,front
104.697,20.2697,100,0
time
45.88
soc
66
f1,f2,first_soc,front
104.697,20.2697,100,0
time
45.88
soc
66
f1,f2,first_soc,front
104.697,20.2697,100,0
time
45.88
soc
66
f1,f2,first_soc,front
104.697,20.2697,100,0
time
45.88
soc
66
f1,f2,first_soc,front
104.697,20.2697,100,0
time
45.88
soc
66
f1,f2,first_soc,front
104.697,20.2697,100,0
time
45.88
soc
66
f1,f2,first_soc,front
104.697,20.2697,100,0
time
45.88
soc
66
f1,f2,first_soc,front
104.697,20.2697,100,0
time
45.88
soc
66
f1,f2,first_soc,front
104.697,20.2697,100,0
time
45.88
soc
66
f1,f2,first_soc,front
104.697,20.2697,100,0
time
45.88
soc
66
f1,f2,first_soc,front
104.697,20.2697,100,0
time
45.88
soc
66
f1,f2,first_soc,front
104.52,20.4708,100,0
time
44.52
soc
68
f1,f2,first_soc,front
104.015,21.0483,100,0
time
44.52
soc
67
f1,f2,first_soc,front
104.015,21.0483,100,0
time
44.52
soc
67
f1,f2,first_soc,front
104.015,21.0483,100,0
time
44.52
soc
67
f1,f2,first_soc,front
104.015,21.0483,100,0
time
44.52
soc
67
f1,f2,first_soc,front
104.015,21.0483,100,0
time
44.52
soc
67
f1,f2,first_soc,front
113.949,11.5601,100,0
time
44.52,61.7791,91.8475
soc
48,70,52
f1,f2,first_soc,front
113.949,11.5601,100,0
time
44.52,61.274,91.8475
soc
47,70,52
f1,f2,first_soc,front
104.015,21.0483,100,0
time
44.52
soc
67
f1,f2,first_soc,front
104.015,21.0483,100,0
time
44.52
soc
67
f1,f2,first_soc,front
104.015,21.0483,100,0
time
44.52
soc
67
f1,f2,first_soc,front
104.015,21.0483,100,0
time
44.52
soc
67
f1,f2,first_soc,front
104.015,21.0483,100,0
time
44.52
soc
67
f1,f2,first_soc,front
104.015,21.0483,100,0
time
44.52
soc
67
f1,f2,first_soc,front
104.015,21.0483,100,0
time
44.52
soc
67
f1,f2,first_soc,front
104.015,21.0483,100,0
time
44.52
soc
67
f1,f2,first_soc,front
104.015,21.0483,100,0
time
44.52
soc
67
f1,f2,first_soc,front
104.015,21.0483,100,0
time
44.52
soc
67
f1,f2,first_soc,front
104.015,21.0483,100,0
time
44.52
soc
67
f1,f2,first_soc,front
104.015,21.0483,100,0
time
44.52
soc
67
f1,f2,first_soc,front
104.015,21.0483,100,0
time
44.52
soc
67
f1,f2,first_soc,front
104.015,21.0483,100,0
time
44.52
soc
67
f1,f2,first_soc,front
104.015,21.0483,100,0
time
44.52
soc
67
f1,f2,first_soc,front
104.015,21.0483,100,0
time
44.52
soc
67
f1,f2,first_soc,front
104.015,21.0483,100,0
time
44.52
soc
67
f1,f2,first_soc,front
104.015,21.0483,100,0
time
44.52
soc
67
f1,f2,first_soc,front
104.015,21.0483,100,0
time
44.52
soc
67
f1,f2,first_soc,front
104.015,21.0483,100,0
time
44.52
soc
67
f1,f2,first_soc,front
104.015,21.0483,100,0
time
44.52
soc
67
f1,f2,first_soc,front
104.015,21.0483,100,0
time
44.52
soc
67
f1,f2,first_soc,front
104.015,21.0483,100,0
time
44.52
soc
67
f1,f2,first_soc,front
104.015,21.0483,100,0
time
44.52
soc
67
f1,f2,first_soc,front
104.015,21.0483,100,0
time
44.52
soc
67
f1,f2,first_soc,front
113.949,11.5601,100,0
time
44.52,61.274,91.8475
soc
47,70,52
f1,f2,first_soc,front
113.949,11.5601,100,0
time
44.52,61.274,91.8475
soc
47,70,52
f1,f2,first_soc,front
104.52,20.4708,100,0
time
44.52
soc
68
f1,f2,first_soc,front
104.52,20.4708,100,0
time
44.52
soc
68
f1,f2,first_soc,front
104.52,20.4708,100,0
time
44.52
soc
68
f1,f2,first_soc,front
104.52,20.4708,100,0
time
44.52
soc
68
f1,f2,first_soc,front
104.52,20.4708,100,0
time
44.52
soc
68
f1,f2,first_soc,front
113.949,11.5601,100,0
time
44.52,61.7791,91.8475
soc
48,70,52
f1,f2,first_soc,front
104.52,20.4708,100,0
time
44.52
soc
68
第29世代
f1,f2,first_soc,front
113.949,11.5601,100,0
time
44.52,61.274,91.8475
soc
47,70,52
f1,f2,first_soc,front
104.015,21.0483,100,0
time
44.52
soc
67
f1,f2,first_soc,front
104.015,21.0483,100,0
time
44.52
soc
67
f1,f2,first_soc,front
111.768,12.1847,100,0
time
45.88
soc
80
f1,f2,first_soc,front
111.263,12.7622,100,0
time
45.88
soc
79
f1,f2,first_soc,front
107.222,17.3822,100,0
time
45.88
soc
71
f1,f2,first_soc,front
113.815,11.5624,100,0
time
36.36,77.7991
soc
75,62
f1,f2,first_soc,front
112.896,11.563,100,0
time
45.88,95.8371
soc
70,39
f1,f2,first_soc,front
111.768,12.1847,100,0
time
45.88
soc
80
f1,f2,first_soc,front
112.391,11.9595,100,0
time
45.88,95.8371
soc
70,38
f1,f2,first_soc,front
110.757,13.3397,100,0
time
45.88
soc
78
f1,f2,first_soc,front
108.055,16.4284,100,0
time
44.52
soc
75
f1,f2,first_soc,front
105.202,19.6922,100,0
time
45.88
soc
67
f1,f2,first_soc,front
109.066,15.2734,100,0
time
44.52
soc
77
f1,f2,first_soc,front
110.581,13.5409,100,0
time
44.52
soc
80
f1,f2,first_soc,front
110.076,14.1184,100,0
time
44.52
soc
79
f1,f2,first_soc,front
109.571,14.6959,100,0
time
44.52
soc
78
f1,f2,first_soc,front
108.561,15.8509,100,0
time
44.52
soc
76
f1,f2,first_soc,front
106.54,18.1609,100,0
time
44.52
soc
72
f1,f2,first_soc,front
106.035,18.7383,100,0
time
44.52
soc
71
f1,f2,first_soc,front
107.55,17.0059,100,0
time
44.52
soc
74
f1,f2,first_soc,front
104.52,20.4708,100,0
time
44.52
soc
68
f1,f2,first_soc,front
104.52,20.4708,100,0
time
44.52
soc
68
f1,f2,first_soc,front
104.015,21.0483,100,0
time
44.52
soc
67
f1,f2,first_soc,front
106.717,17.9597,100,0
time
45.88
soc
70
f1,f2,first_soc,front
111.263,12.7622,100,0
time
45.88
soc
79
f1,f2,first_soc,front
105.025,19.8933,100,0
time
44.52
soc
69
f1,f2,first_soc,front
105.53,19.3158,100,0
time
44.52
soc
70
f1,f2,first_soc,front
106.212,18.5372,100,0
time
45.88
soc
69
f1,f2,first_soc,front
108.232,16.2272,100,0
time
45.88
soc
73
f1,f2,first_soc,front
110.252,13.9172,100,0
time
45.88
soc
77
f1,f2,first_soc,front
108.737,15.6497,100,0
time
45.88
soc
74
f1,f2,first_soc,front
109.242,15.0722,100,0
time
45.88
soc
75
f1,f2,first_soc,front
105.53,19.3158,100,0
time
44.52
soc
70
f1,f2,first_soc,front
104.015,21.0483,100,0
time
44.52
soc
67
f1,f2,first_soc,front
106.717,17.9597,100,0
time
45.88
soc
70
f1,f2,first_soc,front
111.263,12.7622,100,0
time
45.88
soc
79
f1,f2,first_soc,front
110.757,13.3397,100,0
time
45.88
soc
78
f1,f2,first_soc,front
107.222,17.3822,100,0
time
45.88
soc
71
f1,f2,first_soc,front
112.618,11.7025,100,0
time
37.72,77.1209
soc
74,62
f1,f2,first_soc,front
104.697,20.2697,100,0
time
45.88
soc
66
f1,f2,first_soc,front
107.727,16.8047,100,0
time
45.88
soc
72
f1,f2,first_soc,front
108.737,15.6497,100,0
time
45.88
soc
74
f1,f2,first_soc,front
110.252,13.9172,100,0
time
45.88
soc
77
f1,f2,first_soc,front
109.747,14.4947,100,0
time
45.88
soc
76
f1,f2,first_soc,front
109.242,15.0722,100,0
time
45.88
soc
75
f1,f2,first_soc,front
107.222,17.3822,100,0
time
45.88
soc
71
f1,f2,first_soc,front
106.212,18.5372,100,0
time
45.88
soc
69
f1,f2,first_soc,front
105.707,19.1147,100,0
time
45.88
soc
68
f1,f2,first_soc,front
108.232,16.2272,100,0
time
45.88
soc
73
f1,f2,first_soc,front
106.035,18.7383,100,0
time
44.52
soc
71
f1,f2,first_soc,front
107.55,17.0059,100,0
time
44.52
soc
74
f1,f2,first_soc,front
110.581,13.5409,100,0
time
44.52
soc
80
f1,f2,first_soc,front
108.055,16.4284,100,0
time
44.52
soc
75
f1,f2,first_soc,front
110.076,14.1184,100,0
time
44.52
soc
79
f1,f2,first_soc,front
108.561,15.8509,100,0
time
44.52
soc
76
f1,f2,first_soc,front
106.54,18.1609,100,0
time
44.52
soc
72
f1,f2,first_soc,front
105.707,19.1147,100,0
time
45.88
soc
68
f1,f2,first_soc,front
109.066,15.2734,100,0
time
44.52
soc
77
f1,f2,first_soc,front
109.571,14.6959,100,0
time
44.52
soc
78
f1,f2,first_soc,front
105.202,19.6922,100,0
time
45.88
soc
67
f1,f2,first_soc,front
104.697,20.2697,100,0
time
45.88
soc
66
f1,f2,first_soc,front
105.707,19.1147,100,0
time
45.88
soc
68
f1,f2,first_soc,front
107.727,16.8047,100,0
time
45.88
soc
72
f1,f2,first_soc,front
109.747,14.4947,100,0
time
45.88
soc
76
f1,f2,first_soc,front
105.025,19.8933,100,0
time
44.52
soc
69
f1,f2,first_soc,front
112.896,11.563,100,0
time
45.88,95.8371
soc
70,39
f1,f2,first_soc,front
112.391,11.9595,100,0
time
45.88,95.8371
soc
70,38
f1,f2,first_soc,front
110.757,13.3397,100,0
time
45.88
soc
78
f1,f2,first_soc,front
109.747,14.4947,100,0
time
45.88
soc
76
f1,f2,first_soc,front
106.717,17.9597,100,0
time
45.88
soc
70
f1,f2,first_soc,front
104.697,20.2697,100,0
time
45.88
soc
66
f1,f2,first_soc,front
107.727,16.8047,100,0
time
45.88
soc
72
f1,f2,first_soc,front
105.025,19.8933,100,0
time
44.52
soc
69
f1,f2,first_soc,front
112.553,11.7747,100,0
time
45.88,73.067
soc
68,76
f1,f2,first_soc,front
108.232,16.2272,100,0
time
45.88
soc
73
f1,f2,first_soc,front
109.242,15.0722,100,0
time
45.88
soc
75
f1,f2,first_soc,front
104.52,20.4708,100,0
time
44.52
soc
68
f1,f2,first_soc,front
106.212,18.5372,100,0
time
45.88
soc
69
f1,f2,first_soc,front
109.747,14.4947,100,0
time
45.88
soc
76
f1,f2,first_soc,front
107.727,16.8047,100,0
time
45.88
soc
72
f1,f2,first_soc,front
108.737,15.6497,100,0
time
45.88
soc
74
f1,f2,first_soc,front
110.252,13.9172,100,0
time
45.88
soc
77
f1,f2,first_soc,front
104.697,20.2697,100,0
time
45.88
soc
66
f1,f2,first_soc,front
106.717,17.9597,100,0
time
45.88
soc
70
f1,f2,first_soc,front
112.391,11.9595,100,0
time
45.88,95.8371
soc
70,38
f1,f2,first_soc,front
112.553,11.7747,100,0
time
45.88,73.067
soc
68,76
f1,f2,first_soc,front
112.896,11.563,100,0
time
45.88,95.8371
soc
70,39
f1,f2,first_soc,front
112.553,11.7747,100,0
time
45.88,73.067
soc
68,76
f1,f2,first_soc,front
112.618,11.7025,100,0
time
37.72,77.1209
soc
74,62
f1,f2,first_soc,front
113.815,11.5624,100,0
time
36.36,77.7991
soc
75,62
f1,f2,first_soc,front
113.949,11.5601,100,0
time
44.52,61.7791,91.8475
soc
48,70,52
f1,f2,first_soc,front
113.949,11.5601,100,0
time
44.52,61.274,91.8475
soc
47,70,52
f1,f2,first_soc,front
104.697,20.2697,100,0
time
45.88
soc
66
f1,f2,first_soc,front
104.697,20.2697,100,0
time
45.88
soc
66
f1,f2,first_soc,front
104.697,20.2697,100,0
time
45.88
soc
66
f1,f2,first_soc,front
104.697,20.2697,100,0
time
45.88
soc
66
f1,f2,first_soc,front
104.697,20.2697,100,0
time
45.88
soc
66
f1,f2,first_soc,front
104.697,20.2697,100,0
time
45.88
soc
66
f1,f2,first_soc,front
113.949,11.5601,100,0
time
44.52,60.769,91.8475
soc
46,70,52
f1,f2,first_soc,front
104.697,20.2697,100,0
time
45.88
soc
66
f1,f2,first_soc,front
104.697,20.2697,100,0
time
45.88
soc
66
f1,f2,first_soc,front
104.697,20.2697,100,0
time
45.88
soc
66
f1,f2,first_soc,front
104.697,20.2697,100,0
time
45.88
soc
66
f1,f2,first_soc,front
104.697,20.2697,100,0
time
45.88
soc
66
f1,f2,first_soc,front
104.697,20.2697,100,0
time
45.88
soc
66
f1,f2,first_soc,front
104.697,20.2697,100,0
time
45.88
soc
66
f1,f2,first_soc,front
104.697,20.2697,100,0
time
45.88
soc
66
f1,f2,first_soc,front
104.697,20.2697,100,0
time
45.88
soc
66
f1,f2,first_soc,front
104.697,20.2697,100,0
time
45.88
soc
66
f1,f2,first_soc,front
104.697,20.2697,100,0
time
45.88
soc
66
f1,f2,first_soc,front
104.697,20.2697,100,0
time
45.88
soc
66
f1,f2,first_soc,front
104.697,20.2697,100,0
time
45.88
soc
66
f1,f2,first_soc,front
104.697,20.2697,100,0
time
45.88
soc
66
f1,f2,first_soc,front
104.697,20.2697,100,0
time
45.88
soc
66
f1,f2,first_soc,front
104.697,20.2697,100,0
time
45.88
soc
66
f1,f2,first_soc,front
104.697,20.2697,100,0
time
45.88
soc
66
f1,f2,first_soc,front
104.697,20.2697,100,0
time
45.88
soc
66
f1,f2,first_soc,front
104.697,20.2697,100,0
time
45.88
soc
66
f1,f2,first_soc,front
104.697,20.2697,100,0
time
45.88
soc
66
f1,f2,first_soc,front
104.697,20.2697,100,0
time
45.88
soc
66
f1,f2,first_soc,front
104.697,20.2697,100,0
time
45.88
soc
66
f1,f2,first_soc,front
104.697,20.2697,100,0
time
45.88
soc
66
f1,f2,first_soc,front
104.697,20.2697,100,0
time
45.88
soc
66
f1,f2,first_soc,front
104.697,20.2697,100,0
time
45.88
soc
66
f1,f2,first_soc,front
104.697,20.2697,100,0
time
45.88
soc
66
f1,f2,first_soc,front
104.697,20.2697,100,0
time
45.88
soc
66
f1,f2,first_soc,front
104.697,20.2697,100,0
time
45.88
soc
66
f1,f2,first_soc,front
104.697,20.2697,100,0
time
45.88
soc
66
f1,f2,first_soc,front
104.697,20.2697,100,0
time
45.88
soc
66
f1,f2,first_soc,front
104.697,20.2697,100,0
time
45.88
soc
66
f1,f2,first_soc,front
104.697,20.2697,100,0
time
45.88
soc
66
f1,f2,first_soc,front
104.697,20.2697,100,0
time
45.88
soc
66
f1,f2,first_soc,front
104.697,20.2697,100,0
time
45.88
soc
66
f1,f2,first_soc,front
104.697,20.2697,100,0
time
45.88
soc
66
f1,f2,first_soc,front
104.697,20.2697,100,0
time
45.88
soc
66
f1,f2,first_soc,front
104.697,20.2697,100,0
time
45.88
soc
66
f1,f2,first_soc,front
104.697,20.2697,100,0
time
45.88
soc
66
f1,f2,first_soc,front
104.697,20.2697,100,0
time
45.88
soc
66
f1,f2,first_soc,front
104.697,20.2697,100,0
time
45.88
soc
66
f1,f2,first_soc,front
104.697,20.2697,100,0
time
45.88
soc
66
f1,f2,first_soc,front
104.697,20.2697,100,0
time
45.88
soc
66
f1,f2,first_soc,front
104.697,20.2697,100,0
time
45.88
soc
66
f1,f2,first_soc,front
104.697,20.2697,100,0
time
45.88
soc
66
f1,f2,first_soc,front
104.697,20.2697,100,0
time
45.88
soc
66
f1,f2,first_soc,front
104.697,20.2697,100,0
time
45.88
soc
66
f1,f2,first_soc,front
104.697,20.2697,100,0
time
45.88
soc
66
f1,f2,first_soc,front
104.697,20.2697,100,0
time
45.88
soc
66
f1,f2,first_soc,front
104.697,20.2697,100,0
time
45.88
soc
66
f1,f2,first_soc,front
104.697,20.2697,100,0
time
45.88
soc
66
f1,f2,first_soc,front
104.697,20.2697,100,0
time
45.88
soc
66
f1,f2,first_soc,front
104.697,20.2697,100,0
time
45.88
soc
66
f1,f2,first_soc,front
104.697,20.2697,100,0
time
45.88
soc
66
f1,f2,first_soc,front
104.697,20.2697,100,0
time
45.88
soc
66
f1,f2,first_soc,front
104.697,20.2697,100,0
time
45.88
soc
66
f1,f2,first_soc,front
104.697,20.2697,100,0
time
45.88
soc
66
f1,f2,first_soc,front
104.697,20.2697,100,0
time
45.88
soc
66
f1,f2,first_soc,front
104.015,21.0483,100,0
time
44.52
soc
67
f1,f2,first_soc,front
104.015,21.0483,100,0
time
44.52
soc
67
f1,f2,first_soc,front
104.015,21.0483,100,0
time
44.52
soc
67
f1,f2,first_soc,front
104.015,21.0483,100,0
time
44.52
soc
67
f1,f2,first_soc,front
104.015,21.0483,100,0
time
44.52
soc
67
f1,f2,first_soc,front
104.015,21.0483,100,0
time
44.52
soc
67
f1,f2,first_soc,front
104.015,21.0483,100,0
time
44.52
soc
67
f1,f2,first_soc,front
104.015,21.0483,100,0
time
44.52
soc
67
f1,f2,first_soc,front
104.015,21.0483,100,0
time
44.52
soc
67
f1,f2,first_soc,front
104.015,21.0483,100,0
time
44.52
soc
67
f1,f2,first_soc,front
104.015,21.0483,100,0
time
44.52
soc
67
f1,f2,first_soc,front
113.949,11.5601,100,0
time
44.52,61.274,91.8475
soc
47,70,52
f1,f2,first_soc,front
113.949,11.5601,100,0
time
44.52,61.274,91.8475
soc
47,70,52
f1,f2,first_soc,front
104.015,21.0483,100,0
time
44.52
soc
67
f1,f2,first_soc,front
104.015,21.0483,100,0
time
44.52
soc
67
f1,f2,first_soc,front
104.015,21.0483,100,0
time
44.52
soc
67
f1,f2,first_soc,front
104.015,21.0483,100,0
time
44.52
soc
67
f1,f2,first_soc,front
104.015,21.0483,100,0
time
44.52
soc
67
f1,f2,first_soc,front
104.015,21.0483,100,0
time
44.52
soc
67
f1,f2,first_soc,front
104.015,21.0483,100,0
time
44.52
soc
67
f1,f2,first_soc,front
104.015,21.0483,100,0
time
44.52
soc
67
f1,f2,first_soc,front
104.015,21.0483,100,0
time
44.52
soc
67
f1,f2,first_soc,front
104.015,21.0483,100,0
time
44.52
soc
67
f1,f2,first_soc,front
104.015,21.0483,100,0
time
44.52
soc
67
f1,f2,first_soc,front
104.015,21.0483,100,0
time
44.52
soc
67
f1,f2,first_soc,front
104.015,21.0483,100,0
time
44.52
soc
67
f1,f2,first_soc,front
104.015,21.0483,100,0
time
44.52
soc
67
f1,f2,first_soc,front
104.015,21.0483,100,0
time
44.52
soc
67
f1,f2,first_soc,front
104.015,21.0483,100,0
time
44.52
soc
67
f1,f2,first_soc,front
104.015,21.0483,100,0
time
44.52
soc
67
f1,f2,first_soc,front
104.015,21.0483,100,0
time
44.52
soc
67
f1,f2,first_soc,front
113.949,11.5601,100,0
time
44.52,61.274,91.8475
soc
47,70,52
f1,f2,first_soc,front
104.52,20.4708,100,0
time
44.52
soc
68
f1,f2,first_soc,front
113.949,11.5601,100,0
time
44.52,61.274,91.8475
soc
47,70,52
f1,f2,first_soc,front
113.949,11.5601,100,0
time
44.52,61.274,91.8475
soc
47,70,52
f1,f2,first_soc,front
104.52,20.4708,100,0
time
44.52
soc
68
f1,f2,first_soc,front
104.52,20.4708,100,0
time
44.52
soc
68
f1,f2,first_soc,front
104.52,20.4708,100,0
time
44.52
soc
68
f1,f2,first_soc,front
104.52,20.4708,100,0
time
44.52
soc
68
f1,f2,first_soc,front
104.52,20.4708,100,0
time
44.52
soc
68
f1,f2,first_soc,front
104.52,20.4708,100,0
time
44.52
soc
68
f1,f2,first_soc,front
104.52,20.4708,100,0
time
44.52
soc
68
f1,f2,first_soc,front
104.52,20.4708,100,0
time
44.52
soc
68
第30世代
f1,f2,first_soc,front
113.949,11.5601,100,0
time
44.52,61.274,91.8475
soc
47,70,52
f1,f2,first_soc,front
104.015,21.0483,100,0
time
44.52
soc
67
f1,f2,first_soc,front
104.015,21.0483,100,0
time
44.52
soc
67
f1,f2,first_soc,front
111.768,12.1847,100,0
time
45.88
soc
80
f1,f2,first_soc,front
110.757,13.3397,100,0
time
45.88
soc
78
f1,f2,first_soc,front
107.222,17.3822,100,0
time
45.88
soc
71
f1,f2,first_soc,front
113.815,11.5624,100,0
time
36.36,77.7991
soc
75,62
f1,f2,first_soc,front
112.896,11.563,100,0
time
45.88,95.8371
soc
70,39
f1,f2,first_soc,front
111.768,12.1847,100,0
time
45.88
soc
80
f1,f2,first_soc,front
105.53,19.3158,100,0
time
44.52
soc
70
f1,f2,first_soc,front
109.242,15.0722,100,0
time
45.88
soc
75
f1,f2,first_soc,front
109.747,14.4947,100,0
time
45.88
soc
76
f1,f2,first_soc,front
110.252,13.9172,100,0
time
45.88
soc
77
f1,f2,first_soc,front
110.581,13.5409,100,0
time
44.52
soc
80
f1,f2,first_soc,front
108.561,15.8509,100,0
time
44.52
soc
76
f1,f2,first_soc,front
108.232,16.2272,100,0
time
45.88
soc
73
f1,f2,first_soc,front
106.035,18.7383,100,0
time
44.52
soc
71
f1,f2,first_soc,front
106.54,18.1609,100,0
time
44.52
soc
72
f1,f2,first_soc,front
106.717,17.9597,100,0
time
45.88
soc
70
f1,f2,first_soc,front
104.52,20.4708,100,0
time
44.52
soc
68
f1,f2,first_soc,front
112.391,11.9595,100,0
time
45.88,95.8371
soc
70,38
f1,f2,first_soc,front
104.015,21.0483,100,0
time
44.52
soc
67
f1,f2,first_soc,front
104.52,20.4708,100,0
time
44.52
soc
68
f1,f2,first_soc,front
106.717,17.9597,100,0
time
45.88
soc
70
f1,f2,first_soc,front
111.263,12.7622,100,0
time
45.88
soc
79
f1,f2,first_soc,front
111.263,12.7622,100,0
time
45.88
soc
79
f1,f2,first_soc,front
109.066,15.2734,100,0
time
44.52
soc
77
f1,f2,first_soc,front
108.737,15.6497,100,0
time
45.88
soc
74
f1,f2,first_soc,front
105.025,19.8933,100,0
time
44.52
soc
69
f1,f2,first_soc,front
109.571,14.6959,100,0
time
44.52
soc
78
f1,f2,first_soc,front
107.55,17.0059,100,0
time
44.52
soc
74
f1,f2,first_soc,front
105.707,19.1147,100,0
time
45.88
soc
68
f1,f2,first_soc,front
108.737,15.6497,100,0
time
45.88
soc
74
f1,f2,first_soc,front
108.055,16.4284,100,0
time
44.52
soc
75
f1,f2,first_soc,front
109.571,14.6959,100,0
time
44.52
soc
78
f1,f2,first_soc,front
107.222,17.3822,100,0
time
45.88
soc
71
f1,f2,first_soc,front
104.015,21.0483,100,0
time
44.52
soc
67
f1,f2,first_soc,front
111.263,12.7622,100,0
time
45.88
soc
79
f1,f2,first_soc,front
111.263,12.7622,100,0
time
45.88
soc
79
f1,f2,first_soc,front
112.618,11.7025,100,0
time
37.72,77.1209
soc
74,62
f1,f2,first_soc,front
108.055,16.4284,100,0
time
44.52
soc
75
f1,f2,first_soc,front
107.727,16.8047,100,0
time
45.88
soc
72
f1,f2,first_soc,front
104.697,20.2697,100,0
time
45.88
soc
66
f1,f2,first_soc,front
105.202,19.6922,100,0
time
45.88
soc
67
f1,f2,first_soc,front
110.076,14.1184,100,0
time
44.52
soc
79
f1,f2,first_soc,front
106.212,18.5372,100,0
time
45.88
soc
69
f1,f2,first_soc,front
107.222,17.3822,100,0
time
45.88
soc
71
f1,f2,first_soc,front
105.707,19.1147,100,0
time
45.88
soc
68
f1,f2,first_soc,front
106.035,18.7383,100,0
time
44.52
soc
71
f1,f2,first_soc,front
106.54,18.1609,100,0
time
44.52
soc
72
f1,f2,first_soc,front
109.242,15.0722,100,0
time
45.88
soc
75
f1,f2,first_soc,front
110.252,13.9172,100,0
time
45.88
soc
77
f1,f2,first_soc,front
108.561,15.8509,100,0
time
44.52
soc
76
f1,f2,first_soc,front
105.53,19.3158,100,0
time
44.52
soc
70
f1,f2,first_soc,front
109.747,14.4947,100,0
time
45.88
soc
76
f1,f2,first_soc,front
110.581,13.5409,100,0
time
44.52
soc
80
f1,f2,first_soc,front
110.757,13.3397,100,0
time
45.88
soc
78
f1,f2,first_soc,front
108.232,16.2272,100,0
time
45.88
soc
73
f1,f2,first_soc,front
105.202,19.6922,100,0
time
45.88
soc
67
f1,f2,first_soc,front
112.391,11.9595,100,0
time
45.88,95.8371
soc
70,38
f1,f2,first_soc,front
112.553,11.7747,100,0
time
45.88,73.067
soc
68,76
f1,f2,first_soc,front
109.066,15.2734,100,0
time
44.52
soc
77
f1,f2,first_soc,front
104.697,20.2697,100,0
time
45.88
soc
66
f1,f2,first_soc,front
110.076,14.1184,100,0
time
44.52
soc
79
f1,f2,first_soc,front
107.727,16.8047,100,0
time
45.88
soc
72
f1,f2,first_soc,front
105.025,19.8933,100,0
time
44.52
soc
69
f1,f2,first_soc,front
105.202,19.6922,100,0
time
45.88
soc
67
f1,f2,first_soc,front
106.212,18.5372,100,0
time
45.88
soc
69
f1,f2,first_soc,front
107.55,17.0059,100,0
time
44.52
soc
74
f1,f2,first_soc,front
112.896,11.563,100,0
time
45.88,95.8371
soc
70,39
f1,f2,first_soc,front
112.391,11.9595,100,0
time
45.88,95.8371
soc
70,38
f1,f2,first_soc,front
106.212,18.5372,100,0
time
45.88
soc
69
f1,f2,first_soc,front
107.727,16.8047,100,0
time
45.88
soc
72
f1,f2,first_soc,front
107.55,17.0059,100,0
time
44.52
soc
74
f1,f2,first_soc,front
109.066,15.2734,100,0
time
44.52
soc
77
f1,f2,first_soc,front
110.076,14.1184,100,0
time
44.52
soc
79
f1,f2,first_soc,front
104.697,20.2697,100,0
time
45.88
soc
66
f1,f2,first_soc,front
105.025,19.8933,100,0
time
44.52
soc
69
f1,f2,first_soc,front
106.212,18.5372,100,0
time
45.88
soc
69
f1,f2,first_soc,front
105.707,19.1147,100,0
time
45.88
soc
68
f1,f2,first_soc,front
104.52,20.4708,100,0
time
44.52
soc
68
f1,f2,first_soc,front
110.076,14.1184,100,0
time
44.52
soc
79
f1,f2,first_soc,front
108.055,16.4284,100,0
time
44.52
soc
75
f1,f2,first_soc,front
106.717,17.9597,100,0
time
45.88
soc
70
f1,f2,first_soc,front
107.727,16.8047,100,0
time
45.88
soc
72
f1,f2,first_soc,front
104.697,20.2697,100,0
time
45.88
soc
66
f1,f2,first_soc,front
112.896,11.563,100,0
time
45.88,95.8371
soc
70,39
f1,f2,first_soc,front
112.553,11.7747,100,0
time
45.88,73.067
soc
68,76
f1,f2,first_soc,front
112.618,11.7025,100,0
time
37.72,77.626
soc
75,62
f1,f2,first_soc,front
113.815,11.5624,100,0
time
36.36,77.7991
soc
75,62
f1,f2,first_soc,front
113.949,11.5601,100,0
time
44.52,61.274,91.8475
soc
47,70,52
f1,f2,first_soc,front
113.949,11.5601,100,0
time
44.52,61.274,91.8475
soc
47,70,52
f1,f2,first_soc,front
104.697,20.2697,100,0
time
45.88
soc
66
f1,f2,first_soc,front
104.697,20.2697,100,0
time
45.88
soc
66
f1,f2,first_soc,front
113.949,11.5601,100,0
time
44.52,61.274,91.8475
soc
47,70,52
f1,f2,first_soc,front
104.697,20.2697,100,0
time
45.88
soc
66
f1,f2,first_soc,front
104.697,20.2697,100,0
time
45.88
soc
66
f1,f2,first_soc,front
104.697,20.2697,100,0
time
45.88
soc
66
f1,f2,first_soc,front
104.697,20.2697,100,0
time
45.88
soc
66
f1,f2,first_soc,front
104.697,20.2697,100,0
time
45.88
soc
66
f1,f2,first_soc,front
104.697,20.2697,100,0
time
45.88
soc
66
f1,f2,first_soc,front
104.697,20.2697,100,0
time
45.88
soc
66
f1,f2,first_soc,front
104.697,20.2697,100,0
time
45.88
soc
66
f1,f2,first_soc,front
104.697,20.2697,100,0
time
45.88
soc
66
f1,f2,first_soc,front
104.697,20.2697,100,0
time
45.88
soc
66
f1,f2,first_soc,front
104.697,20.2697,100,0
time
45.88
soc
66
f1,f2,first_soc,front
104.697,20.2697,100,0
time
45.88
soc
66
f1,f2,first_soc,front
104.697,20.2697,100,0
time
45.88
soc
66
f1,f2,first_soc,front
104.697,20.2697,100,0
time
45.88
soc
66
f1,f2,first_soc,front
104.697,20.2697,100,0
time
45.88
soc
66
f1,f2,first_soc,front
104.697,20.2697,100,0
time
45.88
soc
66
f1,f2,first_soc,front
104.697,20.2697,100,0
time
45.88
soc
66
f1,f2,first_soc,front
104.697,20.2697,100,0
time
45.88
soc
66
f1,f2,first_soc,front
104.697,20.2697,100,0
time
45.88
soc
66
f1,f2,first_soc,front
104.697,20.2697,100,0
time
45.88
soc
66
f1,f2,first_soc,front
104.697,20.2697,100,0
time
45.88
soc
66
f1,f2,first_soc,front
104.697,20.2697,100,0
time
45.88
soc
66
f1,f2,first_soc,front
104.697,20.2697,100,0
time
45.88
soc
66
f1,f2,first_soc,front
104.697,20.2697,100,0
time
45.88
soc
66
f1,f2,first_soc,front
104.697,20.2697,100,0
time
45.88
soc
66
f1,f2,first_soc,front
104.697,20.2697,100,0
time
45.88
soc
66
f1,f2,first_soc,front
104.697,20.2697,100,0
time
45.88
soc
66
f1,f2,first_soc,front
104.697,20.2697,100,0
time
45.88
soc
66
f1,f2,first_soc,front
104.697,20.2697,100,0
time
45.88
soc
66
f1,f2,first_soc,front
104.697,20.2697,100,0
time
45.88
soc
66
f1,f2,first_soc,front
104.697,20.2697,100,0
time
45.88
soc
66
f1,f2,first_soc,front
104.697,20.2697,100,0
time
45.88
soc
66
f1,f2,first_soc,front
104.697,20.2697,100,0
time
45.88
soc
66
f1,f2,first_soc,front
104.697,20.2697,100,0
time
45.88
soc
66
f1,f2,first_soc,front
104.697,20.2697,100,0
time
45.88
soc
66
f1,f2,first_soc,front
104.697,20.2697,100,0
time
45.88
soc
66
f1,f2,first_soc,front
104.697,20.2697,100,0
time
45.88
soc
66
f1,f2,first_soc,front
104.697,20.2697,100,0
time
45.88
soc
66
f1,f2,first_soc,front
104.697,20.2697,100,0
time
45.88
soc
66
f1,f2,first_soc,front
104.697,20.2697,100,0
time
45.88
soc
66
f1,f2,first_soc,front
104.697,20.2697,100,0
time
45.88
soc
66
f1,f2,first_soc,front
104.697,20.2697,100,0
time
45.88
soc
66
f1,f2,first_soc,front
104.697,20.2697,100,0
time
45.88
soc
66
f1,f2,first_soc,front
104.697,20.2697,100,0
time
45.88
soc
66
f1,f2,first_soc,front
104.697,20.2697,100,0
time
45.88
soc
66
f1,f2,first_soc,front
104.697,20.2697,100,0
time
45.88
soc
66
f1,f2,first_soc,front
104.697,20.2697,100,0
time
45.88
soc
66
f1,f2,first_soc,front
104.697,20.2697,100,0
time
45.88
soc
66
f1,f2,first_soc,front
104.697,20.2697,100,0
time
45.88
soc
66
f1,f2,first_soc,front
104.697,20.2697,100,0
time
45.88
soc
66
f1,f2,first_soc,front
104.697,20.2697,100,0
time
45.88
soc
66
f1,f2,first_soc,front
104.697,20.2697,100,0
time
45.88
soc
66
f1,f2,first_soc,front
104.697,20.2697,100,0
time
45.88
soc
66
f1,f2,first_soc,front
104.697,20.2697,100,0
time
45.88
soc
66
f1,f2,first_soc,front
104.697,20.2697,100,0
time
45.88
soc
66
f1,f2,first_soc,front
104.697,20.2697,100,0
time
45.88
soc
66
f1,f2,first_soc,front
104.697,20.2697,100,0
time
45.88
soc
66
f1,f2,first_soc,front
104.697,20.2697,100,0
time
45.88
soc
66
f1,f2,first_soc,front
104.697,20.2697,100,0
time
45.88
soc
66
f1,f2,first_soc,front
104.697,20.2697,100,0
time
45.88
soc
66
f1,f2,first_soc,front
104.697,20.2697,100,0
time
45.88
soc
66
f1,f2,first_soc,front
104.697,20.2697,100,0
time
45.88
soc
66
f1,f2,first_soc,front
104.697,20.2697,100,0
time
45.88
soc
66
f1,f2,first_soc,front
104.015,21.0483,100,0
time
44.52
soc
67
f1,f2,first_soc,front
104.015,21.0483,100,0
time
44.52
soc
67
f1,f2,first_soc,front
113.949,11.5601,100,0
time
44.52,61.7791,91.8475
soc
48,70,52
f1,f2,first_soc,front
113.949,11.5601,100,0
time
44.52,61.274,91.8475
soc
47,70,52
f1,f2,first_soc,front
104.015,21.0483,100,0
time
44.52
soc
67
f1,f2,first_soc,front
104.015,21.0483,100,0
time
44.52
soc
67
f1,f2,first_soc,front
104.015,21.0483,100,0
time
44.52
soc
67
f1,f2,first_soc,front
104.015,21.0483,100,0
time
44.52
soc
67
f1,f2,first_soc,front
104.015,21.0483,100,0
time
44.52
soc
67
f1,f2,first_soc,front
104.015,21.0483,100,0
time
44.52
soc
67
f1,f2,first_soc,front
104.015,21.0483,100,0
time
44.52
soc
67
f1,f2,first_soc,front
104.015,21.0483,100,0
time
44.52
soc
67
f1,f2,first_soc,front
104.015,21.0483,100,0
time
44.52
soc
67
f1,f2,first_soc,front
104.015,21.0483,100,0
time
44.52
soc
67
f1,f2,first_soc,front
104.015,21.0483,100,0
time
44.52
soc
67
f1,f2,first_soc,front
104.015,21.0483,100,0
time
44.52
soc
67
f1,f2,first_soc,front
104.015,21.0483,100,0
time
44.52
soc
67
f1,f2,first_soc,front
104.015,21.0483,100,0
time
44.52
soc
67
f1,f2,first_soc,front
104.015,21.0483,100,0
time
44.52
soc
67
f1,f2,first_soc,front
104.015,21.0483,100,0
time
44.52
soc
67
f1,f2,first_soc,front
104.015,21.0483,100,0
time
44.52
soc
67
f1,f2,first_soc,front
104.015,21.0483,100,0
time
44.52
soc
67
f1,f2,first_soc,front
104.015,21.0483,100,0
time
44.52
soc
67
f1,f2,first_soc,front
104.015,21.0483,100,0
time
44.52
soc
67
f1,f2,first_soc,front
104.015,21.0483,100,0
time
44.52
soc
67
f1,f2,first_soc,front
104.015,21.0483,100,0
time
44.52
soc
67
f1,f2,first_soc,front
104.015,21.0483,100,0
time
44.52
soc
67
f1,f2,first_soc,front
104.015,21.0483,100,0
time
44.52
soc
67
f1,f2,first_soc,front
104.015,21.0483,100,0
time
44.52
soc
67
f1,f2,first_soc,front
104.015,21.0483,100,0
time
44.52
soc
67
f1,f2,first_soc,front
104.015,21.0483,100,0
time
44.52
soc
67
f1,f2,first_soc,front
104.015,21.0483,100,0
time
44.52
soc
67
f1,f2,first_soc,front
113.949,11.5601,100,0
time
44.52,61.274,91.8475
soc
47,70,52
f1,f2,first_soc,front
113.949,11.5601,100,0
time
44.52,61.274,91.8475
soc
47,70,52
f1,f2,first_soc,front
104.52,20.4708,100,0
time
44.52
soc
68
f1,f2,first_soc,front
104.52,20.4708,100,0
time
44.52
soc
68
f1,f2,first_soc,front
104.52,20.4708,100,0
time
44.52
soc
68
f1,f2,first_soc,front
104.52,20.4708,100,0
time
44.52
soc
68
f1,f2,first_soc,front
104.52,20.4708,100,0
time
44.52
soc
68
f1,f2,first_soc,front
104.52,20.4708,100,0
time
44.52
soc
68
f1,f2,first_soc,front
113.949,11.5601,100,0
time
44.52,61.274,91.8475
soc
47,70,52
f1,f2,first_soc,front
113.949,11.5601,100,0
time
44.52,61.274,91.8475
soc
47,70,52
第31世代
f1,f2,first_soc,front
104.015,21.0483,100,0
time
44.52
soc
67
f1,f2,first_soc,front
104.015,21.0483,100,0
time
44.52
soc
67
f1,f2,first_soc,front
113.949,11.5601,100,0
time
44.52,61.274,91.8475
soc
47,70,52
f1,f2,first_soc,front
106.717,17.9597,100,0
time
45.88
soc
70
f1,f2,first_soc,front
111.768,12.1847,100,0
time
45.88
soc
80
f1,f2,first_soc,front
111.263,12.7622,100,0
time
45.88
soc
79
f1,f2,first_soc,front
110.757,13.3397,100,0
time
45.88
soc
78
f1,f2,first_soc,front
107.222,17.3822,100,0
time
45.88
soc
71
f1,f2,first_soc,front
112.896,11.563,100,0
time
45.88,95.8371
soc
70,39
f1,f2,first_soc,front
113.815,11.5624,100,0
time
36.36,77.7991
soc
75,62
f1,f2,first_soc,front
111.768,12.1847,100,0
time
45.88
soc
80
f1,f2,first_soc,front
112.391,11.9595,100,0
time
45.88,95.8371
soc
70,38
f1,f2,first_soc,front
104.52,20.4708,100,0
time
44.52
soc
68
f1,f2,first_soc,front
108.055,16.4284,100,0
time
44.52
soc
75
f1,f2,first_soc,front
105.53,19.3158,100,0
time
44.52
soc
70
f1,f2,first_soc,front
108.737,15.6497,100,0
time
45.88
soc
74
f1,f2,first_soc,front
107.727,16.8047,100,0
time
45.88
soc
72
f1,f2,first_soc,front
110.252,13.9172,100,0
time
45.88
soc
77
f1,f2,first_soc,front
109.242,15.0722,100,0
time
45.88
soc
75
f1,f2,first_soc,front
106.035,18.7383,100,0
time
44.52
soc
71
f1,f2,first_soc,front
108.561,15.8509,100,0
time
44.52
soc
76
f1,f2,first_soc,front
104.015,21.0483,100,0
time
44.52
soc
67
f1,f2,first_soc,front
111.263,12.7622,100,0
time
45.88
soc
79
f1,f2,first_soc,front
105.025,19.8933,100,0
time
44.52
soc
69
f1,f2,first_soc,front
109.066,15.2734,100,0
time
44.52
soc
77
f1,f2,first_soc,front
109.571,14.6959,100,0
time
44.52
soc
78
f1,f2,first_soc,front
106.212,18.5372,100,0
time
45.88
soc
69
f1,f2,first_soc,front
106.212,18.5372,100,0
time
45.88
soc
69
f1,f2,first_soc,front
109.747,14.4947,100,0
time
45.88
soc
76
f1,f2,first_soc,front
108.232,16.2272,100,0
time
45.88
soc
73
f1,f2,first_soc,front
109.066,15.2734,100,0
time
44.52
soc
77
f1,f2,first_soc,front
105.202,19.6922,100,0
time
45.88
soc
67
f1,f2,first_soc,front
111.263,12.7622,100,0
time
45.88
soc
79
f1,f2,first_soc,front
104.015,21.0483,100,0
time
44.52
soc
67
f1,f2,first_soc,front
107.222,17.3822,100,0
time
45.88
soc
71
f1,f2,first_soc,front
104.52,20.4708,100,0
time
44.52
soc
68
f1,f2,first_soc,front
112.896,11.563,100,0
time
45.88,95.8371
soc
70,39
f1,f2,first_soc,front
112.391,11.9595,100,0
time
45.88,95.8371
soc
70,38
f1,f2,first_soc,front
104.697,20.2697,100,0
time
45.88
soc
66
f1,f2,first_soc,front
105.202,19.6922,100,0
time
45.88
soc
67
f1,f2,first_soc,front
109.747,14.4947,100,0
time
45.88
soc
76
f1,f2,first_soc,front
110.076,14.1184,100,0
time
44.52
soc
79
f1,f2,first_soc,front
110.581,13.5409,100,0
time
44.52
soc
80
f1,f2,first_soc,front
108.232,16.2272,100,0
time
45.88
soc
73
f1,f2,first_soc,front
107.55,17.0059,100,0
time
44.52
soc
74
f1,f2,first_soc,front
107.222,17.3822,100,0
time
45.88
soc
71
f1,f2,first_soc,front
106.54,18.1609,100,0
time
44.52
soc
72
f1,f2,first_soc,front
105.707,19.1147,100,0
time
45.88
soc
68
f1,f2,first_soc,front
106.035,18.7383,100,0
time
44.52
soc
71
f1,f2,first_soc,front
108.737,15.6497,100,0
time
45.88
soc
74
f1,f2,first_soc,front
108.561,15.8509,100,0
time
44.52
soc
76
f1,f2,first_soc,front
108.055,16.4284,100,0
time
44.52
soc
75
f1,f2,first_soc,front
109.242,15.0722,100,0
time
45.88
soc
75
f1,f2,first_soc,front
106.717,17.9597,100,0
time
45.88
soc
70
f1,f2,first_soc,front
106.54,18.1609,100,0
time
44.52
soc
72
f1,f2,first_soc,front
110.076,14.1184,100,0
time
44.52
soc
79
f1,f2,first_soc,front
110.252,13.9172,100,0
time
45.88
soc
77
f1,f2,first_soc,front
105.707,19.1147,100,0
time
45.88
soc
68
f1,f2,first_soc,front
105.53,19.3158,100,0
time
44.52
soc
70
f1,f2,first_soc,front
110.581,13.5409,100,0
time
44.52
soc
80
f1,f2,first_soc,front
110.757,13.3397,100,0
time
45.88
soc
78
f1,f2,first_soc,front
112.553,11.7747,100,0
time
45.88,73.067
soc
68,76
f1,f2,first_soc,front
112.618,11.7025,100,0
time
37.72,77.626
soc
75,62
f1,f2,first_soc,front
110.581,13.5409,100,0
time
44.52
soc
80
f1,f2,first_soc,front
109.571,14.6959,100,0
time
44.52
soc
78
f1,f2,first_soc,front
106.54,18.1609,100,0
time
44.52
soc
72
f1,f2,first_soc,front
105.025,19.8933,100,0
time
44.52
soc
69
f1,f2,first_soc,front
104.697,20.2697,100,0
time
45.88
soc
66
f1,f2,first_soc,front
105.707,19.1147,100,0
time
45.88
soc
68
f1,f2,first_soc,front
110.076,14.1184,100,0
time
44.52
soc
79
f1,f2,first_soc,front
107.55,17.0059,100,0
time
44.52
soc
74
f1,f2,first_soc,front
109.571,14.6959,100,0
time
44.52
soc
78
f1,f2,first_soc,front
104.52,20.4708,100,0
time
44.52
soc
68
f1,f2,first_soc,front
104.697,20.2697,100,0
time
45.88
soc
66
f1,f2,first_soc,front
107.727,16.8047,100,0
time
45.88
soc
72
f1,f2,first_soc,front
107.55,17.0059,100,0
time
44.52
soc
74
f1,f2,first_soc,front
105.025,19.8933,100,0
time
44.52
soc
69
f1,f2,first_soc,front
107.55,17.0059,100,0
time
44.52
soc
74
f1,f2,first_soc,front
109.747,14.4947,100,0
time
45.88
soc
76
f1,f2,first_soc,front
107.727,16.8047,100,0
time
45.88
soc
72
f1,f2,first_soc,front
104.697,20.2697,100,0
time
45.88
soc
66
f1,f2,first_soc,front
108.232,16.2272,100,0
time
45.88
soc
73
f1,f2,first_soc,front
105.202,19.6922,100,0
time
45.88
soc
67
f1,f2,first_soc,front
112.618,11.7025,100,0
time
37.72,77.626
soc
75,62
f1,f2,first_soc,front
112.553,11.7747,100,0
time
45.88,73.067
soc
68,76
f1,f2,first_soc,front
113.815,11.5624,100,0
time
36.36,77.7991
soc
75,62
f1,f2,first_soc,front
113.949,11.5601,100,0
time
44.52,61.274,91.8475
soc
47,70,52
f1,f2,first_soc,front
112.618,11.7025,100,0
time
37.72,77.626
soc
75,62
f1,f2,first_soc,front
113.815,11.5624,100,0
time
36.36,77.7991
soc
75,62
f1,f2,first_soc,front
104.697,20.2697,100,0
time
45.88
soc
66
f1,f2,first_soc,front
104.697,20.2697,100,0
time
45.88
soc
66
f1,f2,first_soc,front
104.697,20.2697,100,0
time
45.88
soc
66
f1,f2,first_soc,front
104.697,20.2697,100,0
time
45.88
soc
66
f1,f2,first_soc,front
104.697,20.2697,100,0
time
45.88
soc
66
f1,f2,first_soc,front
104.697,20.2697,100,0
time
45.88
soc
66
f1,f2,first_soc,front
104.697,20.2697,100,0
time
45.88
soc
66
f1,f2,first_soc,front
104.697,20.2697,100,0
time
45.88
soc
66
f1,f2,first_soc,front
104.697,20.2697,100,0
time
45.88
soc
66
f1,f2,first_soc,front
104.697,20.2697,100,0
time
45.88
soc
66
f1,f2,first_soc,front
104.697,20.2697,100,0
time
45.88
soc
66
f1,f2,first_soc,front
104.697,20.2697,100,0
time
45.88
soc
66
f1,f2,first_soc,front
104.697,20.2697,100,0
time
45.88
soc
66
f1,f2,first_soc,front
104.697,20.2697,100,0
time
45.88
soc
66
f1,f2,first_soc,front
104.697,20.2697,100,0
time
45.88
soc
66
f1,f2,first_soc,front
104.697,20.2697,100,0
time
45.88
soc
66
f1,f2,first_soc,front
104.697,20.2697,100,0
time
45.88
soc
66
f1,f2,first_soc,front
104.697,20.2697,100,0
time
45.88
soc
66
f1,f2,first_soc,front
104.697,20.2697,100,0
time
45.88
soc
66
f1,f2,first_soc,front
104.697,20.2697,100,0
time
45.88
soc
66
f1,f2,first_soc,front
104.697,20.2697,100,0
time
45.88
soc
66
f1,f2,first_soc,front
104.697,20.2697,100,0
time
45.88
soc
66
f1,f2,first_soc,front
104.697,20.2697,100,0
time
45.88
soc
66
f1,f2,first_soc,front
104.697,20.2697,100,0
time
45.88
soc
66
f1,f2,first_soc,front
104.697,20.2697,100,0
time
45.88
soc
66
f1,f2,first_soc,front
104.697,20.2697,100,0
time
45.88
soc
66
f1,f2,first_soc,front
104.697,20.2697,100,0
time
45.88
soc
66
f1,f2,first_soc,front
113.949,11.5601,100,0
time
44.52,61.274,91.8475
soc
47,70,52
f1,f2,first_soc,front
104.697,20.2697,100,0
time
45.88
soc
66
f1,f2,first_soc,front
104.697,20.2697,100,0
time
45.88
soc
66
f1,f2,first_soc,front
104.697,20.2697,100,0
time
45.88
soc
66
f1,f2,first_soc,front
104.697,20.2697,100,0
time
45.88
soc
66
f1,f2,first_soc,front
104.697,20.2697,100,0
time
45.88
soc
66
f1,f2,first_soc,front
104.697,20.2697,100,0
time
45.88
soc
66
f1,f2,first_soc,front
104.697,20.2697,100,0
time
45.88
soc
66
f1,f2,first_soc,front
104.697,20.2697,100,0
time
45.88
soc
66
f1,f2,first_soc,front
104.697,20.2697,100,0
time
45.88
soc
66
f1,f2,first_soc,front
104.697,20.2697,100,0
time
45.88
soc
66
f1,f2,first_soc,front
104.697,20.2697,100,0
time
45.88
soc
66
f1,f2,first_soc,front
104.697,20.2697,100,0
time
45.88
soc
66
f1,f2,first_soc,front
104.697,20.2697,100,0
time
45.88
soc
66
f1,f2,first_soc,front
104.697,20.2697,100,0
time
45.88
soc
66
f1,f2,first_soc,front
104.697,20.2697,100,0
time
45.88
soc
66
f1,f2,first_soc,front
104.697,20.2697,100,0
time
45.88
soc
66
f1,f2,first_soc,front
104.697,20.2697,100,0
time
45.88
soc
66
f1,f2,first_soc,front
104.697,20.2697,100,0
time
45.88
soc
66
f1,f2,first_soc,front
104.697,20.2697,100,0
time
45.88
soc
66
f1,f2,first_soc,front
104.697,20.2697,100,0
time
45.88
soc
66
f1,f2,first_soc,front
104.697,20.2697,100,0
time
45.88
soc
66
f1,f2,first_soc,front
104.697,20.2697,100,0
time
45.88
soc
66
f1,f2,first_soc,front
104.697,20.2697,100,0
time
45.88
soc
66
f1,f2,first_soc,front
104.697,20.2697,100,0
time
45.88
soc
66
f1,f2,first_soc,front
104.697,20.2697,100,0
time
45.88
soc
66
f1,f2,first_soc,front
104.697,20.2697,100,0
time
45.88
soc
66
f1,f2,first_soc,front
104.697,20.2697,100,0
time
45.88
soc
66
f1,f2,first_soc,front
104.697,20.2697,100,0
time
45.88
soc
66
f1,f2,first_soc,front
104.697,20.2697,100,0
time
45.88
soc
66
f1,f2,first_soc,front
104.697,20.2697,100,0
time
45.88
soc
66
f1,f2,first_soc,front
104.697,20.2697,100,0
time
45.88
soc
66
f1,f2,first_soc,front
104.697,20.2697,100,0
time
45.88
soc
66
f1,f2,first_soc,front
104.697,20.2697,100,0
time
45.88
soc
66
f1,f2,first_soc,front
104.015,21.0483,100,0
time
44.52
soc
67
f1,f2,first_soc,front
113.949,11.5601,100,0
time
44.52,61.274,91.8475
soc
47,70,52
f1,f2,first_soc,front
113.949,11.5601,100,0
time
44.52,61.274,91.8475
soc
47,70,52
f1,f2,first_soc,front
104.015,21.0483,100,0
time
44.52
soc
67
f1,f2,first_soc,front
104.015,21.0483,100,0
time
44.52
soc
67
f1,f2,first_soc,front
104.015,21.0483,100,0
time
44.52
soc
67
f1,f2,first_soc,front
104.015,21.0483,100,0
time
44.52
soc
67
f1,f2,first_soc,front
104.015,21.0483,100,0
time
44.52
soc
67
f1,f2,first_soc,front
104.015,21.0483,100,0
time
44.52
soc
67
f1,f2,first_soc,front
104.015,21.0483,100,0
time
44.52
soc
67
f1,f2,first_soc,front
104.015,21.0483,100,0
time
44.52
soc
67
f1,f2,first_soc,front
104.015,21.0483,100,0
time
44.52
soc
67
f1,f2,first_soc,front
104.015,21.0483,100,0
time
44.52
soc
67
f1,f2,first_soc,front
104.015,21.0483,100,0
time
44.52
soc
67
f1,f2,first_soc,front
104.015,21.0483,100,0
time
44.52
soc
67
f1,f2,first_soc,front
104.015,21.0483,100,0
time
44.52
soc
67
f1,f2,first_soc,front
104.015,21.0483,100,0
time
44.52
soc
67
f1,f2,first_soc,front
104.015,21.0483,100,0
time
44.52
soc
67
f1,f2,first_soc,front
104.015,21.0483,100,0
time
44.52
soc
67
f1,f2,first_soc,front
104.015,21.0483,100,0
time
44.52
soc
67
f1,f2,first_soc,front
104.015,21.0483,100,0
time
44.52
soc
67
f1,f2,first_soc,front
104.015,21.0483,100,0
time
44.52
soc
67
f1,f2,first_soc,front
104.015,21.0483,100,0
time
44.52
soc
67
f1,f2,first_soc,front
104.015,21.0483,100,0
time
44.52
soc
67
f1,f2,first_soc,front
104.015,21.0483,100,0
time
44.52
soc
67
f1,f2,first_soc,front
104.015,21.0483,100,0
time
44.52
soc
67
f1,f2,first_soc,front
104.015,21.0483,100,0
time
44.52
soc
67
f1,f2,first_soc,front
104.015,21.0483,100,0
time
44.52
soc
67
f1,f2,first_soc,front
104.015,21.0483,100,0
time
44.52
soc
67
f1,f2,first_soc,front
104.015,21.0483,100,0
time
44.52
soc
67
f1,f2,first_soc,front
104.015,21.0483,100,0
time
44.52
soc
67
f1,f2,first_soc,front
104.015,21.0483,100,0
time
44.52
soc
67
f1,f2,first_soc,front
104.015,21.0483,100,0
time
44.52
soc
67
f1,f2,first_soc,front
104.015,21.0483,100,0
time
44.52
soc
67
f1,f2,first_soc,front
104.015,21.0483,100,0
time
44.52
soc
67
f1,f2,first_soc,front
104.015,21.0483,100,0
time
44.52
soc
67
f1,f2,first_soc,front
104.697,20.2697,100,0
time
45.88
soc
66
f1,f2,first_soc,front
104.697,20.2697,100,0
time
45.88
soc
66
f1,f2,first_soc,front
104.697,20.2697,100,0
time
45.88
soc
66
f1,f2,first_soc,front
104.697,20.2697,100,0
time
45.88
soc
66
f1,f2,first_soc,front
104.697,20.2697,100,0
time
45.88
soc
66
f1,f2,first_soc,front
104.697,20.2697,100,0
time
45.88
soc
66
f1,f2,first_soc,front
104.697,20.2697,100,0
time
45.88
soc
66
f1,f2,first_soc,front
104.697,20.2697,100,0
time
45.88
soc
66
f1,f2,first_soc,front
104.697,20.2697,100,0
time
45.88
soc
66
f1,f2,first_soc,front
104.697,20.2697,100,0
time
45.88
soc
66
f1,f2,first_soc,front
104.697,20.2697,100,0
time
45.88
soc
66
f1,f2,first_soc,front
104.697,20.2697,100,0
time
45.88
soc
66
f1,f2,first_soc,front
104.697,20.2697,100,0
time
45.88
soc
66
f1,f2,first_soc,front
104.697,20.2697,100,0
time
45.88
soc
66
第32世代
f1,f2,first_soc,front
104.015,21.0483,100,0
time
44.52
soc
67
f1,f2,first_soc,front
113.949,11.5601,100,0
time
44.52,61.274,91.8475
soc
47,70,52
f1,f2,first_soc,front
104.015,21.0483,100,0
time
44.52
soc
67
f1,f2,first_soc,front
111.768,12.1847,100,0
time
45.88
soc
80
f1,f2,first_soc,front
111.263,12.7622,100,0
time
45.88
soc
79
f1,f2,first_soc,front
113.815,11.5624,100,0
time
36.36,77.7991
soc
75,62
f1,f2,first_soc,front
112.896,11.563,100,0
time
45.88,95.8371
soc
70,39
f1,f2,first_soc,front
111.768,12.1847,100,0
time
45.88
soc
80
f1,f2,first_soc,front
106.717,17.9597,100,0
time
45.88
soc
70
f1,f2,first_soc,front
110.757,13.3397,100,0
time
45.88
soc
78
f1,f2,first_soc,front
109.066,15.2734,100,0
time
44.52
soc
77
f1,f2,first_soc,front
105.025,19.8933,100,0
time
44.52
soc
69
f1,f2,first_soc,front
105.202,19.6922,100,0
time
45.88
soc
67
f1,f2,first_soc,front
105.53,19.3158,100,0
time
44.52
soc
70
f1,f2,first_soc,front
108.055,16.4284,100,0
time
44.52
soc
75
f1,f2,first_soc,front
109.571,14.6959,100,0
time
44.52
soc
78
f1,f2,first_soc,front
110.252,13.9172,100,0
time
45.88
soc
77
f1,f2,first_soc,front
110.581,13.5409,100,0
time
44.52
soc
80
f1,f2,first_soc,front
106.035,18.7383,100,0
time
44.52
soc
71
f1,f2,first_soc,front
106.54,18.1609,100,0
time
44.52
soc
72
f1,f2,first_soc,front
108.561,15.8509,100,0
time
44.52
soc
76
f1,f2,first_soc,front
110.757,13.3397,100,0
time
45.88
soc
78
f1,f2,first_soc,front
106.717,17.9597,100,0
time
45.88
soc
70
f1,f2,first_soc,front
112.391,11.9595,100,0
time
45.88,95.8371
soc
70,38
f1,f2,first_soc,front
104.52,20.4708,100,0
time
44.52
soc
68
f1,f2,first_soc,front
104.015,21.0483,100,0
time
44.52
soc
67
f1,f2,first_soc,front
107.222,17.3822,100,0
time
45.88
soc
71
f1,f2,first_soc,front
111.263,12.7622,100,0
time
45.88
soc
79
f1,f2,first_soc,front
109.747,14.4947,100,0
time
45.88
soc
76
f1,f2,first_soc,front
107.55,17.0059,100,0
time
44.52
soc
74
f1,f2,first_soc,front
106.212,18.5372,100,0
time
45.88
soc
69
f1,f2,first_soc,front
105.707,19.1147,100,0
time
45.88
soc
68
f1,f2,first_soc,front
109.242,15.0722,100,0
time
45.88
soc
75
f1,f2,first_soc,front
109.747,14.4947,100,0
time
45.88
soc
76
f1,f2,first_soc,front
108.737,15.6497,100,0
time
45.88
soc
74
f1,f2,first_soc,front
107.222,17.3822,100,0
time
45.88
soc
71
f1,f2,first_soc,front
111.263,12.7622,100,0
time
45.88
soc
79
f1,f2,first_soc,front
104.52,20.4708,100,0
time
44.52
soc
68
f1,f2,first_soc,front
104.015,21.0483,100,0
time
44.52
soc
67
f1,f2,first_soc,front
112.618,11.7025,100,0
time
37.72,77.626
soc
75,62
f1,f2,first_soc,front
108.737,15.6497,100,0
time
45.88
soc
74
f1,f2,first_soc,front
104.697,20.2697,100,0
time
45.88
soc
66
f1,f2,first_soc,front
107.727,16.8047,100,0
time
45.88
soc
72
f1,f2,first_soc,front
110.076,14.1184,100,0
time
44.52
soc
79
f1,f2,first_soc,front
109.242,15.0722,100,0
time
45.88
soc
75
f1,f2,first_soc,front
105.707,19.1147,100,0
time
45.88
soc
68
f1,f2,first_soc,front
108.232,16.2272,100,0
time
45.88
soc
73
f1,f2,first_soc,front
107.222,17.3822,100,0
time
45.88
soc
71
f1,f2,first_soc,front
106.035,18.7383,100,0
time
44.52
soc
71
f1,f2,first_soc,front
109.571,14.6959,100,0
time
44.52
soc
78
f1,f2,first_soc,front
109.066,15.2734,100,0
time
44.52
soc
77
f1,f2,first_soc,front
104.52,20.4708,100,0
time
44.52
soc
68
f1,f2,first_soc,front
108.561,15.8509,100,0
time
44.52
soc
76
f1,f2,first_soc,front
108.055,16.4284,100,0
time
44.52
soc
75
f1,f2,first_soc,front
105.53,19.3158,100,0
time
44.52
soc
70
f1,f2,first_soc,front
110.252,13.9172,100,0
time
45.88
soc
77
f1,f2,first_soc,front
106.54,18.1609,100,0
time
44.52
soc
72
f1,f2,first_soc,front
110.581,13.5409,100,0
time
44.52
soc
80
f1,f2,first_soc,front
105.025,19.8933,100,0
time
44.52
soc
69
f1,f2,first_soc,front
105.202,19.6922,100,0
time
45.88
soc
67
f1,f2,first_soc,front
112.553,11.7747,100,0
time
45.88,73.067
soc
68,76
f1,f2,first_soc,front
112.391,11.9595,100,0
time
45.88,95.8371
soc
70,38
f1,f2,first_soc,front
108.232,16.2272,100,0
time
45.88
soc
73
f1,f2,first_soc,front
110.076,14.1184,100,0
time
44.52
soc
79
f1,f2,first_soc,front
107.727,16.8047,100,0
time
45.88
soc
72
f1,f2,first_soc,front
107.55,17.0059,100,0
time
44.52
soc
74
f1,f2,first_soc,front
104.697,20.2697,100,0
time
45.88
soc
66
f1,f2,first_soc,front
107.222,17.3822,100,0
time
45.88
soc
71
f1,f2,first_soc,front
106.212,18.5372,100,0
time
45.88
soc
69
f1,f2,first_soc,front
112.896,11.563,100,0
time
45.88,95.8371
soc
70,39
f1,f2,first_soc,front
112.391,11.9595,100,0
time
45.88,95.8371
soc
70,38
f1,f2,first_soc,front
106.212,18.5372,100,0
time
45.88
soc
69
f1,f2,first_soc,front
104.697,20.2697,100,0
time
45.88
soc
66
f1,f2,first_soc,front
108.232,16.2272,100,0
time
45.88
soc
73
f1,f2,first_soc,front
107.727,16.8047,100,0
time
45.88
soc
72
f1,f2,first_soc,front
107.55,17.0059,100,0
time
44.52
soc
74
f1,f2,first_soc,front
110.076,14.1184,100,0
time
44.52
soc
79
f1,f2,first_soc,front
104.697,20.2697,100,0
time
45.88
soc
66
f1,f2,first_soc,front
108.737,15.6497,100,0
time
45.88
soc
74
f1,f2,first_soc,front
110.076,14.1184,100,0
time
44.52
soc
79
f1,f2,first_soc,front
107.727,16.8047,100,0
time
45.88
soc
72
f1,f2,first_soc,front
109.242,15.0722,100,0
time
45.88
soc
75
f1,f2,first_soc,front
105.707,19.1147,100,0
time
45.88
soc
68
f1,f2,first_soc,front
108.232,16.2272,100,0
time
45.88
soc
73
f1,f2,first_soc,front
112.896,11.563,100,0
time
45.88,95.8371
soc
70,39
f1,f2,first_soc,front
112.553,11.7747,100,0
time
45.88,73.067
soc
68,76
f1,f2,first_soc,front
112.618,11.7025,100,0
time
37.72,77.626
soc
75,62
f1,f2,first_soc,front
113.815,11.5624,100,0
time
36.36,77.7991
soc
75,62
f1,f2,first_soc,front
113.949,11.5601,100,0
time
44.52,61.274,91.8475
soc
47,70,52
f1,f2,first_soc,front
113.949,11.5601,100,0
time
44.52,60.769,91.8475
soc
46,70,52
f1,f2,first_soc,front
112.896,11.563,100,0
time
45.88,95.8371
soc
70,39
f1,f2,first_soc,front
104.697,20.2697,100,0
time
45.88
soc
66
f1,f2,first_soc,front
104.697,20.2697,100,0
time
45.88
soc
66
f1,f2,first_soc,front
104.697,20.2697,100,0
time
45.88
soc
66
f1,f2,first_soc,front
104.697,20.2697,100,0
time
45.88
soc
66
f1,f2,first_soc,front
104.697,20.2697,100,0
time
45.88
soc
66
f1,f2,first_soc,front
104.697,20.2697,100,0
time
45.88
soc
66
f1,f2,first_soc,front
104.697,20.2697,100,0
time
45.88
soc
66
f1,f2,first_soc,front
104.697,20.2697,100,0
time
45.88
soc
66
f1,f2,first_soc,front
104.697,20.2697,100,0
time
45.88
soc
66
f1,f2,first_soc,front
104.697,20.2697,100,0
time
45.88
soc
66
f1,f2,first_soc,front
104.697,20.2697,100,0
time
45.88
soc
66
f1,f2,first_soc,front
104.697,20.2697,100,0
time
45.88
soc
66
f1,f2,first_soc,front
104.697,20.2697,100,0
time
45.88
soc
66
f1,f2,first_soc,front
104.697,20.2697,100,0
time
45.88
soc
66
f1,f2,first_soc,front
104.697,20.2697,100,0
time
45.88
soc
66
f1,f2,first_soc,front
104.697,20.2697,100,0
time
45.88
soc
66
f1,f2,first_soc,front
104.697,20.2697,100,0
time
45.88
soc
66
f1,f2,first_soc,front
104.697,20.2697,100,0
time
45.88
soc
66
f1,f2,first_soc,front
104.697,20.2697,100,0
time
45.88
soc
66
f1,f2,first_soc,front
104.697,20.2697,100,0
time
45.88
soc
66
f1,f2,first_soc,front
104.697,20.2697,100,0
time
45.88
soc
66
f1,f2,first_soc,front
104.697,20.2697,100,0
time
45.88
soc
66
f1,f2,first_soc,front
104.697,20.2697,100,0
time
45.88
soc
66
f1,f2,first_soc,front
104.697,20.2697,100,0
time
45.88
soc
66
f1,f2,first_soc,front
104.697,20.2697,100,0
time
45.88
soc
66
f1,f2,first_soc,front
104.697,20.2697,100,0
time
45.88
soc
66
f1,f2,first_soc,front
104.697,20.2697,100,0
time
45.88
soc
66
f1,f2,first_soc,front
104.697,20.2697,100,0
time
45.88
soc
66
f1,f2,first_soc,front
104.697,20.2697,100,0
time
45.88
soc
66
f1,f2,first_soc,front
104.697,20.2697,100,0
time
45.88
soc
66
f1,f2,first_soc,front
104.697,20.2697,100,0
time
45.88
soc
66
f1,f2,first_soc,front
104.697,20.2697,100,0
time
45.88
soc
66
f1,f2,first_soc,front
104.697,20.2697,100,0
time
45.88
soc
66
f1,f2,first_soc,front
104.697,20.2697,100,0
time
45.88
soc
66
f1,f2,first_soc,front
104.697,20.2697,100,0
time
45.88
soc
66
f1,f2,first_soc,front
104.697,20.2697,100,0
time
45.88
soc
66
f1,f2,first_soc,front
104.697,20.2697,100,0
time
45.88
soc
66
f1,f2,first_soc,front
104.697,20.2697,100,0
time
45.88
soc
66
f1,f2,first_soc,front
104.697,20.2697,100,0
time
45.88
soc
66
f1,f2,first_soc,front
104.697,20.2697,100,0
time
45.88
soc
66
f1,f2,first_soc,front
104.697,20.2697,100,0
time
45.88
soc
66
f1,f2,first_soc,front
104.697,20.2697,100,0
time
45.88
soc
66
f1,f2,first_soc,front
104.697,20.2697,100,0
time
45.88
soc
66
f1,f2,first_soc,front
104.697,20.2697,100,0
time
45.88
soc
66
f1,f2,first_soc,front
104.697,20.2697,100,0
time
45.88
soc
66
f1,f2,first_soc,front
104.697,20.2697,100,0
time
45.88
soc
66
f1,f2,first_soc,front
104.697,20.2697,100,0
time
45.88
soc
66
f1,f2,first_soc,front
104.697,20.2697,100,0
time
45.88
soc
66
f1,f2,first_soc,front
104.697,20.2697,100,0
time
45.88
soc
66
f1,f2,first_soc,front
104.697,20.2697,100,0
time
45.88
soc
66
f1,f2,first_soc,front
104.697,20.2697,100,0
time
45.88
soc
66
f1,f2,first_soc,front
104.697,20.2697,100,0
time
45.88
soc
66
f1,f2,first_soc,front
104.697,20.2697,100,0
time
45.88
soc
66
f1,f2,first_soc,front
104.697,20.2697,100,0
time
45.88
soc
66
f1,f2,first_soc,front
104.697,20.2697,100,0
time
45.88
soc
66
f1,f2,first_soc,front
104.697,20.2697,100,0
time
45.88
soc
66
f1,f2,first_soc,front
104.697,20.2697,100,0
time
45.88
soc
66
f1,f2,first_soc,front
104.697,20.2697,100,0
time
45.88
soc
66
f1,f2,first_soc,front
104.697,20.2697,100,0
time
45.88
soc
66
f1,f2,first_soc,front
104.697,20.2697,100,0
time
45.88
soc
66
f1,f2,first_soc,front
104.697,20.2697,100,0
time
45.88
soc
66
f1,f2,first_soc,front
104.697,20.2697,100,0
time
45.88
soc
66
f1,f2,first_soc,front
104.697,20.2697,100,0
time
45.88
soc
66
f1,f2,first_soc,front
104.697,20.2697,100,0
time
45.88
soc
66
f1,f2,first_soc,front
104.015,21.0483,100,0
time
44.52
soc
67
f1,f2,first_soc,front
104.015,21.0483,100,0
time
44.52
soc
67
f1,f2,first_soc,front
104.015,21.0483,100,0
time
44.52
soc
67
f1,f2,first_soc,front
113.949,11.5601,100,0
time
44.52,61.274,91.8475
soc
47,70,52
f1,f2,first_soc,front
113.949,11.5601,100,0
time
44.52,60.769,91.8475
soc
46,70,52
f1,f2,first_soc,front
104.015,21.0483,100,0
time
44.52
soc
67
f1,f2,first_soc,front
104.015,21.0483,100,0
time
44.52
soc
67
f1,f2,first_soc,front
104.015,21.0483,100,0
time
44.52
soc
67
f1,f2,first_soc,front
104.015,21.0483,100,0
time
44.52
soc
67
f1,f2,first_soc,front
104.015,21.0483,100,0
time
44.52
soc
67
f1,f2,first_soc,front
104.015,21.0483,100,0
time
44.52
soc
67
f1,f2,first_soc,front
104.015,21.0483,100,0
time
44.52
soc
67
f1,f2,first_soc,front
104.015,21.0483,100,0
time
44.52
soc
67
f1,f2,first_soc,front
104.015,21.0483,100,0
time
44.52
soc
67
f1,f2,first_soc,front
104.015,21.0483,100,0
time
44.52
soc
67
f1,f2,first_soc,front
104.015,21.0483,100,0
time
44.52
soc
67
f1,f2,first_soc,front
104.015,21.0483,100,0
time
44.52
soc
67
f1,f2,first_soc,front
104.015,21.0483,100,0
time
44.52
soc
67
f1,f2,first_soc,front
104.015,21.0483,100,0
time
44.52
soc
67
f1,f2,first_soc,front
104.015,21.0483,100,0
time
44.52
soc
67
f1,f2,first_soc,front
104.015,21.0483,100,0
time
44.52
soc
67
f1,f2,first_soc,front
104.015,21.0483,100,0
time
44.52
soc
67
f1,f2,first_soc,front
104.015,21.0483,100,0
time
44.52
soc
67
f1,f2,first_soc,front
104.015,21.0483,100,0
time
44.52
soc
67
f1,f2,first_soc,front
104.015,21.0483,100,0
time
44.52
soc
67
f1,f2,first_soc,front
104.015,21.0483,100,0
time
44.52
soc
67
f1,f2,first_soc,front
104.015,21.0483,100,0
time
44.52
soc
67
f1,f2,first_soc,front
104.015,21.0483,100,0
time
44.52
soc
67
f1,f2,first_soc,front
104.015,21.0483,100,0
time
44.52
soc
67
f1,f2,first_soc,front
104.015,21.0483,100,0
time
44.52
soc
67
f1,f2,first_soc,front
104.015,21.0483,100,0
time
44.52
soc
67
f1,f2,first_soc,front
104.015,21.0483,100,0
time
44.52
soc
67
f1,f2,first_soc,front
104.015,21.0483,100,0
time
44.52
soc
67
f1,f2,first_soc,front
104.015,21.0483,100,0
time
44.52
soc
67
f1,f2,first_soc,front
104.015,21.0483,100,0
time
44.52
soc
67
f1,f2,first_soc,front
104.015,21.0483,100,0
time
44.52
soc
67
f1,f2,first_soc,front
104.697,20.2697,100,0
time
45.88
soc
66
f1,f2,first_soc,front
113.949,11.5601,100,0
time
44.52,61.274,91.8475
soc
47,70,52
f1,f2,first_soc,front
104.697,20.2697,100,0
time
45.88
soc
66
f1,f2,first_soc,front
104.697,20.2697,100,0
time
45.88
soc
66
f1,f2,first_soc,front
104.697,20.2697,100,0
time
45.88
soc
66
f1,f2,first_soc,front
104.697,20.2697,100,0
time
45.88
soc
66
f1,f2,first_soc,front
104.697,20.2697,100,0
time
45.88
soc
66
f1,f2,first_soc,front
104.697,20.2697,100,0
time
45.88
soc
66
f1,f2,first_soc,front
104.697,20.2697,100,0
time
45.88
soc
66
第33世代
f1,f2,first_soc,front
104.015,21.0483,100,0
time
44.52
soc
67
f1,f2,first_soc,front
104.015,21.0483,100,0
time
44.52
soc
67
f1,f2,first_soc,front
113.949,11.5601,100,0
time
44.52,61.274,91.8475
soc
47,70,52
f1,f2,first_soc,front
111.768,12.1847,100,0
time
45.88
soc
80
f1,f2,first_soc,front
106.717,17.9597,100,0
time
45.88
soc
70
f1,f2,first_soc,front
111.263,12.7622,100,0
time
45.88
soc
79
f1,f2,first_soc,front
111.263,12.7622,100,0
time
45.88
soc
79
f1,f2,first_soc,front
112.896,11.563,100,0
time
45.88,95.8371
soc
70,39
f1,f2,first_soc,front
113.815,11.5624,100,0
time
36.36,77.7991
soc
75,62
f1,f2,first_soc,front
104.52,20.4708,100,0
time
44.52
soc
68
f1,f2,first_soc,front
105.202,19.6922,100,0
time
45.88
soc
67
f1,f2,first_soc,front
105.025,19.8933,100,0
time
44.52
soc
69
f1,f2,first_soc,front
105.53,19.3158,100,0
time
44.52
soc
70
f1,f2,first_soc,front
107.727,16.8047,100,0
time
45.88
soc
72
f1,f2,first_soc,front
108.055,16.4284,100,0
time
44.52
soc
75
f1,f2,first_soc,front
109.066,15.2734,100,0
time
44.52
soc
77
f1,f2,first_soc,front
110.076,14.1184,100,0
time
44.52
soc
79
f1,f2,first_soc,front
109.242,15.0722,100,0
time
45.88
soc
75
f1,f2,first_soc,front
109.571,14.6959,100,0
time
44.52
soc
78
f1,f2,first_soc,front
110.581,13.5409,100,0
time
44.52
soc
80
f1,f2,first_soc,front
106.54,18.1609,100,0
time
44.52
soc
72
f1,f2,first_soc,front
105.707,19.1147,100,0
time
45.88
soc
68
f1,f2,first_soc,front
108.561,15.8509,100,0
time
44.52
soc
76
f1,f2,first_soc,front
106.035,18.7383,100,0
time
44.52
soc
71
f1,f2,first_soc,front
110.757,13.3397,100,0
time
45.88
soc
78
f1,f2,first_soc,front
112.391,11.9595,100,0
time
45.88,95.8371
soc
70,38
f1,f2,first_soc,front
107.222,17.3822,100,0
time
45.88
soc
71
f1,f2,first_soc,front
104.015,21.0483,100,0
time
44.52
soc
67
f1,f2,first_soc,front
110.757,13.3397,100,0
time
45.88
soc
78
f1,f2,first_soc,front
106.212,18.5372,100,0
time
45.88
soc
69
f1,f2,first_soc,front
107.55,17.0059,100,0
time
44.52
soc
74
f1,f2,first_soc,front
108.232,16.2272,100,0
time
45.88
soc
73
f1,f2,first_soc,front
109.747,14.4947,100,0
time
45.88
soc
76
f1,f2,first_soc,front
108.737,15.6497,100,0
time
45.88
soc
74
f1,f2,first_soc,front
104.015,21.0483,100,0
time
44.52
soc
67
f1,f2,first_soc,front
107.222,17.3822,100,0
time
45.88
soc
71
f1,f2,first_soc,front
104.52,20.4708,100,0
time
44.52
soc
68
f1,f2,first_soc,front
111.768,12.1847,100,0
time
45.88
soc
80
f1,f2,first_soc,front
112.896,11.563,100,0
time
45.88,95.8371
soc
70,39
f1,f2,first_soc,front
112.391,11.9595,100,0
time
45.88,95.8371
soc
70,38
f1,f2,first_soc,front
108.737,15.6497,100,0
time
45.88
soc
74
f1,f2,first_soc,front
104.697,20.2697,100,0
time
45.88
soc
66
f1,f2,first_soc,front
109.747,14.4947,100,0
time
45.88
soc
76
f1,f2,first_soc,front
110.252,13.9172,100,0
time
45.88
soc
77
f1,f2,first_soc,front
108.232,16.2272,100,0
time
45.88
soc
73
f1,f2,first_soc,front
107.222,17.3822,100,0
time
45.88
soc
71
f1,f2,first_soc,front
106.035,18.7383,100,0
time
44.52
soc
71
f1,f2,first_soc,front
110.581,13.5409,100,0
time
44.52
soc
80
f1,f2,first_soc,front
110.076,14.1184,100,0
time
44.52
soc
79
f1,f2,first_soc,front
105.53,19.3158,100,0
time
44.52
soc
70
f1,f2,first_soc,front
106.717,17.9597,100,0
time
45.88
soc
70
f1,f2,first_soc,front
109.066,15.2734,100,0
time
44.52
soc
77
f1,f2,first_soc,front
108.055,16.4284,100,0
time
44.52
soc
75
f1,f2,first_soc,front
106.54,18.1609,100,0
time
44.52
soc
72
f1,f2,first_soc,front
109.571,14.6959,100,0
time
44.52
soc
78
f1,f2,first_soc,front
107.727,16.8047,100,0
time
45.88
soc
72
f1,f2,first_soc,front
108.561,15.8509,100,0
time
44.52
soc
76
f1,f2,first_soc,front
105.025,19.8933,100,0
time
44.52
soc
69
f1,f2,first_soc,front
105.202,19.6922,100,0
time
45.88
soc
67
f1,f2,first_soc,front
112.553,11.7747,100,0
time
45.88,73.067
soc
68,76
f1,f2,first_soc,front
112.618,11.7025,100,0
time
37.72,77.626
soc
75,62
f1,f2,first_soc,front
106.212,18.5372,100,0
time
45.88
soc
69
f1,f2,first_soc,front
110.252,13.9172,100,0
time
45.88
soc
77
f1,f2,first_soc,front
107.55,17.0059,100,0
time
44.52
soc
74
f1,f2,first_soc,front
107.222,17.3822,100,0
time
45.88
soc
71
f1,f2,first_soc,front
104.697,20.2697,100,0
time
45.88
soc
66
f1,f2,first_soc,front
111.768,12.1847,100,0
time
45.88
soc
80
f1,f2,first_soc,front
106.212,18.5372,100,0
time
45.88
soc
69
f1,f2,first_soc,front
104.52,20.4708,100,0
time
44.52
soc
68
f1,f2,first_soc,front
107.55,17.0059,100,0
time
44.52
soc
74
f1,f2,first_soc,front
110.252,13.9172,100,0
time
45.88
soc
77
f1,f2,first_soc,front
105.707,19.1147,100,0
time
45.88
soc
68
f1,f2,first_soc,front
104.697,20.2697,100,0
time
45.88
soc
66
f1,f2,first_soc,front
109.242,15.0722,100,0
time
45.88
soc
75
f1,f2,first_soc,front
112.391,11.9595,100,0
time
45.88,95.8371
soc
70,38
f1,f2,first_soc,front
105.707,19.1147,100,0
time
45.88
soc
68
f1,f2,first_soc,front
109.242,15.0722,100,0
time
45.88
soc
75
f1,f2,first_soc,front
108.737,15.6497,100,0
time
45.88
soc
74
f1,f2,first_soc,front
108.232,16.2272,100,0
time
45.88
soc
73
f1,f2,first_soc,front
110.252,13.9172,100,0
time
45.88
soc
77
f1,f2,first_soc,front
104.697,20.2697,100,0
time
45.88
soc
66
f1,f2,first_soc,front
110.757,13.3397,100,0
time
45.88
soc
78
f1,f2,first_soc,front
109.747,14.4947,100,0
time
45.88
soc
76
f1,f2,first_soc,front
112.618,11.7025,100,0
time
37.72,77.626
soc
75,62
f1,f2,first_soc,front
112.553,11.7747,100,0
time
45.88,73.067
soc
68,76
f1,f2,first_soc,front
113.949,11.5601,100,0
time
44.52,61.274,91.8475
soc
47,70,52
f1,f2,first_soc,front
113.815,11.5624,100,0
time
36.36,77.7991
soc
75,62
f1,f2,first_soc,front
112.618,11.7025,100,0
time
37.72,77.626
soc
75,62
f1,f2,first_soc,front
113.815,11.5624,100,0
time
36.36,77.7991
soc
75,62
f1,f2,first_soc,front
104.697,20.2697,100,0
time
45.88
soc
66
f1,f2,first_soc,front
104.697,20.2697,100,0
time
45.88
soc
66
f1,f2,first_soc,front
104.697,20.2697,100,0
time
45.88
soc
66
f1,f2,first_soc,front
104.697,20.2697,100,0
time
45.88
soc
66
f1,f2,first_soc,front
104.697,20.2697,100,0
time
45.88
soc
66
f1,f2,first_soc,front
104.697,20.2697,100,0
time
45.88
soc
66
f1,f2,first_soc,front
104.697,20.2697,100,0
time
45.88
soc
66
f1,f2,first_soc,front
104.697,20.2697,100,0
time
45.88
soc
66
f1,f2,first_soc,front
104.697,20.2697,100,0
time
45.88
soc
66
f1,f2,first_soc,front
104.697,20.2697,100,0
time
45.88
soc
66
f1,f2,first_soc,front
104.697,20.2697,100,0
time
45.88
soc
66
f1,f2,first_soc,front
104.697,20.2697,100,0
time
45.88
soc
66
f1,f2,first_soc,front
104.697,20.2697,100,0
time
45.88
soc
66
f1,f2,first_soc,front
104.697,20.2697,100,0
time
45.88
soc
66
f1,f2,first_soc,front
104.697,20.2697,100,0
time
45.88
soc
66
f1,f2,first_soc,front
104.697,20.2697,100,0
time
45.88
soc
66
f1,f2,first_soc,front
104.697,20.2697,100,0
time
45.88
soc
66
f1,f2,first_soc,front
104.697,20.2697,100,0
time
45.88
soc
66
f1,f2,first_soc,front
104.697,20.2697,100,0
time
45.88
soc
66
f1,f2,first_soc,front
104.697,20.2697,100,0
time
45.88
soc
66
f1,f2,first_soc,front
104.697,20.2697,100,0
time
45.88
soc
66
f1,f2,first_soc,front
104.697,20.2697,100,0
time
45.88
soc
66
f1,f2,first_soc,front
104.697,20.2697,100,0
time
45.88
soc
66
f1,f2,first_soc,front
104.697,20.2697,100,0
time
45.88
soc
66
f1,f2,first_soc,front
104.697,20.2697,100,0
time
45.88
soc
66
f1,f2,first_soc,front
104.697,20.2697,100,0
time
45.88
soc
66
f1,f2,first_soc,front
104.697,20.2697,100,0
time
45.88
soc
66
f1,f2,first_soc,front
104.697,20.2697,100,0
time
45.88
soc
66
f1,f2,first_soc,front
104.697,20.2697,100,0
time
45.88
soc
66
f1,f2,first_soc,front
104.697,20.2697,100,0
time
45.88
soc
66
f1,f2,first_soc,front
104.697,20.2697,100,0
time
45.88
soc
66
f1,f2,first_soc,front
104.697,20.2697,100,0
time
45.88
soc
66
f1,f2,first_soc,front
104.697,20.2697,100,0
time
45.88
soc
66
f1,f2,first_soc,front
104.697,20.2697,100,0
time
45.88
soc
66
f1,f2,first_soc,front
104.697,20.2697,100,0
time
45.88
soc
66
f1,f2,first_soc,front
104.697,20.2697,100,0
time
45.88
soc
66
f1,f2,first_soc,front
104.697,20.2697,100,0
time
45.88
soc
66
f1,f2,first_soc,front
104.697,20.2697,100,0
time
45.88
soc
66
f1,f2,first_soc,front
104.697,20.2697,100,0
time
45.88
soc
66
f1,f2,first_soc,front
104.697,20.2697,100,0
time
45.88
soc
66
f1,f2,first_soc,front
104.697,20.2697,100,0
time
45.88
soc
66
f1,f2,first_soc,front
104.697,20.2697,100,0
time
45.88
soc
66
f1,f2,first_soc,front
104.697,20.2697,100,0
time
45.88
soc
66
f1,f2,first_soc,front
104.697,20.2697,100,0
time
45.88
soc
66
f1,f2,first_soc,front
104.697,20.2697,100,0
time
45.88
soc
66
f1,f2,first_soc,front
104.697,20.2697,100,0
time
45.88
soc
66
f1,f2,first_soc,front
104.697,20.2697,100,0
time
45.88
soc
66
f1,f2,first_soc,front
104.697,20.2697,100,0
time
45.88
soc
66
f1,f2,first_soc,front
104.697,20.2697,100,0
time
45.88
soc
66
f1,f2,first_soc,front
104.697,20.2697,100,0
time
45.88
soc
66
f1,f2,first_soc,front
104.697,20.2697,100,0
time
45.88
soc
66
f1,f2,first_soc,front
104.697,20.2697,100,0
time
45.88
soc
66
f1,f2,first_soc,front
104.697,20.2697,100,0
time
45.88
soc
66
f1,f2,first_soc,front
104.697,20.2697,100,0
time
45.88
soc
66
f1,f2,first_soc,front
104.697,20.2697,100,0
time
45.88
soc
66
f1,f2,first_soc,front
104.015,21.0483,100,0
time
44.52
soc
67
f1,f2,first_soc,front
104.015,21.0483,100,0
time
44.52
soc
67
f1,f2,first_soc,front
104.015,21.0483,100,0
time
44.52
soc
67
f1,f2,first_soc,front
104.015,21.0483,100,0
time
44.52
soc
67
f1,f2,first_soc,front
113.949,11.5601,100,0
time
44.52,61.274,91.8475
soc
47,70,52
f1,f2,first_soc,front
104.015,21.0483,100,0
time
44.52
soc
67
f1,f2,first_soc,front
104.015,21.0483,100,0
time
44.52
soc
67
f1,f2,first_soc,front
104.015,21.0483,100,0
time
44.52
soc
67
f1,f2,first_soc,front
104.015,21.0483,100,0
time
44.52
soc
67
f1,f2,first_soc,front
104.015,21.0483,100,0
time
44.52
soc
67
f1,f2,first_soc,front
104.015,21.0483,100,0
time
44.52
soc
67
f1,f2,first_soc,front
104.015,21.0483,100,0
time
44.52
soc
67
f1,f2,first_soc,front
104.015,21.0483,100,0
time
44.52
soc
67
f1,f2,first_soc,front
104.015,21.0483,100,0
time
44.52
soc
67
f1,f2,first_soc,front
104.015,21.0483,100,0
time
44.52
soc
67
f1,f2,first_soc,front
104.015,21.0483,100,0
time
44.52
soc
67
f1,f2,first_soc,front
104.015,21.0483,100,0
time
44.52
soc
67
f1,f2,first_soc,front
104.015,21.0483,100,0
time
44.52
soc
67
f1,f2,first_soc,front
104.015,21.0483,100,0
time
44.52
soc
67
f1,f2,first_soc,front
104.015,21.0483,100,0
time
44.52
soc
67
f1,f2,first_soc,front
113.949,11.5601,100,0
time
44.52,60.769,91.8475
soc
46,70,52
f1,f2,first_soc,front
104.015,21.0483,100,0
time
44.52
soc
67
f1,f2,first_soc,front
104.015,21.0483,100,0
time
44.52
soc
67
f1,f2,first_soc,front
104.015,21.0483,100,0
time
44.52
soc
67
f1,f2,first_soc,front
104.015,21.0483,100,0
time
44.52
soc
67
f1,f2,first_soc,front
104.015,21.0483,100,0
time
44.52
soc
67
f1,f2,first_soc,front
104.015,21.0483,100,0
time
44.52
soc
67
f1,f2,first_soc,front
104.015,21.0483,100,0
time
44.52
soc
67
f1,f2,first_soc,front
104.015,21.0483,100,0
time
44.52
soc
67
f1,f2,first_soc,front
104.015,21.0483,100,0
time
44.52
soc
67
f1,f2,first_soc,front
104.015,21.0483,100,0
time
44.52
soc
67
f1,f2,first_soc,front
104.015,21.0483,100,0
time
44.52
soc
67
f1,f2,first_soc,front
104.015,21.0483,100,0
time
44.52
soc
67
f1,f2,first_soc,front
104.015,21.0483,100,0
time
44.52
soc
67
f1,f2,first_soc,front
104.015,21.0483,100,0
time
44.52
soc
67
f1,f2,first_soc,front
104.015,21.0483,100,0
time
44.52
soc
67
f1,f2,first_soc,front
104.015,21.0483,100,0
time
44.52
soc
67
f1,f2,first_soc,front
104.697,20.2697,100,0
time
45.88
soc
66
f1,f2,first_soc,front
104.697,20.2697,100,0
time
45.88
soc
66
f1,f2,first_soc,front
104.697,20.2697,100,0
time
45.88
soc
66
f1,f2,first_soc,front
104.697,20.2697,100,0
time
45.88
soc
66
f1,f2,first_soc,front
104.697,20.2697,100,0
time
45.88
soc
66
f1,f2,first_soc,front
104.697,20.2697,100,0
time
45.88
soc
66
f1,f2,first_soc,front
104.697,20.2697,100,0
time
45.88
soc
66
f1,f2,first_soc,front
104.697,20.2697,100,0
time
45.88
soc
66
f1,f2,first_soc,front
104.697,20.2697,100,0
time
45.88
soc
66
f1,f2,first_soc,front
104.697,20.2697,100,0
time
45.88
soc
66
f1,f2,first_soc,front
104.697,20.2697,100,0
time
45.88
soc
66
f1,f2,first_soc,front
104.697,20.2697,100,0
time
45.88
soc
66
f1,f2,first_soc,front
104.697,20.2697,100,0
time
45.88
soc
66
f1,f2,first_soc,front
104.697,20.2697,100,0
time
45.88
soc
66
f1,f2,first_soc,front
104.697,20.2697,100,0
time
45.88
soc
66
f1,f2,first_soc,front
104.697,20.2697,100,0
time
45.88
soc
66
f1,f2,first_soc,front
104.697,20.2697,100,0
time
45.88
soc
66
f1,f2,first_soc,front
104.697,20.2697,100,0
time
45.88
soc
66
f1,f2,first_soc,front
104.015,21.0483,100,0
time
44.52
soc
67
第34世代
f1,f2,first_soc,front
104.015,21.0483,100,0
time
44.52
soc
67
f1,f2,first_soc,front
104.015,21.0483,100,0
time
44.52
soc
67
f1,f2,first_soc,front
113.949,11.5601,100,0
time
44.52,61.274,91.8475
soc
47,70,52
f1,f2,first_soc,front
111.768,12.1847,100,0
time
45.88
soc
80
f1,f2,first_soc,front
106.717,17.9597,100,0
time
45.88
soc
70
f1,f2,first_soc,front
111.263,12.7622,100,0
time
45.88
soc
79
f1,f2,first_soc,front
111.263,12.7622,100,0
time
45.88
soc
79
f1,f2,first_soc,front
112.896,11.563,100,0
time
45.88,95.8371
soc
70,39
f1,f2,first_soc,front
113.815,11.5624,100,0
time
36.36,77.7991
soc
75,62
f1,f2,first_soc,front
112.391,11.9595,100,0
time
45.88,95.8371
soc
70,38
f1,f2,first_soc,front
108.055,16.4284,100,0
time
44.52
soc
75
f1,f2,first_soc,front
105.025,19.8933,100,0
time
44.52
soc
69
f1,f2,first_soc,front
105.53,19.3158,100,0
time
44.52
soc
70
f1,f2,first_soc,front
108.737,15.6497,100,0
time
45.88
soc
74
f1,f2,first_soc,front
109.747,14.4947,100,0
time
45.88
soc
76
f1,f2,first_soc,front
110.252,13.9172,100,0
time
45.88
soc
77
f1,f2,first_soc,front
109.242,15.0722,100,0
time
45.88
soc
75
f1,f2,first_soc,front
106.035,18.7383,100,0
time
44.52
soc
71
f1,f2,first_soc,front
108.561,15.8509,100,0
time
44.52
soc
76
f1,f2,first_soc,front
108.232,16.2272,100,0
time
45.88
soc
73
f1,f2,first_soc,front
106.54,18.1609,100,0
time
44.52
soc
72
f1,f2,first_soc,front
107.55,17.0059,100,0
time
44.52
soc
74
f1,f2,first_soc,front
110.757,13.3397,100,0
time
45.88
soc
78
f1,f2,first_soc,front
104.015,21.0483,100,0
time
44.52
soc
67
f1,f2,first_soc,front
104.52,20.4708,100,0
time
44.52
soc
68
f1,f2,first_soc,front
107.222,17.3822,100,0
time
45.88
soc
71
f1,f2,first_soc,front
110.757,13.3397,100,0
time
45.88
soc
78
f1,f2,first_soc,front
109.066,15.2734,100,0
time
44.52
soc
77
f1,f2,first_soc,front
110.581,13.5409,100,0
time
44.52
soc
80
f1,f2,first_soc,front
110.076,14.1184,100,0
time
44.52
soc
79
f1,f2,first_soc,front
109.571,14.6959,100,0
time
44.52
soc
78
f1,f2,first_soc,front
106.212,18.5372,100,0
time
45.88
soc
69
f1,f2,first_soc,front
105.707,19.1147,100,0
time
45.88
soc
68
f1,f2,first_soc,front
107.727,16.8047,100,0
time
45.88
soc
72
f1,f2,first_soc,front
110.581,13.5409,100,0
time
44.52
soc
80
f1,f2,first_soc,front
109.066,15.2734,100,0
time
44.52
soc
77
f1,f2,first_soc,front
109.571,14.6959,100,0
time
44.52
soc
78
f1,f2,first_soc,front
104.015,21.0483,100,0
time
44.52
soc
67
f1,f2,first_soc,front
104.52,20.4708,100,0
time
44.52
soc
68
f1,f2,first_soc,front
107.222,17.3822,100,0
time
45.88
soc
71
f1,f2,first_soc,front
111.768,12.1847,100,0
time
45.88
soc
80
f1,f2,first_soc,front
112.618,11.7025,100,0
time
37.72,77.626
soc
75,62
f1,f2,first_soc,front
105.202,19.6922,100,0
time
45.88
soc
67
f1,f2,first_soc,front
104.697,20.2697,100,0
time
45.88
soc
66
f1,f2,first_soc,front
107.727,16.8047,100,0
time
45.88
soc
72
f1,f2,first_soc,front
105.707,19.1147,100,0
time
45.88
soc
68
f1,f2,first_soc,front
107.222,17.3822,100,0
time
45.88
soc
71
f1,f2,first_soc,front
106.035,18.7383,100,0
time
44.52
soc
71
f1,f2,first_soc,front
106.717,17.9597,100,0
time
45.88
soc
70
f1,f2,first_soc,front
110.252,13.9172,100,0
time
45.88
soc
77
f1,f2,first_soc,front
108.561,15.8509,100,0
time
44.52
soc
76
f1,f2,first_soc,front
108.055,16.4284,100,0
time
44.52
soc
75
f1,f2,first_soc,front
108.737,15.6497,100,0
time
45.88
soc
74
f1,f2,first_soc,front
106.54,18.1609,100,0
time
44.52
soc
72
f1,f2,first_soc,front
109.747,14.4947,100,0
time
45.88
soc
76
f1,f2,first_soc,front
105.53,19.3158,100,0
time
44.52
soc
70
f1,f2,first_soc,front
107.55,17.0059,100,0
time
44.52
soc
74
f1,f2,first_soc,front
109.242,15.0722,100,0
time
45.88
soc
75
f1,f2,first_soc,front
105.025,19.8933,100,0
time
44.52
soc
69
f1,f2,first_soc,front
105.202,19.6922,100,0
time
45.88
soc
67
f1,f2,first_soc,front
112.391,11.9595,100,0
time
45.88,95.8371
soc
70,38
f1,f2,first_soc,front
106.212,18.5372,100,0
time
45.88
soc
69
f1,f2,first_soc,front
110.076,14.1184,100,0
time
44.52
soc
79
f1,f2,first_soc,front
105.202,19.6922,100,0
time
45.88
soc
67
f1,f2,first_soc,front
104.697,20.2697,100,0
time
45.88
soc
66
f1,f2,first_soc,front
107.222,17.3822,100,0
time
45.88
soc
71
f1,f2,first_soc,front
112.896,11.563,100,0
time
45.88,95.8371
soc
70,39
f1,f2,first_soc,front
111.768,12.1847,100,0
time
45.88
soc
80
f1,f2,first_soc,front
106.212,18.5372,100,0
time
45.88
soc
69
f1,f2,first_soc,front
104.697,20.2697,100,0
time
45.88
soc
66
f1,f2,first_soc,front
104.52,20.4708,100,0
time
44.52
soc
68
f1,f2,first_soc,front
108.232,16.2272,100,0
time
45.88
soc
73
f1,f2,first_soc,front
110.076,14.1184,100,0
time
44.52
soc
79
f1,f2,first_soc,front
112.553,11.7747,100,0
time
45.88,73.067
soc
68,76
f1,f2,first_soc,front
108.232,16.2272,100,0
time
45.88
soc
73
f1,f2,first_soc,front
104.52,20.4708,100,0
time
44.52
soc
68
f1,f2,first_soc,front
104.697,20.2697,100,0
time
45.88
soc
66
f1,f2,first_soc,front
105.707,19.1147,100,0
time
45.88
soc
68
f1,f2,first_soc,front
107.727,16.8047,100,0
time
45.88
soc
72
f1,f2,first_soc,front
110.757,13.3397,100,0
time
45.88
soc
78
f1,f2,first_soc,front
112.553,11.7747,100,0
time
45.88,73.067
soc
68,76
f1,f2,first_soc,front
112.553,11.7747,100,0
time
45.88,73.067
soc
68,76
f1,f2,first_soc,front
112.618,11.7025,100,0
time
37.72,77.626
soc
75,62
f1,f2,first_soc,front
113.815,11.5624,100,0
time
36.36,77.7991
soc
75,62
f1,f2,first_soc,front
113.949,11.5601,100,0
time
44.52,61.274,91.8475
soc
47,70,52
f1,f2,first_soc,front
112.896,11.563,100,0
time
45.88,95.8371
soc
70,39
f1,f2,first_soc,front
113.815,11.5624,100,0
time
36.36,77.7991
soc
75,62
f1,f2,first_soc,front
104.697,20.2697,100,0
time
45.88
soc
66
f1,f2,first_soc,front
104.697,20.2697,100,0
time
45.88
soc
66
f1,f2,first_soc,front
104.697,20.2697,100,0
time
45.88
soc
66
f1,f2,first_soc,front
104.697,20.2697,100,0
time
45.88
soc
66
f1,f2,first_soc,front
104.697,20.2697,100,0
time
45.88
soc
66
f1,f2,first_soc,front
104.697,20.2697,100,0
time
45.88
soc
66
f1,f2,first_soc,front
104.697,20.2697,100,0
time
45.88
soc
66
f1,f2,first_soc,front
104.697,20.2697,100,0
time
45.88
soc
66
f1,f2,first_soc,front
104.697,20.2697,100,0
time
45.88
soc
66
f1,f2,first_soc,front
104.697,20.2697,100,0
time
45.88
soc
66
f1,f2,first_soc,front
104.697,20.2697,100,0
time
45.88
soc
66
f1,f2,first_soc,front
104.697,20.2697,100,0
time
45.88
soc
66
f1,f2,first_soc,front
104.697,20.2697,100,0
time
45.88
soc
66
f1,f2,first_soc,front
104.697,20.2697,100,0
time
45.88
soc
66
f1,f2,first_soc,front
104.697,20.2697,100,0
time
45.88
soc
66
f1,f2,first_soc,front
104.697,20.2697,100,0
time
45.88
soc
66
f1,f2,first_soc,front
104.697,20.2697,100,0
time
45.88
soc
66
f1,f2,first_soc,front
105.202,19.6922,100,0
time
45.88
soc
67
f1,f2,first_soc,front
104.697,20.2697,100,0
time
45.88
soc
66
f1,f2,first_soc,front
104.697,20.2697,100,0
time
45.88
soc
66
f1,f2,first_soc,front
104.697,20.2697,100,0
time
45.88
soc
66
f1,f2,first_soc,front
104.697,20.2697,100,0
time
45.88
soc
66
f1,f2,first_soc,front
104.697,20.2697,100,0
time
45.88
soc
66
f1,f2,first_soc,front
104.697,20.2697,100,0
time
45.88
soc
66
f1,f2,first_soc,front
104.697,20.2697,100,0
time
45.88
soc
66
f1,f2,first_soc,front
104.697,20.2697,100,0
time
45.88
soc
66
f1,f2,first_soc,front
104.697,20.2697,100,0
time
45.88
soc
66
f1,f2,first_soc,front
104.697,20.2697,100,0
time
45.88
soc
66
f1,f2,first_soc,front
104.697,20.2697,100,0
time
45.88
soc
66
f1,f2,first_soc,front
104.697,20.2697,100,0
time
45.88
soc
66
f1,f2,first_soc,front
104.697,20.2697,100,0
time
45.88
soc
66
f1,f2,first_soc,front
104.697,20.2697,100,0
time
45.88
soc
66
f1,f2,first_soc,front
104.697,20.2697,100,0
time
45.88
soc
66
f1,f2,first_soc,front
104.697,20.2697,100,0
time
45.88
soc
66
f1,f2,first_soc,front
104.697,20.2697,100,0
time
45.88
soc
66
f1,f2,first_soc,front
104.697,20.2697,100,0
time
45.88
soc
66
f1,f2,first_soc,front
104.697,20.2697,100,0
time
45.88
soc
66
f1,f2,first_soc,front
104.697,20.2697,100,0
time
45.88
soc
66
f1,f2,first_soc,front
104.697,20.2697,100,0
time
45.88
soc
66
f1,f2,first_soc,front
104.697,20.2697,100,0
time
45.88
soc
66
f1,f2,first_soc,front
104.697,20.2697,100,0
time
45.88
soc
66
f1,f2,first_soc,front
104.697,20.2697,100,0
time
45.88
soc
66
f1,f2,first_soc,front
104.697,20.2697,100,0
time
45.88
soc
66
f1,f2,first_soc,front
104.697,20.2697,100,0
time
45.88
soc
66
f1,f2,first_soc,front
104.697,20.2697,100,0
time
45.88
soc
66
f1,f2,first_soc,front
104.697,20.2697,100,0
time
45.88
soc
66
f1,f2,first_soc,front
104.697,20.2697,100,0
time
45.88
soc
66
f1,f2,first_soc,front
104.697,20.2697,100,0
time
45.88
soc
66
f1,f2,first_soc,front
104.697,20.2697,100,0
time
45.88
soc
66
f1,f2,first_soc,front
104.697,20.2697,100,0
time
45.88
soc
66
f1,f2,first_soc,front
104.697,20.2697,100,0
time
45.88
soc
66
f1,f2,first_soc,front
104.697,20.2697,100,0
time
45.88
soc
66
f1,f2,first_soc,front
104.697,20.2697,100,0
time
45.88
soc
66
f1,f2,first_soc,front
104.697,20.2697,100,0
time
45.88
soc
66
f1,f2,first_soc,front
104.697,20.2697,100,0
time
45.88
soc
66
f1,f2,first_soc,front
104.697,20.2697,100,0
time
45.88
soc
66
f1,f2,first_soc,front
104.697,20.2697,100,0
time
45.88
soc
66
f1,f2,first_soc,front
104.015,21.0483,100,0
time
44.52
soc
67
f1,f2,first_soc,front
104.015,21.0483,100,0
time
44.52
soc
67
f1,f2,first_soc,front
104.015,21.0483,100,0
time
44.52
soc
67
f1,f2,first_soc,front
104.015,21.0483,100,0
time
44.52
soc
67
f1,f2,first_soc,front
104.015,21.0483,100,0
time
44.52
soc
67
f1,f2,first_soc,front
104.015,21.0483,100,0
time
44.52
soc
67
f1,f2,first_soc,front
104.015,21.0483,100,0
time
44.52
soc
67
f1,f2,first_soc,front
104.015,21.0483,100,0
time
44.52
soc
67
f1,f2,first_soc,front
104.015,21.0483,100,0
time
44.52
soc
67
f1,f2,first_soc,front
104.015,21.0483,100,0
time
44.52
soc
67
f1,f2,first_soc,front
104.015,21.0483,100,0
time
44.52
soc
67
f1,f2,first_soc,front
104.015,21.0483,100,0
time
44.52
soc
67
f1,f2,first_soc,front
104.015,21.0483,100,0
time
44.52
soc
67
f1,f2,first_soc,front
104.015,21.0483,100,0
time
44.52
soc
67
f1,f2,first_soc,front
104.015,21.0483,100,0
time
44.52
soc
67
f1,f2,first_soc,front
104.015,21.0483,100,0
time
44.52
soc
67
f1,f2,first_soc,front
104.015,21.0483,100,0
time
44.52
soc
67
f1,f2,first_soc,front
104.015,21.0483,100,0
time
44.52
soc
67
f1,f2,first_soc,front
104.015,21.0483,100,0
time
44.52
soc
67
f1,f2,first_soc,front
104.015,21.0483,100,0
time
44.52
soc
67
f1,f2,first_soc,front
104.015,21.0483,100,0
time
44.52
soc
67
f1,f2,first_soc,front
104.015,21.0483,100,0
time
44.52
soc
67
f1,f2,first_soc,front
104.015,21.0483,100,0
time
44.52
soc
67
f1,f2,first_soc,front
104.015,21.0483,100,0
time
44.52
soc
67
f1,f2,first_soc,front
104.015,21.0483,100,0
time
44.52
soc
67
f1,f2,first_soc,front
104.015,21.0483,100,0
time
44.52
soc
67
f1,f2,first_soc,front
104.015,21.0483,100,0
time
44.52
soc
67
f1,f2,first_soc,front
104.015,21.0483,100,0
time
44.52
soc
67
f1,f2,first_soc,front
104.015,21.0483,100,0
time
44.52
soc
67
f1,f2,first_soc,front
104.015,21.0483,100,0
time
44.52
soc
67
f1,f2,first_soc,front
104.015,21.0483,100,0
time
44.52
soc
67
f1,f2,first_soc,front
104.015,21.0483,100,0
time
44.52
soc
67
f1,f2,first_soc,front
104.015,21.0483,100,0
time
44.52
soc
67
f1,f2,first_soc,front
104.015,21.0483,100,0
time
44.52
soc
67
f1,f2,first_soc,front
104.015,21.0483,100,0
time
44.52
soc
67
f1,f2,first_soc,front
104.015,21.0483,100,0
time
44.52
soc
67
f1,f2,first_soc,front
104.015,21.0483,100,0
time
44.52
soc
67
f1,f2,first_soc,front
104.015,21.0483,100,0
time
44.52
soc
67
f1,f2,first_soc,front
104.015,21.0483,100,0
time
44.52
soc
67
f1,f2,first_soc,front
104.697,20.2697,100,0
time
45.88
soc
66
f1,f2,first_soc,front
104.697,20.2697,100,0
time
45.88
soc
66
f1,f2,first_soc,front
104.697,20.2697,100,0
time
45.88
soc
66
f1,f2,first_soc,front
104.697,20.2697,100,0
time
45.88
soc
66
f1,f2,first_soc,front
104.697,20.2697,100,0
time
45.88
soc
66
f1,f2,first_soc,front
104.697,20.2697,100,0
time
45.88
soc
66
f1,f2,first_soc,front
104.697,20.2697,100,0
time
45.88
soc
66
f1,f2,first_soc,front
104.697,20.2697,100,0
time
45.88
soc
66
f1,f2,first_soc,front
104.697,20.2697,100,0
time
45.88
soc
66
f1,f2,first_soc,front
104.697,20.2697,100,0
time
45.88
soc
66
f1,f2,first_soc,front
104.697,20.2697,100,0
time
45.88
soc
66
f1,f2,first_soc,front
104.697,20.2697,100,0
time
45.88
soc
66
f1,f2,first_soc,front
104.697,20.2697,100,0
time
45.88
soc
66
f1,f2,first_soc,front
104.697,20.2697,100,0
time
45.88
soc
66
f1,f2,first_soc,front
104.697,20.2697,100,0
time
45.88
soc
66
f1,f2,first_soc,front
104.697,20.2697,100,0
time
45.88
soc
66
f1,f2,first_soc,front
104.697,20.2697,100,0
time
45.88
soc
66
第35世代
f1,f2,first_soc,front
104.015,21.0483,100,0
time
44.52
soc
67
f1,f2,first_soc,front
113.949,11.5601,100,0
time
44.52,60.769,91.8475
soc
46,70,52
f1,f2,first_soc,front
104.015,21.0483,100,0
time
44.52
soc
67
f1,f2,first_soc,front
111.263,12.7622,100,0
time
45.88
soc
79
f1,f2,first_soc,front
112.896,11.563,100,0
time
45.88,95.8371
soc
70,39
f1,f2,first_soc,front
113.815,11.5624,100,0
time
36.36,77.7991
soc
75,62
f1,f2,first_soc,front
107.222,17.3822,100,0
time
45.88
soc
71
f1,f2,first_soc,front
111.768,12.1847,100,0
time
45.88
soc
80
f1,f2,first_soc,front
108.055,16.4284,100,0
time
44.52
soc
75
f1,f2,first_soc,front
108.737,15.6497,100,0
time
45.88
soc
74
f1,f2,first_soc,front
109.066,15.2734,100,0
time
44.52
soc
77
f1,f2,first_soc,front
105.53,19.3158,100,0
time
44.52
soc
70
f1,f2,first_soc,front
105.025,19.8933,100,0
time
44.52
soc
69
f1,f2,first_soc,front
109.571,14.6959,100,0
time
44.52
soc
78
f1,f2,first_soc,front
110.076,14.1184,100,0
time
44.52
soc
79
f1,f2,first_soc,front
110.581,13.5409,100,0
time
44.52
soc
80
f1,f2,first_soc,front
106.54,18.1609,100,0
time
44.52
soc
72
f1,f2,first_soc,front
107.55,17.0059,100,0
time
44.52
soc
74
f1,f2,first_soc,front
106.035,18.7383,100,0
time
44.52
soc
71
f1,f2,first_soc,front
108.561,15.8509,100,0
time
44.52
soc
76
f1,f2,first_soc,front
106.717,17.9597,100,0
time
45.88
soc
70
f1,f2,first_soc,front
110.757,13.3397,100,0
time
45.88
soc
78
f1,f2,first_soc,front
104.52,20.4708,100,0
time
44.52
soc
68
f1,f2,first_soc,front
112.391,11.9595,100,0
time
45.88,95.8371
soc
70,38
f1,f2,first_soc,front
107.222,17.3822,100,0
time
45.88
soc
71
f1,f2,first_soc,front
106.717,17.9597,100,0
time
45.88
soc
70
f1,f2,first_soc,front
104.015,21.0483,100,0
time
44.52
soc
67
f1,f2,first_soc,front
104.52,20.4708,100,0
time
44.52
soc
68
f1,f2,first_soc,front
110.757,13.3397,100,0
time
45.88
soc
78
f1,f2,first_soc,front
111.263,12.7622,100,0
time
45.88
soc
79
f1,f2,first_soc,front
111.768,12.1847,100,0
time
45.88
soc
80
f1,f2,first_soc,front
109.242,15.0722,100,0
time
45.88
soc
75
f1,f2,first_soc,front
110.252,13.9172,100,0
time
45.88
soc
77
f1,f2,first_soc,front
105.707,19.1147,100,0
time
45.88
soc
68
f1,f2,first_soc,front
108.232,16.2272,100,0
time
45.88
soc
73
f1,f2,first_soc,front
107.727,16.8047,100,0
time
45.88
soc
72
f1,f2,first_soc,front
109.747,14.4947,100,0
time
45.88
soc
76
f1,f2,first_soc,front
104.015,21.0483,100,0
time
44.52
soc
67
f1,f2,first_soc,front
111.263,12.7622,100,0
time
45.88
soc
79
f1,f2,first_soc,front
111.768,12.1847,100,0
time
45.88
soc
80
f1,f2,first_soc,front
112.896,11.563,100,0
time
45.88,95.8371
soc
70,39
f1,f2,first_soc,front
105.202,19.6922,100,0
time
45.88
soc
67
f1,f2,first_soc,front
107.727,16.8047,100,0
time
45.88
soc
72
f1,f2,first_soc,front
104.697,20.2697,100,0
time
45.88
soc
66
f1,f2,first_soc,front
109.747,14.4947,100,0
time
45.88
soc
76
f1,f2,first_soc,front
106.212,18.5372,100,0
time
45.88
soc
69
f1,f2,first_soc,front
106.035,18.7383,100,0
time
44.52
soc
71
f1,f2,first_soc,front
110.581,13.5409,100,0
time
44.52
soc
80
f1,f2,first_soc,front
107.55,17.0059,100,0
time
44.52
soc
74
f1,f2,first_soc,front
108.055,16.4284,100,0
time
44.52
soc
75
f1,f2,first_soc,front
105.53,19.3158,100,0
time
44.52
soc
70
f1,f2,first_soc,front
110.076,14.1184,100,0
time
44.52
soc
79
f1,f2,first_soc,front
109.066,15.2734,100,0
time
44.52
soc
77
f1,f2,first_soc,front
109.571,14.6959,100,0
time
44.52
soc
78
f1,f2,first_soc,front
108.561,15.8509,100,0
time
44.52
soc
76
f1,f2,first_soc,front
106.54,18.1609,100,0
time
44.52
soc
72
f1,f2,first_soc,front
105.025,19.8933,100,0
time
44.52
soc
69
f1,f2,first_soc,front
105.202,19.6922,100,0
time
45.88
soc
67
f1,f2,first_soc,front
112.553,11.7747,100,0
time
45.88,73.067
soc
68,76
f1,f2,first_soc,front
112.391,11.9595,100,0
time
45.88,95.8371
soc
70,38
f1,f2,first_soc,front
105.707,19.1147,100,0
time
45.88
soc
68
f1,f2,first_soc,front
104.697,20.2697,100,0
time
45.88
soc
66
f1,f2,first_soc,front
109.242,15.0722,100,0
time
45.88
soc
75
f1,f2,first_soc,front
110.252,13.9172,100,0
time
45.88
soc
77
f1,f2,first_soc,front
107.222,17.3822,100,0
time
45.88
soc
71
f1,f2,first_soc,front
108.232,16.2272,100,0
time
45.88
soc
73
f1,f2,first_soc,front
105.202,19.6922,100,0
time
45.88
soc
67
f1,f2,first_soc,front
106.212,18.5372,100,0
time
45.88
soc
69
f1,f2,first_soc,front
112.618,11.7025,100,0
time
37.72,77.626
soc
75,62
f1,f2,first_soc,front
112.391,11.9595,100,0
time
45.88,95.8371
soc
70,38
f1,f2,first_soc,front
112.618,11.7025,100,0
time
37.72,77.626
soc
75,62
f1,f2,first_soc,front
106.212,18.5372,100,0
time
45.88
soc
69
f1,f2,first_soc,front
110.252,13.9172,100,0
time
45.88
soc
77
f1,f2,first_soc,front
108.232,16.2272,100,0
time
45.88
soc
73
f1,f2,first_soc,front
104.697,20.2697,100,0
time
45.88
soc
66
f1,f2,first_soc,front
109.242,15.0722,100,0
time
45.88
soc
75
f1,f2,first_soc,front
108.737,15.6497,100,0
time
45.88
soc
74
f1,f2,first_soc,front
105.707,19.1147,100,0
time
45.88
soc
68
f1,f2,first_soc,front
104.697,20.2697,100,0
time
45.88
soc
66
f1,f2,first_soc,front
108.737,15.6497,100,0
time
45.88
soc
74
f1,f2,first_soc,front
104.52,20.4708,100,0
time
44.52
soc
68
f1,f2,first_soc,front
110.757,13.3397,100,0
time
45.88
soc
78
f1,f2,first_soc,front
106.717,17.9597,100,0
time
45.88
soc
70
f1,f2,first_soc,front
107.727,16.8047,100,0
time
45.88
soc
72
f1,f2,first_soc,front
106.212,18.5372,100,0
time
45.88
soc
69
f1,f2,first_soc,front
109.747,14.4947,100,0
time
45.88
soc
76
f1,f2,first_soc,front
112.553,11.7747,100,0
time
45.88,73.067
soc
68,76
f1,f2,first_soc,front
113.949,11.5601,100,0
time
44.52,61.274,91.8475
soc
47,70,52
f1,f2,first_soc,front
113.815,11.5624,100,0
time
36.36,77.7991
soc
75,62
f1,f2,first_soc,front
112.618,11.7025,100,0
time
37.72,77.626
soc
75,62
f1,f2,first_soc,front
113.815,11.5624,100,0
time
36.36,77.7991
soc
75,62
f1,f2,first_soc,front
104.697,20.2697,100,0
time
45.88
soc
66
f1,f2,first_soc,front
104.697,20.2697,100,0
time
45.88
soc
66
f1,f2,first_soc,front
104.697,20.2697,100,0
time
45.88
soc
66
f1,f2,first_soc,front
104.697,20.2697,100,0
time
45.88
soc
66
f1,f2,first_soc,front
104.697,20.2697,100,0
time
45.88
soc
66
f1,f2,first_soc,front
104.697,20.2697,100,0
time
45.88
soc
66
f1,f2,first_soc,front
104.015,21.0483,100,0
time
44.52
soc
67
f1,f2,first_soc,front
104.697,20.2697,100,0
time
45.88
soc
66
f1,f2,first_soc,front
104.697,20.2697,100,0
time
45.88
soc
66
f1,f2,first_soc,front
104.697,20.2697,100,0
time
45.88
soc
66
f1,f2,first_soc,front
104.697,20.2697,100,0
time
45.88
soc
66
f1,f2,first_soc,front
104.015,21.0483,100,0
time
44.52
soc
67
f1,f2,first_soc,front
104.697,20.2697,100,0
time
45.88
soc
66
f1,f2,first_soc,front
104.697,20.2697,100,0
time
45.88
soc
66
f1,f2,first_soc,front
104.697,20.2697,100,0
time
45.88
soc
66
f1,f2,first_soc,front
104.697,20.2697,100,0
time
45.88
soc
66
f1,f2,first_soc,front
104.697,20.2697,100,0
time
45.88
soc
66
f1,f2,first_soc,front
104.697,20.2697,100,0
time
45.88
soc
66
f1,f2,first_soc,front
104.697,20.2697,100,0
time
45.88
soc
66
f1,f2,first_soc,front
104.697,20.2697,100,0
time
45.88
soc
66
f1,f2,first_soc,front
104.697,20.2697,100,0
time
45.88
soc
66
f1,f2,first_soc,front
104.697,20.2697,100,0
time
45.88
soc
66
f1,f2,first_soc,front
104.697,20.2697,100,0
time
45.88
soc
66
f1,f2,first_soc,front
104.697,20.2697,100,0
time
45.88
soc
66
f1,f2,first_soc,front
104.697,20.2697,100,0
time
45.88
soc
66
f1,f2,first_soc,front
104.697,20.2697,100,0
time
45.88
soc
66
f1,f2,first_soc,front
104.697,20.2697,100,0
time
45.88
soc
66
f1,f2,first_soc,front
104.697,20.2697,100,0
time
45.88
soc
66
f1,f2,first_soc,front
104.697,20.2697,100,0
time
45.88
soc
66
f1,f2,first_soc,front
104.697,20.2697,100,0
time
45.88
soc
66
f1,f2,first_soc,front
104.697,20.2697,100,0
time
45.88
soc
66
f1,f2,first_soc,front
104.697,20.2697,100,0
time
45.88
soc
66
f1,f2,first_soc,front
104.697,20.2697,100,0
time
45.88
soc
66
f1,f2,first_soc,front
104.697,20.2697,100,0
time
45.88
soc
66
f1,f2,first_soc,front
104.697,20.2697,100,0
time
45.88
soc
66
f1,f2,first_soc,front
104.697,20.2697,100,0
time
45.88
soc
66
f1,f2,first_soc,front
104.697,20.2697,100,0
time
45.88
soc
66
f1,f2,first_soc,front
104.697,20.2697,100,0
time
45.88
soc
66
f1,f2,first_soc,front
104.697,20.2697,100,0
time
45.88
soc
66
f1,f2,first_soc,front
104.697,20.2697,100,0
time
45.88
soc
66
f1,f2,first_soc,front
104.697,20.2697,100,0
time
45.88
soc
66
f1,f2,first_soc,front
104.697,20.2697,100,0
time
45.88
soc
66
f1,f2,first_soc,front
104.697,20.2697,100,0
time
45.88
soc
66
f1,f2,first_soc,front
104.697,20.2697,100,0
time
45.88
soc
66
f1,f2,first_soc,front
104.697,20.2697,100,0
time
45.88
soc
66
f1,f2,first_soc,front
104.697,20.2697,100,0
time
45.88
soc
66
f1,f2,first_soc,front
104.697,20.2697,100,0
time
45.88
soc
66
f1,f2,first_soc,front
104.697,20.2697,100,0
time
45.88
soc
66
f1,f2,first_soc,front
104.697,20.2697,100,0
time
45.88
soc
66
f1,f2,first_soc,front
104.697,20.2697,100,0
time
45.88
soc
66
f1,f2,first_soc,front
104.697,20.2697,100,0
time
45.88
soc
66
f1,f2,first_soc,front
104.697,20.2697,100,0
time
45.88
soc
66
f1,f2,first_soc,front
104.697,20.2697,100,0
time
45.88
soc
66
f1,f2,first_soc,front
104.697,20.2697,100,0
time
45.88
soc
66
f1,f2,first_soc,front
104.697,20.2697,100,0
time
45.88
soc
66
f1,f2,first_soc,front
104.697,20.2697,100,0
time
45.88
soc
66
f1,f2,first_soc,front
104.015,21.0483,100,0
time
44.52
soc
67
f1,f2,first_soc,front
104.015,21.0483,100,0
time
44.52
soc
67
f1,f2,first_soc,front
104.015,21.0483,100,0
time
44.52
soc
67
f1,f2,first_soc,front
104.015,21.0483,100,0
time
44.52
soc
67
f1,f2,first_soc,front
104.015,21.0483,100,0
time
44.52
soc
67
f1,f2,first_soc,front
104.015,21.0483,100,0
time
44.52
soc
67
f1,f2,first_soc,front
104.015,21.0483,100,0
time
44.52
soc
67
f1,f2,first_soc,front
104.015,21.0483,100,0
time
44.52
soc
67
f1,f2,first_soc,front
104.015,21.0483,100,0
time
44.52
soc
67
f1,f2,first_soc,front
104.015,21.0483,100,0
time
44.52
soc
67
f1,f2,first_soc,front
104.015,21.0483,100,0
time
44.52
soc
67
f1,f2,first_soc,front
104.015,21.0483,100,0
time
44.52
soc
67
f1,f2,first_soc,front
104.015,21.0483,100,0
time
44.52
soc
67
f1,f2,first_soc,front
104.015,21.0483,100,0
time
44.52
soc
67
f1,f2,first_soc,front
104.015,21.0483,100,0
time
44.52
soc
67
f1,f2,first_soc,front
104.015,21.0483,100,0
time
44.52
soc
67
f1,f2,first_soc,front
104.015,21.0483,100,0
time
44.52
soc
67
f1,f2,first_soc,front
104.015,21.0483,100,0
time
44.52
soc
67
f1,f2,first_soc,front
104.015,21.0483,100,0
time
44.52
soc
67
f1,f2,first_soc,front
104.015,21.0483,100,0
time
44.52
soc
67
f1,f2,first_soc,front
104.015,21.0483,100,0
time
44.52
soc
67
f1,f2,first_soc,front
104.015,21.0483,100,0
time
44.52
soc
67
f1,f2,first_soc,front
104.015,21.0483,100,0
time
44.52
soc
67
f1,f2,first_soc,front
104.015,21.0483,100,0
time
44.52
soc
67
f1,f2,first_soc,front
104.015,21.0483,100,0
time
44.52
soc
67
f1,f2,first_soc,front
104.015,21.0483,100,0
time
44.52
soc
67
f1,f2,first_soc,front
104.015,21.0483,100,0
time
44.52
soc
67
f1,f2,first_soc,front
104.015,21.0483,100,0
time
44.52
soc
67
f1,f2,first_soc,front
104.015,21.0483,100,0
time
44.52
soc
67
f1,f2,first_soc,front
104.015,21.0483,100,0
time
44.52
soc
67
f1,f2,first_soc,front
104.015,21.0483,100,0
time
44.52
soc
67
f1,f2,first_soc,front
104.015,21.0483,100,0
time
44.52
soc
67
f1,f2,first_soc,front
104.015,21.0483,100,0
time
44.52
soc
67
f1,f2,first_soc,front
104.015,21.0483,100,0
time
44.52
soc
67
f1,f2,first_soc,front
104.015,21.0483,100,0
time
44.52
soc
67
f1,f2,first_soc,front
104.015,21.0483,100,0
time
44.52
soc
67
f1,f2,first_soc,front
104.697,20.2697,100,0
time
45.88
soc
66
f1,f2,first_soc,front
104.015,21.0483,100,0
time
44.52
soc
67
f1,f2,first_soc,front
104.015,21.0483,100,0
time
44.52
soc
67
f1,f2,first_soc,front
104.697,20.2697,100,0
time
45.88
soc
66
f1,f2,first_soc,front
104.697,20.2697,100,0
time
45.88
soc
66
f1,f2,first_soc,front
104.697,20.2697,100,0
time
45.88
soc
66
f1,f2,first_soc,front
104.697,20.2697,100,0
time
45.88
soc
66
f1,f2,first_soc,front
104.697,20.2697,100,0
time
45.88
soc
66
f1,f2,first_soc,front
104.697,20.2697,100,0
time
45.88
soc
66
f1,f2,first_soc,front
104.697,20.2697,100,0
time
45.88
soc
66
f1,f2,first_soc,front
104.697,20.2697,100,0
time
45.88
soc
66
f1,f2,first_soc,front
104.697,20.2697,100,0
time
45.88
soc
66
f1,f2,first_soc,front
104.697,20.2697,100,0
time
45.88
soc
66
f1,f2,first_soc,front
104.015,21.0483,100,0
time
44.52
soc
67
f1,f2,first_soc,front
104.697,20.2697,100,0
time
45.88
soc
66
f1,f2,first_soc,front
104.015,21.0483,100,0
time
44.52
soc
67
f1,f2,first_soc,front
104.697,20.2697,100,0
time
45.88
soc
66
第36世代
f1,f2,first_soc,front
104.015,21.0483,100,0
time
44.52
soc
67
f1,f2,first_soc,front
104.015,21.0483,100,0
time
44.52
soc
67
f1,f2,first_soc,front
113.949,11.5601,100,0
time
44.52,60.769,91.8475
soc
46,70,52
f1,f2,first_soc,front
111.768,12.1847,100,0
time
45.88
soc
80
f1,f2,first_soc,front
106.717,17.9597,100,0
time
45.88
soc
70
f1,f2,first_soc,front
111.263,12.7622,100,0
time
45.88
soc
79
f1,f2,first_soc,front
112.896,11.563,100,0
time
45.88,95.8371
soc
70,39
f1,f2,first_soc,front
107.222,17.3822,100,0
time
45.88
soc
71
f1,f2,first_soc,front
113.815,11.5624,100,0
time
36.36,77.7991
soc
75,62
f1,f2,first_soc,front
112.391,11.9595,100,0
time
45.88,95.8371
soc
70,38
f1,f2,first_soc,front
107.727,16.8047,100,0
time
45.88
soc
72
f1,f2,first_soc,front
109.066,15.2734,100,0
time
44.52
soc
77
f1,f2,first_soc,front
105.53,19.3158,100,0
time
44.52
soc
70
f1,f2,first_soc,front
105.025,19.8933,100,0
time
44.52
soc
69
f1,f2,first_soc,front
110.581,13.5409,100,0
time
44.52
soc
80
f1,f2,first_soc,front
110.076,14.1184,100,0
time
44.52
soc
79
f1,f2,first_soc,front
109.571,14.6959,100,0
time
44.52
soc
78
f1,f2,first_soc,front
106.035,18.7383,100,0
time
44.52
soc
71
f1,f2,first_soc,front
106.212,18.5372,100,0
time
45.88
soc
69
f1,f2,first_soc,front
108.561,15.8509,100,0
time
44.52
soc
76
f1,f2,first_soc,front
110.757,13.3397,100,0
time
45.88
soc
78
f1,f2,first_soc,front
104.52,20.4708,100,0
time
44.52
soc
68
f1,f2,first_soc,front
104.015,21.0483,100,0
time
44.52
soc
67
f1,f2,first_soc,front
104.52,20.4708,100,0
time
44.52
soc
68
f1,f2,first_soc,front
110.757,13.3397,100,0
time
45.88
soc
78
f1,f2,first_soc,front
111.263,12.7622,100,0
time
45.88
soc
79
f1,f2,first_soc,front
105.202,19.6922,100,0
time
45.88
soc
67
f1,f2,first_soc,front
108.055,16.4284,100,0
time
44.52
soc
75
f1,f2,first_soc,front
107.55,17.0059,100,0
time
44.52
soc
74
f1,f2,first_soc,front
108.232,16.2272,100,0
time
45.88
soc
73
f1,f2,first_soc,front
106.54,18.1609,100,0
time
44.52
soc
72
f1,f2,first_soc,front
110.252,13.9172,100,0
time
45.88
soc
77
f1,f2,first_soc,front
108.737,15.6497,100,0
time
45.88
soc
74
f1,f2,first_soc,front
109.747,14.4947,100,0
time
45.88
soc
76
f1,f2,first_soc,front
109.242,15.0722,100,0
time
45.88
soc
75
f1,f2,first_soc,front
105.202,19.6922,100,0
time
45.88
soc
67
f1,f2,first_soc,front
107.222,17.3822,100,0
time
45.88
soc
71
f1,f2,first_soc,front
111.768,12.1847,100,0
time
45.88
soc
80
f1,f2,first_soc,front
104.015,21.0483,100,0
time
44.52
soc
67
f1,f2,first_soc,front
111.263,12.7622,100,0
time
45.88
soc
79
f1,f2,first_soc,front
112.618,11.7025,100,0
time
37.72,77.626
soc
75,62
f1,f2,first_soc,front
108.737,15.6497,100,0
time
45.88
soc
74
f1,f2,first_soc,front
104.697,20.2697,100,0
time
45.88
soc
66
f1,f2,first_soc,front
109.242,15.0722,100,0
time
45.88
soc
75
f1,f2,first_soc,front
109.747,14.4947,100,0
time
45.88
soc
76
f1,f2,first_soc,front
110.252,13.9172,100,0
time
45.88
soc
77
f1,f2,first_soc,front
105.707,19.1147,100,0
time
45.88
soc
68
f1,f2,first_soc,front
107.222,17.3822,100,0
time
45.88
soc
71
f1,f2,first_soc,front
106.035,18.7383,100,0
time
44.52
soc
71
f1,f2,first_soc,front
106.212,18.5372,100,0
time
45.88
soc
69
f1,f2,first_soc,front
108.561,15.8509,100,0
time
44.52
soc
76
f1,f2,first_soc,front
105.707,19.1147,100,0
time
45.88
soc
68
f1,f2,first_soc,front
110.581,13.5409,100,0
time
44.52
soc
80
f1,f2,first_soc,front
105.53,19.3158,100,0
time
44.52
soc
70
f1,f2,first_soc,front
110.076,14.1184,100,0
time
44.52
soc
79
f1,f2,first_soc,front
109.571,14.6959,100,0
time
44.52
soc
78
f1,f2,first_soc,front
106.717,17.9597,100,0
time
45.88
soc
70
f1,f2,first_soc,front
109.066,15.2734,100,0
time
44.52
soc
77
f1,f2,first_soc,front
105.025,19.8933,100,0
time
44.52
soc
69
f1,f2,first_soc,front
112.391,11.9595,100,0
time
45.88,95.8371
soc
70,38
f1,f2,first_soc,front
108.232,16.2272,100,0
time
45.88
soc
73
f1,f2,first_soc,front
108.055,16.4284,100,0
time
44.52
soc
75
f1,f2,first_soc,front
105.707,19.1147,100,0
time
45.88
soc
68
f1,f2,first_soc,front
106.54,18.1609,100,0
time
44.52
soc
72
f1,f2,first_soc,front
107.55,17.0059,100,0
time
44.52
soc
74
f1,f2,first_soc,front
104.697,20.2697,100,0
time
45.88
soc
66
f1,f2,first_soc,front
112.896,11.563,100,0
time
45.88,95.8371
soc
70,39
f1,f2,first_soc,front
111.768,12.1847,100,0
time
45.88
soc
80
f1,f2,first_soc,front
104.697,20.2697,100,0
time
45.88
soc
66
f1,f2,first_soc,front
108.232,16.2272,100,0
time
45.88
soc
73
f1,f2,first_soc,front
108.055,16.4284,100,0
time
44.52
soc
75
f1,f2,first_soc,front
107.727,16.8047,100,0
time
45.88
soc
72
f1,f2,first_soc,front
107.55,17.0059,100,0
time
44.52
soc
74
f1,f2,first_soc,front
106.54,18.1609,100,0
time
44.52
soc
72
f1,f2,first_soc,front
112.553,11.7747,100,0
time
45.88,73.067
soc
68,76
f1,f2,first_soc,front
109.747,14.4947,100,0
time
45.88
soc
76
f1,f2,first_soc,front
107.727,16.8047,100,0
time
45.88
soc
72
f1,f2,first_soc,front
108.737,15.6497,100,0
time
45.88
soc
74
f1,f2,first_soc,front
104.52,20.4708,100,0
time
44.52
soc
68
f1,f2,first_soc,front
109.242,15.0722,100,0
time
45.88
soc
75
f1,f2,first_soc,front
110.252,13.9172,100,0
time
45.88
soc
77
f1,f2,first_soc,front
110.757,13.3397,100,0
time
45.88
soc
78
f1,f2,first_soc,front
104.697,20.2697,100,0
time
45.88
soc
66
f1,f2,first_soc,front
112.553,11.7747,100,0
time
45.88,73.067
soc
68,76
f1,f2,first_soc,front
112.618,11.7025,100,0
time
37.72,77.626
soc
75,62
f1,f2,first_soc,front
112.553,11.7747,100,0
time
45.88,73.067
soc
68,76
f1,f2,first_soc,front
113.949,11.5601,100,0
time
44.52,61.274,91.8475
soc
47,70,52
f1,f2,first_soc,front
113.815,11.5624,100,0
time
36.36,77.7991
soc
75,62
f1,f2,first_soc,front
112.896,11.563,100,0
time
45.88,95.8371
soc
70,39
f1,f2,first_soc,front
104.697,20.2697,100,0
time
45.88
soc
66
f1,f2,first_soc,front
104.697,20.2697,100,0
time
45.88
soc
66
f1,f2,first_soc,front
104.697,20.2697,100,0
time
45.88
soc
66
f1,f2,first_soc,front
104.697,20.2697,100,0
time
45.88
soc
66
f1,f2,first_soc,front
104.697,20.2697,100,0
time
45.88
soc
66
f1,f2,first_soc,front
104.697,20.2697,100,0
time
45.88
soc
66
f1,f2,first_soc,front
104.697,20.2697,100,0
time
45.88
soc
66
f1,f2,first_soc,front
104.697,20.2697,100,0
time
45.88
soc
66
f1,f2,first_soc,front
104.697,20.2697,100,0
time
45.88
soc
66
f1,f2,first_soc,front
104.697,20.2697,100,0
time
45.88
soc
66
f1,f2,first_soc,front
104.697,20.2697,100,0
time
45.88
soc
66
f1,f2,first_soc,front
104.697,20.2697,100,0
time
45.88
soc
66
f1,f2,first_soc,front
104.697,20.2697,100,0
time
45.88
soc
66
f1,f2,first_soc,front
104.697,20.2697,100,0
time
45.88
soc
66
f1,f2,first_soc,front
104.697,20.2697,100,0
time
45.88
soc
66
f1,f2,first_soc,front
104.697,20.2697,100,0
time
45.88
soc
66
f1,f2,first_soc,front
104.697,20.2697,100,0
time
45.88
soc
66
f1,f2,first_soc,front
104.697,20.2697,100,0
time
45.88
soc
66
f1,f2,first_soc,front
104.697,20.2697,100,0
time
45.88
soc
66
f1,f2,first_soc,front
104.697,20.2697,100,0
time
45.88
soc
66
f1,f2,first_soc,front
104.697,20.2697,100,0
time
45.88
soc
66
f1,f2,first_soc,front
104.697,20.2697,100,0
time
45.88
soc
66
f1,f2,first_soc,front
104.697,20.2697,100,0
time
45.88
soc
66
f1,f2,first_soc,front
104.697,20.2697,100,0
time
45.88
soc
66
f1,f2,first_soc,front
104.697,20.2697,100,0
time
45.88
soc
66
f1,f2,first_soc,front
104.697,20.2697,100,0
time
45.88
soc
66
f1,f2,first_soc,front
104.697,20.2697,100,0
time
45.88
soc
66
f1,f2,first_soc,front
104.697,20.2697,100,0
time
45.88
soc
66
f1,f2,first_soc,front
104.697,20.2697,100,0
time
45.88
soc
66
f1,f2,first_soc,front
104.697,20.2697,100,0
time
45.88
soc
66
f1,f2,first_soc,front
104.697,20.2697,100,0
time
45.88
soc
66
f1,f2,first_soc,front
104.697,20.2697,100,0
time
45.88
soc
66
f1,f2,first_soc,front
104.697,20.2697,100,0
time
45.88
soc
66
f1,f2,first_soc,front
104.697,20.2697,100,0
time
45.88
soc
66
f1,f2,first_soc,front
104.697,20.2697,100,0
time
45.88
soc
66
f1,f2,first_soc,front
104.697,20.2697,100,0
time
45.88
soc
66
f1,f2,first_soc,front
104.697,20.2697,100,0
time
45.88
soc
66
f1,f2,first_soc,front
104.697,20.2697,100,0
time
45.88
soc
66
f1,f2,first_soc,front
104.697,20.2697,100,0
time
45.88
soc
66
f1,f2,first_soc,front
104.697,20.2697,100,0
time
45.88
soc
66
f1,f2,first_soc,front
104.697,20.2697,100,0
time
45.88
soc
66
f1,f2,first_soc,front
104.697,20.2697,100,0
time
45.88
soc
66
f1,f2,first_soc,front
104.697,20.2697,100,0
time
45.88
soc
66
f1,f2,first_soc,front
104.697,20.2697,100,0
time
45.88
soc
66
f1,f2,first_soc,front
104.697,20.2697,100,0
time
45.88
soc
66
f1,f2,first_soc,front
104.697,20.2697,100,0
time
45.88
soc
66
f1,f2,first_soc,front
104.697,20.2697,100,0
time
45.88
soc
66
f1,f2,first_soc,front
104.697,20.2697,100,0
time
45.88
soc
66
f1,f2,first_soc,front
104.697,20.2697,100,0
time
45.88
soc
66
f1,f2,first_soc,front
104.697,20.2697,100,0
time
45.88
soc
66
f1,f2,first_soc,front
104.697,20.2697,100,0
time
45.88
soc
66
f1,f2,first_soc,front
104.697,20.2697,100,0
time
45.88
soc
66
f1,f2,first_soc,front
104.697,20.2697,100,0
time
45.88
soc
66
f1,f2,first_soc,front
104.697,20.2697,100,0
time
45.88
soc
66
f1,f2,first_soc,front
104.697,20.2697,100,0
time
45.88
soc
66
f1,f2,first_soc,front
104.697,20.2697,100,0
time
45.88
soc
66
f1,f2,first_soc,front
104.697,20.2697,100,0
time
45.88
soc
66
f1,f2,first_soc,front
104.697,20.2697,100,0
time
45.88
soc
66
f1,f2,first_soc,front
104.697,20.2697,100,0
time
45.88
soc
66
f1,f2,first_soc,front
104.697,20.2697,100,0
time
45.88
soc
66
f1,f2,first_soc,front
104.015,21.0483,100,0
time
44.52
soc
67
f1,f2,first_soc,front
104.015,21.0483,100,0
time
44.52
soc
67
f1,f2,first_soc,front
104.015,21.0483,100,0
time
44.52
soc
67
f1,f2,first_soc,front
104.015,21.0483,100,0
time
44.52
soc
67
f1,f2,first_soc,front
104.015,21.0483,100,0
time
44.52
soc
67
f1,f2,first_soc,front
104.015,21.0483,100,0
time
44.52
soc
67
f1,f2,first_soc,front
104.015,21.0483,100,0
time
44.52
soc
67
f1,f2,first_soc,front
104.015,21.0483,100,0
time
44.52
soc
67
f1,f2,first_soc,front
104.015,21.0483,100,0
time
44.52
soc
67
f1,f2,first_soc,front
104.015,21.0483,100,0
time
44.52
soc
67
f1,f2,first_soc,front
104.015,21.0483,100,0
time
44.52
soc
67
f1,f2,first_soc,front
104.015,21.0483,100,0
time
44.52
soc
67
f1,f2,first_soc,front
104.015,21.0483,100,0
time
44.52
soc
67
f1,f2,first_soc,front
104.015,21.0483,100,0
time
44.52
soc
67
f1,f2,first_soc,front
104.015,21.0483,100,0
time
44.52
soc
67
f1,f2,first_soc,front
104.015,21.0483,100,0
time
44.52
soc
67
f1,f2,first_soc,front
104.015,21.0483,100,0
time
44.52
soc
67
f1,f2,first_soc,front
104.015,21.0483,100,0
time
44.52
soc
67
f1,f2,first_soc,front
104.015,21.0483,100,0
time
44.52
soc
67
f1,f2,first_soc,front
113.949,11.5601,100,0
time
44.52,61.274,91.8475
soc
47,70,52
f1,f2,first_soc,front
104.015,21.0483,100,0
time
44.52
soc
67
f1,f2,first_soc,front
104.015,21.0483,100,0
time
44.52
soc
67
f1,f2,first_soc,front
104.015,21.0483,100,0
time
44.52
soc
67
f1,f2,first_soc,front
104.015,21.0483,100,0
time
44.52
soc
67
f1,f2,first_soc,front
104.015,21.0483,100,0
time
44.52
soc
67
f1,f2,first_soc,front
104.015,21.0483,100,0
time
44.52
soc
67
f1,f2,first_soc,front
104.015,21.0483,100,0
time
44.52
soc
67
f1,f2,first_soc,front
104.015,21.0483,100,0
time
44.52
soc
67
f1,f2,first_soc,front
104.015,21.0483,100,0
time
44.52
soc
67
f1,f2,first_soc,front
104.015,21.0483,100,0
time
44.52
soc
67
f1,f2,first_soc,front
104.015,21.0483,100,0
time
44.52
soc
67
f1,f2,first_soc,front
104.015,21.0483,100,0
time
44.52
soc
67
f1,f2,first_soc,front
104.015,21.0483,100,0
time
44.52
soc
67
f1,f2,first_soc,front
104.015,21.0483,100,0
time
44.52
soc
67
f1,f2,first_soc,front
104.015,21.0483,100,0
time
44.52
soc
67
f1,f2,first_soc,front
104.697,20.2697,100,0
time
45.88
soc
66
f1,f2,first_soc,front
104.52,20.4708,100,0
time
44.52
soc
68
f1,f2,first_soc,front
113.815,11.5624,100,0
time
36.36,77.7991
soc
75,62
f1,f2,first_soc,front
104.697,20.2697,100,0
time
45.88
soc
66
f1,f2,first_soc,front
104.697,20.2697,100,0
time
45.88
soc
66
f1,f2,first_soc,front
104.697,20.2697,100,0
time
45.88
soc
66
f1,f2,first_soc,front
104.697,20.2697,100,0
time
45.88
soc
66
f1,f2,first_soc,front
104.697,20.2697,100,0
time
45.88
soc
66
f1,f2,first_soc,front
104.697,20.2697,100,0
time
45.88
soc
66
f1,f2,first_soc,front
104.52,20.4708,100,0
time
44.52
soc
68
f1,f2,first_soc,front
104.697,20.2697,100,0
time
45.88
soc
66
f1,f2,first_soc,front
104.697,20.2697,100,0
time
45.88
soc
66
f1,f2,first_soc,front
104.697,20.2697,100,0
time
45.88
soc
66
f1,f2,first_soc,front
104.697,20.2697,100,0
time
45.88
soc
66
f1,f2,first_soc,front
104.697,20.2697,100,0
time
45.88
soc
66
f1,f2,first_soc,front
104.697,20.2697,100,0
time
45.88
soc
66
第37世代
f1,f2,first_soc,front
104.015,21.0483,100,0
time
44.52
soc
67
f1,f2,first_soc,front
113.949,11.5601,100,0
time
44.52,60.769,91.8475
soc
46,70,52
f1,f2,first_soc,front
104.015,21.0483,100,0
time
44.52
soc
67
f1,f2,first_soc,front
111.768,12.1847,100,0
time
45.88
soc
80
f1,f2,first_soc,front
106.717,17.9597,100,0
time
45.88
soc
70
f1,f2,first_soc,front
107.222,17.3822,100,0
time
45.88
soc
71
f1,f2,first_soc,front
111.263,12.7622,100,0
time
45.88
soc
79
f1,f2,first_soc,front
112.896,11.563,100,0
time
45.88,95.8371
soc
70,39
f1,f2,first_soc,front
113.815,11.5624,100,0
time
36.36,77.7991
soc
75,62
f1,f2,first_soc,front
112.391,11.9595,100,0
time
45.88,95.8371
soc
70,38
f1,f2,first_soc,front
110.757,13.3397,100,0
time
45.88
soc
78
f1,f2,first_soc,front
108.055,16.4284,100,0
time
44.52
soc
75
f1,f2,first_soc,front
105.025,19.8933,100,0
time
44.52
soc
69
f1,f2,first_soc,front
105.53,19.3158,100,0
time
44.52
soc
70
f1,f2,first_soc,front
107.727,16.8047,100,0
time
45.88
soc
72
f1,f2,first_soc,front
109.066,15.2734,100,0
time
44.52
soc
77
f1,f2,first_soc,front
110.581,13.5409,100,0
time
44.52
soc
80
f1,f2,first_soc,front
109.571,14.6959,100,0
time
44.52
soc
78
f1,f2,first_soc,front
110.076,14.1184,100,0
time
44.52
soc
79
f1,f2,first_soc,front
106.212,18.5372,100,0
time
45.88
soc
69
f1,f2,first_soc,front
107.222,17.3822,100,0
time
45.88
soc
71
f1,f2,first_soc,front
105.707,19.1147,100,0
time
45.88
soc
68
f1,f2,first_soc,front
108.561,15.8509,100,0
time
44.52
soc
76
f1,f2,first_soc,front
110.757,13.3397,100,0
time
45.88
soc
78
f1,f2,first_soc,front
104.52,20.4708,100,0
time
44.52
soc
68
f1,f2,first_soc,front
104.015,21.0483,100,0
time
44.52
soc
67
f1,f2,first_soc,front
111.263,12.7622,100,0
time
45.88
soc
79
f1,f2,first_soc,front
106.035,18.7383,100,0
time
44.52
soc
71
f1,f2,first_soc,front
108.737,15.6497,100,0
time
45.88
soc
74
f1,f2,first_soc,front
109.747,14.4947,100,0
time
45.88
soc
76
f1,f2,first_soc,front
109.242,15.0722,100,0
time
45.88
soc
75
f1,f2,first_soc,front
111.768,12.1847,100,0
time
45.88
soc
80
f1,f2,first_soc,front
111.263,12.7622,100,0
time
45.88
soc
79
f1,f2,first_soc,front
104.015,21.0483,100,0
time
44.52
soc
67
f1,f2,first_soc,front
104.52,20.4708,100,0
time
44.52
soc
68
f1,f2,first_soc,front
112.618,11.7025,100,0
time
37.72,77.626
soc
75,62
f1,f2,first_soc,front
104.697,20.2697,100,0
time
45.88
soc
66
f1,f2,first_soc,front
108.737,15.6497,100,0
time
45.88
soc
74
f1,f2,first_soc,front
105.202,19.6922,100,0
time
45.88
soc
67
f1,f2,first_soc,front
109.242,15.0722,100,0
time
45.88
soc
75
f1,f2,first_soc,front
110.252,13.9172,100,0
time
45.88
soc
77
f1,f2,first_soc,front
109.747,14.4947,100,0
time
45.88
soc
76
f1,f2,first_soc,front
108.232,16.2272,100,0
time
45.88
soc
73
f1,f2,first_soc,front
106.54,18.1609,100,0
time
44.52
soc
72
f1,f2,first_soc,front
107.55,17.0059,100,0
time
44.52
soc
74
f1,f2,first_soc,front
106.212,18.5372,100,0
time
45.88
soc
69
f1,f2,first_soc,front
110.076,14.1184,100,0
time
44.52
soc
79
f1,f2,first_soc,front
109.066,15.2734,100,0
time
44.52
soc
77
f1,f2,first_soc,front
104.52,20.4708,100,0
time
44.52
soc
68
f1,f2,first_soc,front
106.717,17.9597,100,0
time
45.88
soc
70
f1,f2,first_soc,front
109.571,14.6959,100,0
time
44.52
soc
78
f1,f2,first_soc,front
107.55,17.0059,100,0
time
44.52
soc
74
f1,f2,first_soc,front
105.53,19.3158,100,0
time
44.52
soc
70
f1,f2,first_soc,front
105.707,19.1147,100,0
time
45.88
soc
68
f1,f2,first_soc,front
108.561,15.8509,100,0
time
44.52
soc
76
f1,f2,first_soc,front
108.055,16.4284,100,0
time
44.52
soc
75
f1,f2,first_soc,front
110.581,13.5409,100,0
time
44.52
soc
80
f1,f2,first_soc,front
105.025,19.8933,100,0
time
44.52
soc
69
f1,f2,first_soc,front
105.202,19.6922,100,0
time
45.88
soc
67
f1,f2,first_soc,front
112.391,11.9595,100,0
time
45.88,95.8371
soc
70,38
f1,f2,first_soc,front
106.035,18.7383,100,0
time
44.52
soc
71
f1,f2,first_soc,front
104.697,20.2697,100,0
time
45.88
soc
66
f1,f2,first_soc,front
108.232,16.2272,100,0
time
45.88
soc
73
f1,f2,first_soc,front
105.202,19.6922,100,0
time
45.88
soc
67
f1,f2,first_soc,front
110.252,13.9172,100,0
time
45.88
soc
77
f1,f2,first_soc,front
106.54,18.1609,100,0
time
44.52
soc
72
f1,f2,first_soc,front
107.55,17.0059,100,0
time
44.52
soc
74
f1,f2,first_soc,front
112.896,11.563,100,0
time
45.88,95.8371
soc
70,39
f1,f2,first_soc,front
111.768,12.1847,100,0
time
45.88
soc
80
f1,f2,first_soc,front
106.035,18.7383,100,0
time
44.52
soc
71
f1,f2,first_soc,front
104.697,20.2697,100,0
time
45.88
soc
66
f1,f2,first_soc,front
110.252,13.9172,100,0
time
45.88
soc
77
f1,f2,first_soc,front
107.727,16.8047,100,0
time
45.88
soc
72
f1,f2,first_soc,front
106.54,18.1609,100,0
time
44.52
soc
72
f1,f2,first_soc,front
108.232,16.2272,100,0
time
45.88
soc
73
f1,f2,first_soc,front
112.553,11.7747,100,0
time
45.88,73.067
soc
68,76
f1,f2,first_soc,front
107.727,16.8047,100,0
time
45.88
soc
72
f1,f2,first_soc,front
108.232,16.2272,100,0
time
45.88
soc
73
f1,f2,first_soc,front
108.737,15.6497,100,0
time
45.88
soc
74
f1,f2,first_soc,front
109.242,15.0722,100,0
time
45.88
soc
75
f1,f2,first_soc,front
110.252,13.9172,100,0
time
45.88
soc
77
f1,f2,first_soc,front
104.697,20.2697,100,0
time
45.88
soc
66
f1,f2,first_soc,front
106.54,18.1609,100,0
time
44.52
soc
72
f1,f2,first_soc,front
109.747,14.4947,100,0
time
45.88
soc
76
f1,f2,first_soc,front
112.553,11.7747,100,0
time
45.88,73.067
soc
68,76
f1,f2,first_soc,front
112.553,11.7747,100,0
time
45.88,73.067
soc
68,76
f1,f2,first_soc,front
112.618,11.7025,100,0
time
37.72,77.626
soc
75,62
f1,f2,first_soc,front
113.949,11.5601,100,0
time
44.52,61.274,91.8475
soc
47,70,52
f1,f2,first_soc,front
113.815,11.5624,100,0
time
36.36,77.7991
soc
75,62
f1,f2,first_soc,front
112.896,11.563,100,0
time
45.88,95.8371
soc
70,39
f1,f2,first_soc,front
104.697,20.2697,100,0
time
45.88
soc
66
f1,f2,first_soc,front
105.202,19.6922,100,0
time
45.88
soc
67
f1,f2,first_soc,front
104.697,20.2697,100,0
time
45.88
soc
66
f1,f2,first_soc,front
104.697,20.2697,100,0
time
45.88
soc
66
f1,f2,first_soc,front
104.697,20.2697,100,0
time
45.88
soc
66
f1,f2,first_soc,front
104.697,20.2697,100,0
time
45.88
soc
66
f1,f2,first_soc,front
104.697,20.2697,100,0
time
45.88
soc
66
f1,f2,first_soc,front
104.697,20.2697,100,0
time
45.88
soc
66
f1,f2,first_soc,front
104.697,20.2697,100,0
time
45.88
soc
66
f1,f2,first_soc,front
104.697,20.2697,100,0
time
45.88
soc
66
f1,f2,first_soc,front
104.697,20.2697,100,0
time
45.88
soc
66
f1,f2,first_soc,front
104.697,20.2697,100,0
time
45.88
soc
66
f1,f2,first_soc,front
104.697,20.2697,100,0
time
45.88
soc
66
f1,f2,first_soc,front
104.697,20.2697,100,0
time
45.88
soc
66
f1,f2,first_soc,front
104.697,20.2697,100,0
time
45.88
soc
66
f1,f2,first_soc,front
104.697,20.2697,100,0
time
45.88
soc
66
f1,f2,first_soc,front
104.697,20.2697,100,0
time
45.88
soc
66
f1,f2,first_soc,front
104.697,20.2697,100,0
time
45.88
soc
66
f1,f2,first_soc,front
104.697,20.2697,100,0
time
45.88
soc
66
f1,f2,first_soc,front
104.697,20.2697,100,0
time
45.88
soc
66
f1,f2,first_soc,front
104.697,20.2697,100,0
time
45.88
soc
66
f1,f2,first_soc,front
104.697,20.2697,100,0
time
45.88
soc
66
f1,f2,first_soc,front
104.697,20.2697,100,0
time
45.88
soc
66
f1,f2,first_soc,front
104.697,20.2697,100,0
time
45.88
soc
66
f1,f2,first_soc,front
104.697,20.2697,100,0
time
45.88
soc
66
f1,f2,first_soc,front
104.697,20.2697,100,0
time
45.88
soc
66
f1,f2,first_soc,front
104.697,20.2697,100,0
time
45.88
soc
66
f1,f2,first_soc,front
104.697,20.2697,100,0
time
45.88
soc
66
f1,f2,first_soc,front
104.697,20.2697,100,0
time
45.88
soc
66
f1,f2,first_soc,front
104.697,20.2697,100,0
time
45.88
soc
66
f1,f2,first_soc,front
104.697,20.2697,100,0
time
45.88
soc
66
f1,f2,first_soc,front
104.697,20.2697,100,0
time
45.88
soc
66
f1,f2,first_soc,front
104.697,20.2697,100,0
time
45.88
soc
66
f1,f2,first_soc,front
104.697,20.2697,100,0
time
45.88
soc
66
f1,f2,first_soc,front
104.697,20.2697,100,0
time
45.88
soc
66
f1,f2,first_soc,front
104.697,20.2697,100,0
time
45.88
soc
66
f1,f2,first_soc,front
104.697,20.2697,100,0
time
45.88
soc
66
f1,f2,first_soc,front
104.697,20.2697,100,0
time
45.88
soc
66
f1,f2,first_soc,front
104.697,20.2697,100,0
time
45.88
soc
66
f1,f2,first_soc,front
104.697,20.2697,100,0
time
45.88
soc
66
f1,f2,first_soc,front
104.697,20.2697,100,0
time
45.88
soc
66
f1,f2,first_soc,front
104.697,20.2697,100,0
time
45.88
soc
66
f1,f2,first_soc,front
104.697,20.2697,100,0
time
45.88
soc
66
f1,f2,first_soc,front
104.697,20.2697,100,0
time
45.88
soc
66
f1,f2,first_soc,front
104.697,20.2697,100,0
time
45.88
soc
66
f1,f2,first_soc,front
104.697,20.2697,100,0
time
45.88
soc
66
f1,f2,first_soc,front
104.697,20.2697,100,0
time
45.88
soc
66
f1,f2,first_soc,front
104.697,20.2697,100,0
time
45.88
soc
66
f1,f2,first_soc,front
104.697,20.2697,100,0
time
45.88
soc
66
f1,f2,first_soc,front
104.697,20.2697,100,0
time
45.88
soc
66
f1,f2,first_soc,front
104.697,20.2697,100,0
time
45.88
soc
66
f1,f2,first_soc,front
104.697,20.2697,100,0
time
45.88
soc
66
f1,f2,first_soc,front
104.697,20.2697,100,0
time
45.88
soc
66
f1,f2,first_soc,front
104.015,21.0483,100,0
time
44.52
soc
67
f1,f2,first_soc,front
104.015,21.0483,100,0
time
44.52
soc
67
f1,f2,first_soc,front
104.015,21.0483,100,0
time
44.52
soc
67
f1,f2,first_soc,front
104.015,21.0483,100,0
time
44.52
soc
67
f1,f2,first_soc,front
104.015,21.0483,100,0
time
44.52
soc
67
f1,f2,first_soc,front
104.015,21.0483,100,0
time
44.52
soc
67
f1,f2,first_soc,front
104.015,21.0483,100,0
time
44.52
soc
67
f1,f2,first_soc,front
104.015,21.0483,100,0
time
44.52
soc
67
f1,f2,first_soc,front
104.015,21.0483,100,0
time
44.52
soc
67
f1,f2,first_soc,front
104.015,21.0483,100,0
time
44.52
soc
67
f1,f2,first_soc,front
104.015,21.0483,100,0
time
44.52
soc
67
f1,f2,first_soc,front
104.015,21.0483,100,0
time
44.52
soc
67
f1,f2,first_soc,front
104.015,21.0483,100,0
time
44.52
soc
67
f1,f2,first_soc,front
104.015,21.0483,100,0
time
44.52
soc
67
f1,f2,first_soc,front
104.015,21.0483,100,0
time
44.52
soc
67
f1,f2,first_soc,front
104.015,21.0483,100,0
time
44.52
soc
67
f1,f2,first_soc,front
104.015,21.0483,100,0
time
44.52
soc
67
f1,f2,first_soc,front
104.015,21.0483,100,0
time
44.52
soc
67
f1,f2,first_soc,front
104.015,21.0483,100,0
time
44.52
soc
67
f1,f2,first_soc,front
104.015,21.0483,100,0
time
44.52
soc
67
f1,f2,first_soc,front
104.015,21.0483,100,0
time
44.52
soc
67
f1,f2,first_soc,front
104.015,21.0483,100,0
time
44.52
soc
67
f1,f2,first_soc,front
104.015,21.0483,100,0
time
44.52
soc
67
f1,f2,first_soc,front
104.015,21.0483,100,0
time
44.52
soc
67
f1,f2,first_soc,front
104.015,21.0483,100,0
time
44.52
soc
67
f1,f2,first_soc,front
104.015,21.0483,100,0
time
44.52
soc
67
f1,f2,first_soc,front
104.015,21.0483,100,0
time
44.52
soc
67
f1,f2,first_soc,front
104.015,21.0483,100,0
time
44.52
soc
67
f1,f2,first_soc,front
104.015,21.0483,100,0
time
44.52
soc
67
f1,f2,first_soc,front
104.015,21.0483,100,0
time
44.52
soc
67
f1,f2,first_soc,front
104.015,21.0483,100,0
time
44.52
soc
67
f1,f2,first_soc,front
104.015,21.0483,100,0
time
44.52
soc
67
f1,f2,first_soc,front
104.015,21.0483,100,0
time
44.52
soc
67
f1,f2,first_soc,front
104.015,21.0483,100,0
time
44.52
soc
67
f1,f2,first_soc,front
104.015,21.0483,100,0
time
44.52
soc
67
f1,f2,first_soc,front
104.015,21.0483,100,0
time
44.52
soc
67
f1,f2,first_soc,front
104.015,21.0483,100,0
time
44.52
soc
67
f1,f2,first_soc,front
104.697,20.2697,100,0
time
45.88
soc
66
f1,f2,first_soc,front
104.697,20.2697,100,0
time
45.88
soc
66
f1,f2,first_soc,front
104.697,20.2697,100,0
time
45.88
soc
66
f1,f2,first_soc,front
104.697,20.2697,100,0
time
45.88
soc
66
f1,f2,first_soc,front
104.697,20.2697,100,0
time
45.88
soc
66
f1,f2,first_soc,front
104.697,20.2697,100,0
time
45.88
soc
66
f1,f2,first_soc,front
104.697,20.2697,100,0
time
45.88
soc
66
f1,f2,first_soc,front
104.697,20.2697,100,0
time
45.88
soc
66
f1,f2,first_soc,front
104.697,20.2697,100,0
time
45.88
soc
66
f1,f2,first_soc,front
104.697,20.2697,100,0
time
45.88
soc
66
f1,f2,first_soc,front
104.697,20.2697,100,0
time
45.88
soc
66
f1,f2,first_soc,front
104.697,20.2697,100,0
time
45.88
soc
66
f1,f2,first_soc,front
104.697,20.2697,100,0
time
45.88
soc
66
f1,f2,first_soc,front
104.697,20.2697,100,0
time
45.88
soc
66
f1,f2,first_soc,front
104.697,20.2697,100,0
time
45.88
soc
66
f1,f2,first_soc,front
104.697,20.2697,100,0
time
45.88
soc
66
f1,f2,first_soc,front
104.697,20.2697,100,0
time
45.88
soc
66
f1,f2,first_soc,front
104.697,20.2697,100,0
time
45.88
soc
66
f1,f2,first_soc,front
104.697,20.2697,100,0
time
45.88
soc
66
f1,f2,first_soc,front
104.52,20.4708,100,0
time
44.52
soc
68
第38世代
f1,f2,first_soc,front
113.949,11.5601,100,0
time
44.52,60.769,91.8475
soc
46,70,52
f1,f2,first_soc,front
104.015,21.0483,100,0
time
44.52
soc
67
f1,f2,first_soc,front
104.015,21.0483,100,0
time
44.52
soc
67
f1,f2,first_soc,front
106.717,17.9597,100,0
time
45.88
soc
70
f1,f2,first_soc,front
111.768,12.1847,100,0
time
45.88
soc
80
f1,f2,first_soc,front
111.263,12.7622,100,0
time
45.88
soc
79
f1,f2,first_soc,front
110.757,13.3397,100,0
time
45.88
soc
78
f1,f2,first_soc,front
112.896,11.563,100,0
time
45.88,95.8371
soc
70,39
f1,f2,first_soc,front
113.815,11.5624,100,0
time
36.36,77.7991
soc
75,62
f1,f2,first_soc,front
111.768,12.1847,100,0
time
45.88
soc
80
f1,f2,first_soc,front
104.52,20.4708,100,0
time
44.52
soc
68
f1,f2,first_soc,front
108.055,16.4284,100,0
time
44.52
soc
75
f1,f2,first_soc,front
109.066,15.2734,100,0
time
44.52
soc
77
f1,f2,first_soc,front
105.025,19.8933,100,0
time
44.52
soc
69
f1,f2,first_soc,front
109.571,14.6959,100,0
time
44.52
soc
78
f1,f2,first_soc,front
110.252,13.9172,100,0
time
45.88
soc
77
f1,f2,first_soc,front
107.55,17.0059,100,0
time
44.52
soc
74
f1,f2,first_soc,front
106.212,18.5372,100,0
time
45.88
soc
69
f1,f2,first_soc,front
105.707,19.1147,100,0
time
45.88
soc
68
f1,f2,first_soc,front
108.561,15.8509,100,0
time
44.52
soc
76
f1,f2,first_soc,front
112.391,11.9595,100,0
time
45.88,95.8371
soc
70,38
f1,f2,first_soc,front
107.222,17.3822,100,0
time
45.88
soc
71
f1,f2,first_soc,front
104.015,21.0483,100,0
time
44.52
soc
67
f1,f2,first_soc,front
111.263,12.7622,100,0
time
45.88
soc
79
f1,f2,first_soc,front
107.727,16.8047,100,0
time
45.88
soc
72
f1,f2,first_soc,front
109.747,14.4947,100,0
time
45.88
soc
76
f1,f2,first_soc,front
109.242,15.0722,100,0
time
45.88
soc
75
f1,f2,first_soc,front
110.581,13.5409,100,0
time
44.52
soc
80
f1,f2,first_soc,front
107.222,17.3822,100,0
time
45.88
soc
71
f1,f2,first_soc,front
111.263,12.7622,100,0
time
45.88
soc
79
f1,f2,first_soc,front
104.52,20.4708,100,0
time
44.52
soc
68
f1,f2,first_soc,front
104.015,21.0483,100,0
time
44.52
soc
67
f1,f2,first_soc,front
112.618,11.7025,100,0
time
37.72,77.626
soc
75,62
f1,f2,first_soc,front
112.391,11.9595,100,0
time
45.88,95.8371
soc
70,38
f1,f2,first_soc,front
105.53,19.3158,100,0
time
44.52
soc
70
f1,f2,first_soc,front
107.727,16.8047,100,0
time
45.88
soc
72
f1,f2,first_soc,front
105.202,19.6922,100,0
time
45.88
soc
67
f1,f2,first_soc,front
104.697,20.2697,100,0
time
45.88
soc
66
f1,f2,first_soc,front
108.737,15.6497,100,0
time
45.88
soc
74
f1,f2,first_soc,front
109.242,15.0722,100,0
time
45.88
soc
75
f1,f2,first_soc,front
110.076,14.1184,100,0
time
44.52
soc
79
f1,f2,first_soc,front
109.747,14.4947,100,0
time
45.88
soc
76
f1,f2,first_soc,front
110.581,13.5409,100,0
time
44.52
soc
80
f1,f2,first_soc,front
106.035,18.7383,100,0
time
44.52
soc
71
f1,f2,first_soc,front
106.54,18.1609,100,0
time
44.52
soc
72
f1,f2,first_soc,front
108.232,16.2272,100,0
time
45.88
soc
73
f1,f2,first_soc,front
107.222,17.3822,100,0
time
45.88
soc
71
f1,f2,first_soc,front
106.212,18.5372,100,0
time
45.88
soc
69
f1,f2,first_soc,front
106.035,18.7383,100,0
time
44.52
soc
71
f1,f2,first_soc,front
109.571,14.6959,100,0
time
44.52
soc
78
f1,f2,first_soc,front
108.561,15.8509,100,0
time
44.52
soc
76
f1,f2,first_soc,front
105.53,19.3158,100,0
time
44.52
soc
70
f1,f2,first_soc,front
107.55,17.0059,100,0
time
44.52
soc
74
f1,f2,first_soc,front
106.717,17.9597,100,0
time
45.88
soc
70
f1,f2,first_soc,front
108.055,16.4284,100,0
time
44.52
soc
75
f1,f2,first_soc,front
110.076,14.1184,100,0
time
44.52
soc
79
f1,f2,first_soc,front
110.252,13.9172,100,0
time
45.88
soc
77
f1,f2,first_soc,front
106.54,18.1609,100,0
time
44.52
soc
72
f1,f2,first_soc,front
105.707,19.1147,100,0
time
45.88
soc
68
f1,f2,first_soc,front
109.066,15.2734,100,0
time
44.52
soc
77
f1,f2,first_soc,front
110.757,13.3397,100,0
time
45.88
soc
78
f1,f2,first_soc,front
105.202,19.6922,100,0
time
45.88
soc
67
f1,f2,first_soc,front
105.025,19.8933,100,0
time
44.52
soc
69
f1,f2,first_soc,front
112.553,11.7747,100,0
time
45.88,73.067
soc
68,76
f1,f2,first_soc,front
108.232,16.2272,100,0
time
45.88
soc
73
f1,f2,first_soc,front
108.737,15.6497,100,0
time
45.88
soc
74
f1,f2,first_soc,front
107.222,17.3822,100,0
time
45.88
soc
71
f1,f2,first_soc,front
104.697,20.2697,100,0
time
45.88
soc
66
f1,f2,first_soc,front
105.53,19.3158,100,0
time
44.52
soc
70
f1,f2,first_soc,front
105.202,19.6922,100,0
time
45.88
soc
67
f1,f2,first_soc,front
110.076,14.1184,100,0
time
44.52
soc
79
f1,f2,first_soc,front
106.035,18.7383,100,0
time
44.52
soc
71
f1,f2,first_soc,front
106.54,18.1609,100,0
time
44.52
soc
72
f1,f2,first_soc,front
112.896,11.563,100,0
time
45.88,95.8371
soc
70,39
f1,f2,first_soc,front
104.697,20.2697,100,0
time
45.88
soc
66
f1,f2,first_soc,front
108.737,15.6497,100,0
time
45.88
soc
74
f1,f2,first_soc,front
104.52,20.4708,100,0
time
44.52
soc
68
f1,f2,first_soc,front
108.232,16.2272,100,0
time
45.88
soc
73
f1,f2,first_soc,front
112.391,11.9595,100,0
time
45.88,95.8371
soc
70,38
f1,f2,first_soc,front
108.737,15.6497,100,0
time
45.88
soc
74
f1,f2,first_soc,front
107.727,16.8047,100,0
time
45.88
soc
72
f1,f2,first_soc,front
110.581,13.5409,100,0
time
44.52
soc
80
f1,f2,first_soc,front
108.232,16.2272,100,0
time
45.88
soc
73
f1,f2,first_soc,front
109.242,15.0722,100,0
time
45.88
soc
75
f1,f2,first_soc,front
109.747,14.4947,100,0
time
45.88
soc
76
f1,f2,first_soc,front
104.697,20.2697,100,0
time
45.88
soc
66
f1,f2,first_soc,front
112.553,11.7747,100,0
time
45.88,73.067
soc
68,76
f1,f2,first_soc,front
112.618,11.7025,100,0
time
37.72,77.626
soc
75,62
f1,f2,first_soc,front
113.949,11.5601,100,0
time
44.52,61.274,91.8475
soc
47,70,52
f1,f2,first_soc,front
113.815,11.5624,100,0
time
36.36,77.7991
soc
75,62
f1,f2,first_soc,front
112.896,11.563,100,0
time
45.88,95.8371
soc
70,39
f1,f2,first_soc,front
112.618,11.7025,100,0
time
37.72,77.626
soc
75,62
f1,f2,first_soc,front
104.697,20.2697,100,0
time
45.88
soc
66
f1,f2,first_soc,front
104.697,20.2697,100,0
time
45.88
soc
66
f1,f2,first_soc,front
104.697,20.2697,100,0
time
45.88
soc
66
f1,f2,first_soc,front
104.697,20.2697,100,0
time
45.88
soc
66
f1,f2,first_soc,front
104.697,20.2697,100,0
time
45.88
soc
66
f1,f2,first_soc,front
104.697,20.2697,100,0
time
45.88
soc
66
f1,f2,first_soc,front
104.697,20.2697,100,0
time
45.88
soc
66
f1,f2,first_soc,front
104.697,20.2697,100,0
time
45.88
soc
66
f1,f2,first_soc,front
104.697,20.2697,100,0
time
45.88
soc
66
f1,f2,first_soc,front
104.697,20.2697,100,0
time
45.88
soc
66
f1,f2,first_soc,front
104.697,20.2697,100,0
time
45.88
soc
66
f1,f2,first_soc,front
104.697,20.2697,100,0
time
45.88
soc
66
f1,f2,first_soc,front
104.697,20.2697,100,0
time
45.88
soc
66
f1,f2,first_soc,front
104.697,20.2697,100,0
time
45.88
soc
66
f1,f2,first_soc,front
104.697,20.2697,100,0
time
45.88
soc
66
f1,f2,first_soc,front
104.697,20.2697,100,0
time
45.88
soc
66
f1,f2,first_soc,front
104.697,20.2697,100,0
time
45.88
soc
66
f1,f2,first_soc,front
104.697,20.2697,100,0
time
45.88
soc
66
f1,f2,first_soc,front
104.697,20.2697,100,0
time
45.88
soc
66
f1,f2,first_soc,front
104.697,20.2697,100,0
time
45.88
soc
66
f1,f2,first_soc,front
104.697,20.2697,100,0
time
45.88
soc
66
f1,f2,first_soc,front
104.697,20.2697,100,0
time
45.88
soc
66
f1,f2,first_soc,front
104.697,20.2697,100,0
time
45.88
soc
66
f1,f2,first_soc,front
104.697,20.2697,100,0
time
45.88
soc
66
f1,f2,first_soc,front
104.697,20.2697,100,0
time
45.88
soc
66
f1,f2,first_soc,front
104.697,20.2697,100,0
time
45.88
soc
66
f1,f2,first_soc,front
104.697,20.2697,100,0
time
45.88
soc
66
f1,f2,first_soc,front
104.697,20.2697,100,0
time
45.88
soc
66
f1,f2,first_soc,front
104.697,20.2697,100,0
time
45.88
soc
66
f1,f2,first_soc,front
104.697,20.2697,100,0
time
45.88
soc
66
f1,f2,first_soc,front
104.697,20.2697,100,0
time
45.88
soc
66
f1,f2,first_soc,front
104.697,20.2697,100,0
time
45.88
soc
66
f1,f2,first_soc,front
104.697,20.2697,100,0
time
45.88
soc
66
f1,f2,first_soc,front
104.697,20.2697,100,0
time
45.88
soc
66
f1,f2,first_soc,front
104.697,20.2697,100,0
time
45.88
soc
66
f1,f2,first_soc,front
104.697,20.2697,100,0
time
45.88
soc
66
f1,f2,first_soc,front
104.697,20.2697,100,0
time
45.88
soc
66
f1,f2,first_soc,front
104.697,20.2697,100,0
time
45.88
soc
66
f1,f2,first_soc,front
104.697,20.2697,100,0
time
45.88
soc
66
f1,f2,first_soc,front
104.697,20.2697,100,0
time
45.88
soc
66
f1,f2,first_soc,front
104.697,20.2697,100,0
time
45.88
soc
66
f1,f2,first_soc,front
104.697,20.2697,100,0
time
45.88
soc
66
f1,f2,first_soc,front
104.697,20.2697,100,0
time
45.88
soc
66
f1,f2,first_soc,front
104.697,20.2697,100,0
time
45.88
soc
66
f1,f2,first_soc,front
104.697,20.2697,100,0
time
45.88
soc
66
f1,f2,first_soc,front
104.697,20.2697,100,0
time
45.88
soc
66
f1,f2,first_soc,front
104.697,20.2697,100,0
time
45.88
soc
66
f1,f2,first_soc,front
104.697,20.2697,100,0
time
45.88
soc
66
f1,f2,first_soc,front
104.697,20.2697,100,0
time
45.88
soc
66
f1,f2,first_soc,front
104.697,20.2697,100,0
time
45.88
soc
66
f1,f2,first_soc,front
104.697,20.2697,100,0
time
45.88
soc
66
f1,f2,first_soc,front
104.697,20.2697,100,0
time
45.88
soc
66
f1,f2,first_soc,front
104.697,20.2697,100,0
time
45.88
soc
66
f1,f2,first_soc,front
104.697,20.2697,100,0
time
45.88
soc
66
f1,f2,first_soc,front
104.697,20.2697,100,0
time
45.88
soc
66
f1,f2,first_soc,front
104.697,20.2697,100,0
time
45.88
soc
66
f1,f2,first_soc,front
104.697,20.2697,100,0
time
45.88
soc
66
f1,f2,first_soc,front
104.697,20.2697,100,0
time
45.88
soc
66
f1,f2,first_soc,front
104.697,20.2697,100,0
time
45.88
soc
66
f1,f2,first_soc,front
104.697,20.2697,100,0
time
45.88
soc
66
f1,f2,first_soc,front
104.697,20.2697,100,0
time
45.88
soc
66
f1,f2,first_soc,front
104.697,20.2697,100,0
time
45.88
soc
66
f1,f2,first_soc,front
104.697,20.2697,100,0
time
45.88
soc
66
f1,f2,first_soc,front
104.697,20.2697,100,0
time
45.88
soc
66
f1,f2,first_soc,front
104.015,21.0483,100,0
time
44.52
soc
67
f1,f2,first_soc,front
104.015,21.0483,100,0
time
44.52
soc
67
f1,f2,first_soc,front
104.015,21.0483,100,0
time
44.52
soc
67
f1,f2,first_soc,front
104.015,21.0483,100,0
time
44.52
soc
67
f1,f2,first_soc,front
104.015,21.0483,100,0
time
44.52
soc
67
f1,f2,first_soc,front
104.015,21.0483,100,0
time
44.52
soc
67
f1,f2,first_soc,front
104.015,21.0483,100,0
time
44.52
soc
67
f1,f2,first_soc,front
104.015,21.0483,100,0
time
44.52
soc
67
f1,f2,first_soc,front
104.015,21.0483,100,0
time
44.52
soc
67
f1,f2,first_soc,front
104.015,21.0483,100,0
time
44.52
soc
67
f1,f2,first_soc,front
112.896,11.563,100,0
time
45.88,95.8371
soc
70,39
f1,f2,first_soc,front
104.015,21.0483,100,0
time
44.52
soc
67
f1,f2,first_soc,front
104.015,21.0483,100,0
time
44.52
soc
67
f1,f2,first_soc,front
104.015,21.0483,100,0
time
44.52
soc
67
f1,f2,first_soc,front
104.015,21.0483,100,0
time
44.52
soc
67
f1,f2,first_soc,front
104.015,21.0483,100,0
time
44.52
soc
67
f1,f2,first_soc,front
104.015,21.0483,100,0
time
44.52
soc
67
f1,f2,first_soc,front
104.015,21.0483,100,0
time
44.52
soc
67
f1,f2,first_soc,front
104.015,21.0483,100,0
time
44.52
soc
67
f1,f2,first_soc,front
104.015,21.0483,100,0
time
44.52
soc
67
f1,f2,first_soc,front
104.015,21.0483,100,0
time
44.52
soc
67
f1,f2,first_soc,front
104.015,21.0483,100,0
time
44.52
soc
67
f1,f2,first_soc,front
104.015,21.0483,100,0
time
44.52
soc
67
f1,f2,first_soc,front
104.015,21.0483,100,0
time
44.52
soc
67
f1,f2,first_soc,front
104.015,21.0483,100,0
time
44.52
soc
67
f1,f2,first_soc,front
104.015,21.0483,100,0
time
44.52
soc
67
f1,f2,first_soc,front
104.015,21.0483,100,0
time
44.52
soc
67
f1,f2,first_soc,front
104.015,21.0483,100,0
time
44.52
soc
67
f1,f2,first_soc,front
104.015,21.0483,100,0
time
44.52
soc
67
f1,f2,first_soc,front
104.015,21.0483,100,0
time
44.52
soc
67
f1,f2,first_soc,front
104.015,21.0483,100,0
time
44.52
soc
67
f1,f2,first_soc,front
104.015,21.0483,100,0
time
44.52
soc
67
f1,f2,first_soc,front
112.896,11.563,100,0
time
45.88,95.8371
soc
70,39
f1,f2,first_soc,front
104.697,20.2697,100,0
time
45.88
soc
66
f1,f2,first_soc,front
104.697,20.2697,100,0
time
45.88
soc
66
f1,f2,first_soc,front
104.697,20.2697,100,0
time
45.88
soc
66
f1,f2,first_soc,front
104.697,20.2697,100,0
time
45.88
soc
66
f1,f2,first_soc,front
104.697,20.2697,100,0
time
45.88
soc
66
f1,f2,first_soc,front
104.697,20.2697,100,0
time
45.88
soc
66
f1,f2,first_soc,front
104.697,20.2697,100,0
time
45.88
soc
66
f1,f2,first_soc,front
104.697,20.2697,100,0
time
45.88
soc
66
f1,f2,first_soc,front
112.896,11.563,100,0
time
45.88,95.8371
soc
70,39
f1,f2,first_soc,front
112.896,11.563,100,0
time
45.88,95.8371
soc
70,39
f1,f2,first_soc,front
112.896,11.563,100,0
time
45.88,95.8371
soc
70,39
第39世代
f1,f2,first_soc,front
104.015,21.0483,100,0
time
44.52
soc
67
f1,f2,first_soc,front
104.015,21.0483,100,0
time
44.52
soc
67
f1,f2,first_soc,front
113.949,11.5601,100,0
time
44.52,60.769,91.8475
soc
46,70,52
f1,f2,first_soc,front
110.757,13.3397,100,0
time
45.88
soc
78
f1,f2,first_soc,front
111.263,12.7622,100,0
time
45.88
soc
79
f1,f2,first_soc,front
111.768,12.1847,100,0
time
45.88
soc
80
f1,f2,first_soc,front
112.896,11.563,100,0
time
45.88,95.8371
soc
70,39
f1,f2,first_soc,front
107.222,17.3822,100,0
time
45.88
soc
71
f1,f2,first_soc,front
113.815,11.5624,100,0
time
36.36,77.7991
soc
75,62
f1,f2,first_soc,front
111.768,12.1847,100,0
time
45.88
soc
80
f1,f2,first_soc,front
104.52,20.4708,100,0
time
44.52
soc
68
f1,f2,first_soc,front
106.717,17.9597,100,0
time
45.88
soc
70
f1,f2,first_soc,front
105.53,19.3158,100,0
time
44.52
soc
70
f1,f2,first_soc,front
108.055,16.4284,100,0
time
44.52
soc
75
f1,f2,first_soc,front
105.025,19.8933,100,0
time
44.52
soc
69
f1,f2,first_soc,front
110.252,13.9172,100,0
time
45.88
soc
77
f1,f2,first_soc,front
109.242,15.0722,100,0
time
45.88
soc
75
f1,f2,first_soc,front
109.747,14.4947,100,0
time
45.88
soc
76
f1,f2,first_soc,front
108.561,15.8509,100,0
time
44.52
soc
76
f1,f2,first_soc,front
106.035,18.7383,100,0
time
44.52
soc
71
f1,f2,first_soc,front
107.55,17.0059,100,0
time
44.52
soc
74
f1,f2,first_soc,front
106.212,18.5372,100,0
time
45.88
soc
69
f1,f2,first_soc,front
106.54,18.1609,100,0
time
44.52
soc
72
f1,f2,first_soc,front
112.391,11.9595,100,0
time
45.88,95.8371
soc
70,38
f1,f2,first_soc,front
104.015,21.0483,100,0
time
44.52
soc
67
f1,f2,first_soc,front
111.263,12.7622,100,0
time
45.88
soc
79
f1,f2,first_soc,front
108.737,15.6497,100,0
time
45.88
soc
74
f1,f2,first_soc,front
109.066,15.2734,100,0
time
44.52
soc
77
f1,f2,first_soc,front
105.202,19.6922,100,0
time
45.88
soc
67
f1,f2,first_soc,front
110.076,14.1184,100,0
time
44.52
soc
79
f1,f2,first_soc,front
110.581,13.5409,100,0
time
44.52
soc
80
f1,f2,first_soc,front
108.232,16.2272,100,0
time
45.88
soc
73
f1,f2,first_soc,front
108.737,15.6497,100,0
time
45.88
soc
74
f1,f2,first_soc,front
104.52,20.4708,100,0
time
44.52
soc
68
f1,f2,first_soc,front
111.263,12.7622,100,0
time
45.88
soc
79
f1,f2,first_soc,front
104.015,21.0483,100,0
time
44.52
soc
67
f1,f2,first_soc,front
107.222,17.3822,100,0
time
45.88
soc
71
f1,f2,first_soc,front
106.717,17.9597,100,0
time
45.88
soc
70
f1,f2,first_soc,front
112.391,11.9595,100,0
time
45.88,95.8371
soc
70,38
f1,f2,first_soc,front
107.727,16.8047,100,0
time
45.88
soc
72
f1,f2,first_soc,front
104.697,20.2697,100,0
time
45.88
soc
66
f1,f2,first_soc,front
109.571,14.6959,100,0
time
44.52
soc
78
f1,f2,first_soc,front
107.222,17.3822,100,0
time
45.88
soc
71
f1,f2,first_soc,front
105.707,19.1147,100,0
time
45.88
soc
68
f1,f2,first_soc,front
108.232,16.2272,100,0
time
45.88
soc
73
f1,f2,first_soc,front
106.035,18.7383,100,0
time
44.52
soc
71
f1,f2,first_soc,front
105.707,19.1147,100,0
time
45.88
soc
68
f1,f2,first_soc,front
108.055,16.4284,100,0
time
44.52
soc
75
f1,f2,first_soc,front
109.242,15.0722,100,0
time
45.88
soc
75
f1,f2,first_soc,front
109.747,14.4947,100,0
time
45.88
soc
76
f1,f2,first_soc,front
108.561,15.8509,100,0
time
44.52
soc
76
f1,f2,first_soc,front
109.571,14.6959,100,0
time
44.52
soc
78
f1,f2,first_soc,front
110.252,13.9172,100,0
time
45.88
soc
77
f1,f2,first_soc,front
106.54,18.1609,100,0
time
44.52
soc
72
f1,f2,first_soc,front
110.757,13.3397,100,0
time
45.88
soc
78
f1,f2,first_soc,front
105.53,19.3158,100,0
time
44.52
soc
70
f1,f2,first_soc,front
107.55,17.0059,100,0
time
44.52
soc
74
f1,f2,first_soc,front
105.025,19.8933,100,0
time
44.52
soc
69
f1,f2,first_soc,front
112.553,11.7747,100,0
time
45.88,73.067
soc
68,76
f1,f2,first_soc,front
112.618,11.7025,100,0
time
37.72,77.626
soc
75,62
f1,f2,first_soc,front
107.727,16.8047,100,0
time
45.88
soc
72
f1,f2,first_soc,front
109.571,14.6959,100,0
time
44.52
soc
78
f1,f2,first_soc,front
104.697,20.2697,100,0
time
45.88
soc
66
f1,f2,first_soc,front
105.707,19.1147,100,0
time
45.88
soc
68
f1,f2,first_soc,front
110.076,14.1184,100,0
time
44.52
soc
79
f1,f2,first_soc,front
110.581,13.5409,100,0
time
44.52
soc
80
f1,f2,first_soc,front
109.066,15.2734,100,0
time
44.52
soc
77
f1,f2,first_soc,front
105.202,19.6922,100,0
time
45.88
soc
67
f1,f2,first_soc,front
112.896,11.563,100,0
time
45.88,95.8371
soc
70,39
f1,f2,first_soc,front
106.212,18.5372,100,0
time
45.88
soc
69
f1,f2,first_soc,front
110.581,13.5409,100,0
time
44.52
soc
80
f1,f2,first_soc,front
104.52,20.4708,100,0
time
44.52
soc
68
f1,f2,first_soc,front
106.717,17.9597,100,0
time
45.88
soc
70
f1,f2,first_soc,front
104.697,20.2697,100,0
time
45.88
soc
66
f1,f2,first_soc,front
109.066,15.2734,100,0
time
44.52
soc
77
f1,f2,first_soc,front
110.076,14.1184,100,0
time
44.52
soc
79
f1,f2,first_soc,front
107.727,16.8047,100,0
time
45.88
soc
72
f1,f2,first_soc,front
105.202,19.6922,100,0
time
45.88
soc
67
f1,f2,first_soc,front
112.391,11.9595,100,0
time
45.88,95.8371
soc
70,38
f1,f2,first_soc,front
106.212,18.5372,100,0
time
45.88
soc
69
f1,f2,first_soc,front
104.697,20.2697,100,0
time
45.88
soc
66
f1,f2,first_soc,front
107.727,16.8047,100,0
time
45.88
soc
72
f1,f2,first_soc,front
108.232,16.2272,100,0
time
45.88
soc
73
f1,f2,first_soc,front
112.618,11.7025,100,0
time
37.72,77.626
soc
75,62
f1,f2,first_soc,front
112.553,11.7747,100,0
time
45.88,73.067
soc
68,76
f1,f2,first_soc,front
113.949,11.5601,100,0
time
44.52,61.274,91.8475
soc
47,70,52
f1,f2,first_soc,front
113.815,11.5624,100,0
time
36.36,77.7991
soc
75,62
f1,f2,first_soc,front
112.618,11.7025,100,0
time
37.72,77.626
soc
75,62
f1,f2,first_soc,front
112.896,11.563,100,0
time
45.88,95.8371
soc
70,39
f1,f2,first_soc,front
104.015,21.0483,100,0
time
44.52
soc
67
f1,f2,first_soc,front
104.697,20.2697,100,0
time
45.88
soc
66
f1,f2,first_soc,front
104.697,20.2697,100,0
time
45.88
soc
66
f1,f2,first_soc,front
104.015,21.0483,100,0
time
44.52
soc
67
f1,f2,first_soc,front
104.015,21.0483,100,0
time
44.52
soc
67
f1,f2,first_soc,front
104.697,20.2697,100,0
time
45.88
soc
66
f1,f2,first_soc,front
104.697,20.2697,100,0
time
45.88
soc
66
f1,f2,first_soc,front
104.697,20.2697,100,0
time
45.88
soc
66
f1,f2,first_soc,front
104.015,21.0483,100,0
time
44.52
soc
67
f1,f2,first_soc,front
104.015,21.0483,100,0
time
44.52
soc
67
f1,f2,first_soc,front
104.015,21.0483,100,0
time
44.52
soc
67
f1,f2,first_soc,front
104.697,20.2697,100,0
time
45.88
soc
66
f1,f2,first_soc,front
104.015,21.0483,100,0
time
44.52
soc
67
f1,f2,first_soc,front
104.697,20.2697,100,0
time
45.88
soc
66
f1,f2,first_soc,front
104.697,20.2697,100,0
time
45.88
soc
66
f1,f2,first_soc,front
104.697,20.2697,100,0
time
45.88
soc
66
f1,f2,first_soc,front
104.697,20.2697,100,0
time
45.88
soc
66
f1,f2,first_soc,front
104.015,21.0483,100,0
time
44.52
soc
67
f1,f2,first_soc,front
104.015,21.0483,100,0
time
44.52
soc
67
f1,f2,first_soc,front
104.015,21.0483,100,0
time
44.52
soc
67
f1,f2,first_soc,front
104.697,20.2697,100,0
time
45.88
soc
66
f1,f2,first_soc,front
104.697,20.2697,100,0
time
45.88
soc
66
f1,f2,first_soc,front
104.697,20.2697,100,0
time
45.88
soc
66
f1,f2,first_soc,front
104.697,20.2697,100,0
time
45.88
soc
66
f1,f2,first_soc,front
104.697,20.2697,100,0
time
45.88
soc
66
f1,f2,first_soc,front
104.697,20.2697,100,0
time
45.88
soc
66
f1,f2,first_soc,front
104.697,20.2697,100,0
time
45.88
soc
66
f1,f2,first_soc,front
104.015,21.0483,100,0
time
44.52
soc
67
f1,f2,first_soc,front
104.015,21.0483,100,0
time
44.52
soc
67
f1,f2,first_soc,front
104.697,20.2697,100,0
time
45.88
soc
66
f1,f2,first_soc,front
104.697,20.2697,100,0
time
45.88
soc
66
f1,f2,first_soc,front
104.697,20.2697,100,0
time
45.88
soc
66
f1,f2,first_soc,front
104.697,20.2697,100,0
time
45.88
soc
66
f1,f2,first_soc,front
104.697,20.2697,100,0
time
45.88
soc
66
f1,f2,first_soc,front
104.697,20.2697,100,0
time
45.88
soc
66
f1,f2,first_soc,front
104.697,20.2697,100,0
time
45.88
soc
66
f1,f2,first_soc,front
104.015,21.0483,100,0
time
44.52
soc
67
f1,f2,first_soc,front
104.697,20.2697,100,0
time
45.88
soc
66
f1,f2,first_soc,front
104.697,20.2697,100,0
time
45.88
soc
66
f1,f2,first_soc,front
104.697,20.2697,100,0
time
45.88
soc
66
f1,f2,first_soc,front
104.697,20.2697,100,0
time
45.88
soc
66
f1,f2,first_soc,front
104.697,20.2697,100,0
time
45.88
soc
66
f1,f2,first_soc,front
104.697,20.2697,100,0
time
45.88
soc
66
f1,f2,first_soc,front
104.697,20.2697,100,0
time
45.88
soc
66
f1,f2,first_soc,front
104.697,20.2697,100,0
time
45.88
soc
66
f1,f2,first_soc,front
104.697,20.2697,100,0
time
45.88
soc
66
f1,f2,first_soc,front
104.697,20.2697,100,0
time
45.88
soc
66
f1,f2,first_soc,front
104.697,20.2697,100,0
time
45.88
soc
66
f1,f2,first_soc,front
104.697,20.2697,100,0
time
45.88
soc
66
f1,f2,first_soc,front
104.697,20.2697,100,0
time
45.88
soc
66
f1,f2,first_soc,front
104.697,20.2697,100,0
time
45.88
soc
66
f1,f2,first_soc,front
104.015,21.0483,100,0
time
44.52
soc
67
f1,f2,first_soc,front
104.015,21.0483,100,0
time
44.52
soc
67
f1,f2,first_soc,front
104.697,20.2697,100,0
time
45.88
soc
66
f1,f2,first_soc,front
104.697,20.2697,100,0
time
45.88
soc
66
f1,f2,first_soc,front
104.697,20.2697,100,0
time
45.88
soc
66
f1,f2,first_soc,front
104.697,20.2697,100,0
time
45.88
soc
66
f1,f2,first_soc,front
104.697,20.2697,100,0
time
45.88
soc
66
f1,f2,first_soc,front
104.697,20.2697,100,0
time
45.88
soc
66
f1,f2,first_soc,front
104.697,20.2697,100,0
time
45.88
soc
66
f1,f2,first_soc,front
104.015,21.0483,100,0
time
44.52
soc
67
f1,f2,first_soc,front
104.697,20.2697,100,0
time
45.88
soc
66
f1,f2,first_soc,front
104.015,21.0483,100,0
time
44.52
soc
67
f1,f2,first_soc,front
104.015,21.0483,100,0
time
44.52
soc
67
f1,f2,first_soc,front
104.697,20.2697,100,0
time
45.88
soc
66
f1,f2,first_soc,front
104.697,20.2697,100,0
time
45.88
soc
66
f1,f2,first_soc,front
104.697,20.2697,100,0
time
45.88
soc
66
f1,f2,first_soc,front
104.015,21.0483,100,0
time
44.52
soc
67
f1,f2,first_soc,front
104.015,21.0483,100,0
time
44.52
soc
67
f1,f2,first_soc,front
105.707,19.1147,100,0
time
45.88
soc
68
f1,f2,first_soc,front
104.697,20.2697,100,0
time
45.88
soc
66
f1,f2,first_soc,front
104.697,20.2697,100,0
time
45.88
soc
66
f1,f2,first_soc,front
104.697,20.2697,100,0
time
45.88
soc
66
f1,f2,first_soc,front
104.697,20.2697,100,0
time
45.88
soc
66
f1,f2,first_soc,front
104.697,20.2697,100,0
time
45.88
soc
66
f1,f2,first_soc,front
104.697,20.2697,100,0
time
45.88
soc
66
f1,f2,first_soc,front
104.697,20.2697,100,0
time
45.88
soc
66
f1,f2,first_soc,front
104.697,20.2697,100,0
time
45.88
soc
66
f1,f2,first_soc,front
104.015,21.0483,100,0
time
44.52
soc
67
f1,f2,first_soc,front
104.52,20.4708,100,0
time
44.52
soc
68
f1,f2,first_soc,front
104.015,21.0483,100,0
time
44.52
soc
67
f1,f2,first_soc,front
104.015,21.0483,100,0
time
44.52
soc
67
f1,f2,first_soc,front
104.52,20.4708,100,0
time
44.52
soc
68
f1,f2,first_soc,front
104.015,21.0483,100,0
time
44.52
soc
67
f1,f2,first_soc,front
104.52,20.4708,100,0
time
44.52
soc
68
f1,f2,first_soc,front
104.015,21.0483,100,0
time
44.52
soc
67
f1,f2,first_soc,front
104.015,21.0483,100,0
time
44.52
soc
67
f1,f2,first_soc,front
104.697,20.2697,100,0
time
45.88
soc
66
f1,f2,first_soc,front
104.015,21.0483,100,0
time
44.52
soc
67
f1,f2,first_soc,front
104.015,21.0483,100,0
time
44.52
soc
67
f1,f2,first_soc,front
104.697,20.2697,100,0
time
45.88
soc
66
f1,f2,first_soc,front
104.697,20.2697,100,0
time
45.88
soc
66
f1,f2,first_soc,front
104.697,20.2697,100,0
time
45.88
soc
66
f1,f2,first_soc,front
104.697,20.2697,100,0
time
45.88
soc
66
f1,f2,first_soc,front
104.697,20.2697,100,0
time
45.88
soc
66
f1,f2,first_soc,front
104.697,20.2697,100,0
time
45.88
soc
66
f1,f2,first_soc,front
104.015,21.0483,100,0
time
44.52
soc
67
f1,f2,first_soc,front
104.015,21.0483,100,0
time
44.52
soc
67
f1,f2,first_soc,front
104.015,21.0483,100,0
time
44.52
soc
67
f1,f2,first_soc,front
104.015,21.0483,100,0
time
44.52
soc
67
f1,f2,first_soc,front
104.697,20.2697,100,0
time
45.88
soc
66
f1,f2,first_soc,front
104.697,20.2697,100,0
time
45.88
soc
66
f1,f2,first_soc,front
104.697,20.2697,100,0
time
45.88
soc
66
f1,f2,first_soc,front
104.697,20.2697,100,0
time
45.88
soc
66
f1,f2,first_soc,front
104.015,21.0483,100,0
time
44.52
soc
67
f1,f2,first_soc,front
104.015,21.0483,100,0
time
44.52
soc
67
f1,f2,first_soc,front
104.015,21.0483,100,0
time
44.52
soc
67
f1,f2,first_soc,front
104.697,20.2697,100,0
time
45.88
soc
66
f1,f2,first_soc,front
104.697,20.2697,100,0
time
45.88
soc
66
f1,f2,first_soc,front
104.697,20.2697,100,0
time
45.88
soc
66
f1,f2,first_soc,front
104.697,20.2697,100,0
time
45.88
soc
66
第40世代
f1,f2,first_soc,front
104.015,21.0483,100,0
time
44.52
soc
67
f1,f2,first_soc,front
104.015,21.0483,100,0
time
44.52
soc
67
f1,f2,first_soc,front
113.949,11.5601,100,0
time
44.52,61.274,91.8475
soc
47,70,52
f1,f2,first_soc,front
111.768,12.1847,100,0
time
45.88
soc
80
f1,f2,first_soc,front
107.222,17.3822,100,0
time
45.88
soc
71
f1,f2,first_soc,front
106.717,17.9597,100,0
time
45.88
soc
70
f1,f2,first_soc,front
111.263,12.7622,100,0
time
45.88
soc
79
f1,f2,first_soc,front
111.263,12.7622,100,0
time
45.88
soc
79
f1,f2,first_soc,front
112.896,11.563,100,0
time
45.88,95.8371
soc
70,39
f1,f2,first_soc,front
113.815,11.5624,100,0
time
36.36,77.7991
soc
75,62
f1,f2,first_soc,front
112.391,11.9595,100,0
time
45.88,95.8371
soc
70,38
f1,f2,first_soc,front
105.025,19.8933,100,0
time
44.52
soc
69
f1,f2,first_soc,front
107.727,16.8047,100,0
time
45.88
soc
72
f1,f2,first_soc,front
109.066,15.2734,100,0
time
44.52
soc
77
f1,f2,first_soc,front
109.571,14.6959,100,0
time
44.52
soc
78
f1,f2,first_soc,front
110.252,13.9172,100,0
time
45.88
soc
77
f1,f2,first_soc,front
110.581,13.5409,100,0
time
44.52
soc
80
f1,f2,first_soc,front
110.076,14.1184,100,0
time
44.52
soc
79
f1,f2,first_soc,front
109.747,14.4947,100,0
time
45.88
soc
76
f1,f2,first_soc,front
106.54,18.1609,100,0
time
44.52
soc
72
f1,f2,first_soc,front
107.222,17.3822,100,0
time
45.88
soc
71
f1,f2,first_soc,front
108.561,15.8509,100,0
time
44.52
soc
76
f1,f2,first_soc,front
106.035,18.7383,100,0
time
44.52
soc
71
f1,f2,first_soc,front
110.757,13.3397,100,0
time
45.88
soc
78
f1,f2,first_soc,front
104.015,21.0483,100,0
time
44.52
soc
67
f1,f2,first_soc,front
104.52,20.4708,100,0
time
44.52
soc
68
f1,f2,first_soc,front
110.757,13.3397,100,0
time
45.88
soc
78
f1,f2,first_soc,front
105.53,19.3158,100,0
time
44.52
soc
70
f1,f2,first_soc,front
108.055,16.4284,100,0
time
44.52
soc
75
f1,f2,first_soc,front
109.242,15.0722,100,0
time
45.88
soc
75
f1,f2,first_soc,front
108.232,16.2272,100,0
time
45.88
soc
73
f1,f2,first_soc,front
107.55,17.0059,100,0
time
44.52
soc
74
f1,f2,first_soc,front
106.212,18.5372,100,0
time
45.88
soc
69
f1,f2,first_soc,front
108.737,15.6497,100,0
time
45.88
soc
74
f1,f2,first_soc,front
109.242,15.0722,100,0
time
45.88
soc
75
f1,f2,first_soc,front
107.55,17.0059,100,0
time
44.52
soc
74
f1,f2,first_soc,front
105.53,19.3158,100,0
time
44.52
soc
70
f1,f2,first_soc,front
105.707,19.1147,100,0
time
45.88
soc
68
f1,f2,first_soc,front
111.768,12.1847,100,0
time
45.88
soc
80
f1,f2,first_soc,front
104.52,20.4708,100,0
time
44.52
soc
68
f1,f2,first_soc,front
104.015,21.0483,100,0
time
44.52
soc
67
f1,f2,first_soc,front
112.618,11.7025,100,0
time
37.72,77.626
soc
75,62
f1,f2,first_soc,front
108.737,15.6497,100,0
time
45.88
soc
74
f1,f2,first_soc,front
105.202,19.6922,100,0
time
45.88
soc
67
f1,f2,first_soc,front
104.697,20.2697,100,0
time
45.88
soc
66
f1,f2,first_soc,front
105.707,19.1147,100,0
time
45.88
soc
68
f1,f2,first_soc,front
106.212,18.5372,100,0
time
45.88
soc
69
f1,f2,first_soc,front
106.035,18.7383,100,0
time
44.52
soc
71
f1,f2,first_soc,front
109.571,14.6959,100,0
time
44.52
soc
78
f1,f2,first_soc,front
110.581,13.5409,100,0
time
44.52
soc
80
f1,f2,first_soc,front
108.561,15.8509,100,0
time
44.52
soc
76
f1,f2,first_soc,front
110.076,14.1184,100,0
time
44.52
soc
79
f1,f2,first_soc,front
109.066,15.2734,100,0
time
44.52
soc
77
f1,f2,first_soc,front
106.54,18.1609,100,0
time
44.52
soc
72
f1,f2,first_soc,front
109.747,14.4947,100,0
time
45.88
soc
76
f1,f2,first_soc,front
105.202,19.6922,100,0
time
45.88
soc
67
f1,f2,first_soc,front
105.025,19.8933,100,0
time
44.52
soc
69
f1,f2,first_soc,front
112.391,11.9595,100,0
time
45.88,95.8371
soc
70,38
f1,f2,first_soc,front
108.232,16.2272,100,0
time
45.88
soc
73
f1,f2,first_soc,front
108.055,16.4284,100,0
time
44.52
soc
75
f1,f2,first_soc,front
104.697,20.2697,100,0
time
45.88
soc
66
f1,f2,first_soc,front
105.202,19.6922,100,0
time
45.88
soc
67
f1,f2,first_soc,front
112.896,11.563,100,0
time
45.88,95.8371
soc
70,39
f1,f2,first_soc,front
112.553,11.7747,100,0
time
45.88,73.067
soc
68,76
f1,f2,first_soc,front
111.768,12.1847,100,0
time
45.88
soc
80
f1,f2,first_soc,front
104.52,20.4708,100,0
time
44.52
soc
68
f1,f2,first_soc,front
108.055,16.4284,100,0
time
44.52
soc
75
f1,f2,first_soc,front
104.697,20.2697,100,0
time
45.88
soc
66
f1,f2,first_soc,front
107.727,16.8047,100,0
time
45.88
soc
72
f1,f2,first_soc,front
108.232,16.2272,100,0
time
45.88
soc
73
f1,f2,first_soc,front
106.717,17.9597,100,0
time
45.88
soc
70
f1,f2,first_soc,front
110.252,13.9172,100,0
time
45.88
soc
77
f1,f2,first_soc,front
105.707,19.1147,100,0
time
45.88
soc
68
f1,f2,first_soc,front
106.212,18.5372,100,0
time
45.88
soc
69
f1,f2,first_soc,front
104.697,20.2697,100,0
time
45.88
soc
66
f1,f2,first_soc,front
110.252,13.9172,100,0
time
45.88
soc
77
f1,f2,first_soc,front
110.757,13.3397,100,0
time
45.88
soc
78
f1,f2,first_soc,front
106.717,17.9597,100,0
time
45.88
soc
70
f1,f2,first_soc,front
107.727,16.8047,100,0
time
45.88
soc
72
f1,f2,first_soc,front
108.737,15.6497,100,0
time
45.88
soc
74
f1,f2,first_soc,front
104.52,20.4708,100,0
time
44.52
soc
68
f1,f2,first_soc,front
112.553,11.7747,100,0
time
45.88,73.067
soc
68,76
f1,f2,first_soc,front
112.618,11.7025,100,0
time
37.72,77.626
soc
75,62
f1,f2,first_soc,front
113.815,11.5624,100,0
time
36.36,77.7991
soc
75,62
f1,f2,first_soc,front
113.949,11.5601,100,0
time
44.52,60.769,91.8475
soc
46,70,52
f1,f2,first_soc,front
112.553,11.7747,100,0
time
45.88,73.067
soc
68,76
f1,f2,first_soc,front
112.896,11.563,100,0
time
45.88,95.8371
soc
70,39
f1,f2,first_soc,front
104.015,21.0483,100,0
time
44.52
soc
67
f1,f2,first_soc,front
104.697,20.2697,100,0
time
45.88
soc
66
f1,f2,first_soc,front
104.697,20.2697,100,0
time
45.88
soc
66
f1,f2,first_soc,front
104.697,20.2697,100,0
time
45.88
soc
66
f1,f2,first_soc,front
104.697,20.2697,100,0
time
45.88
soc
66
f1,f2,first_soc,front
104.015,21.0483,100,0
time
44.52
soc
67
f1,f2,first_soc,front
104.697,20.2697,100,0
time
45.88
soc
66
f1,f2,first_soc,front
104.697,20.2697,100,0
time
45.88
soc
66
f1,f2,first_soc,front
104.697,20.2697,100,0
time
45.88
soc
66
f1,f2,first_soc,front
104.015,21.0483,100,0
time
44.52
soc
67
f1,f2,first_soc,front
104.697,20.2697,100,0
time
45.88
soc
66
f1,f2,first_soc,front
104.015,21.0483,100,0
time
44.52
soc
67
f1,f2,first_soc,front
104.015,21.0483,100,0
time
44.52
soc
67
f1,f2,first_soc,front
104.697,20.2697,100,0
time
45.88
soc
66
f1,f2,first_soc,front
104.697,20.2697,100,0
time
45.88
soc
66
f1,f2,first_soc,front
104.697,20.2697,100,0
time
45.88
soc
66
f1,f2,first_soc,front
104.697,20.2697,100,0
time
45.88
soc
66
f1,f2,first_soc,front
104.697,20.2697,100,0
time
45.88
soc
66
f1,f2,first_soc,front
104.697,20.2697,100,0
time
45.88
soc
66
f1,f2,first_soc,front
104.015,21.0483,100,0
time
44.52
soc
67
f1,f2,first_soc,front
104.697,20.2697,100,0
time
45.88
soc
66
f1,f2,first_soc,front
104.697,20.2697,100,0
time
45.88
soc
66
f1,f2,first_soc,front
104.015,21.0483,100,0
time
44.52
soc
67
f1,f2,first_soc,front
104.697,20.2697,100,0
time
45.88
soc
66
f1,f2,first_soc,front
104.697,20.2697,100,0
time
45.88
soc
66
f1,f2,first_soc,front
104.015,21.0483,100,0
time
44.52
soc
67
f1,f2,first_soc,front
104.015,21.0483,100,0
time
44.52
soc
67
f1,f2,first_soc,front
104.697,20.2697,100,0
time
45.88
soc
66
f1,f2,first_soc,front
104.697,20.2697,100,0
time
45.88
soc
66
f1,f2,first_soc,front
104.697,20.2697,100,0
time
45.88
soc
66
f1,f2,first_soc,front
104.697,20.2697,100,0
time
45.88
soc
66
f1,f2,first_soc,front
104.697,20.2697,100,0
time
45.88
soc
66
f1,f2,first_soc,front
104.697,20.2697,100,0
time
45.88
soc
66
f1,f2,first_soc,front
104.697,20.2697,100,0
time
45.88
soc
66
f1,f2,first_soc,front
104.697,20.2697,100,0
time
45.88
soc
66
f1,f2,first_soc,front
104.697,20.2697,100,0
time
45.88
soc
66
f1,f2,first_soc,front
104.697,20.2697,100,0
time
45.88
soc
66
f1,f2,first_soc,front
104.697,20.2697,100,0
time
45.88
soc
66
f1,f2,first_soc,front
104.697,20.2697,100,0
time
45.88
soc
66
f1,f2,first_soc,front
104.697,20.2697,100,0
time
45.88
soc
66
f1,f2,first_soc,front
104.697,20.2697,100,0
time
45.88
soc
66
f1,f2,first_soc,front
104.697,20.2697,100,0
time
45.88
soc
66
f1,f2,first_soc,front
104.697,20.2697,100,0
time
45.88
soc
66
f1,f2,first_soc,front
104.697,20.2697,100,0
time
45.88
soc
66
f1,f2,first_soc,front
104.697,20.2697,100,0
time
45.88
soc
66
f1,f2,first_soc,front
104.015,21.0483,100,0
time
44.52
soc
67
f1,f2,first_soc,front
104.697,20.2697,100,0
time
45.88
soc
66
f1,f2,first_soc,front
104.697,20.2697,100,0
time
45.88
soc
66
f1,f2,first_soc,front
104.697,20.2697,100,0
time
45.88
soc
66
f1,f2,first_soc,front
104.697,20.2697,100,0
time
45.88
soc
66
f1,f2,first_soc,front
104.697,20.2697,100,0
time
45.88
soc
66
f1,f2,first_soc,front
104.697,20.2697,100,0
time
45.88
soc
66
f1,f2,first_soc,front
104.697,20.2697,100,0
time
45.88
soc
66
f1,f2,first_soc,front
104.015,21.0483,100,0
time
44.52
soc
67
f1,f2,first_soc,front
104.697,20.2697,100,0
time
45.88
soc
66
f1,f2,first_soc,front
104.697,20.2697,100,0
time
45.88
soc
66
f1,f2,first_soc,front
104.697,20.2697,100,0
time
45.88
soc
66
f1,f2,first_soc,front
104.697,20.2697,100,0
time
45.88
soc
66
f1,f2,first_soc,front
104.697,20.2697,100,0
time
45.88
soc
66
f1,f2,first_soc,front
104.697,20.2697,100,0
time
45.88
soc
66
f1,f2,first_soc,front
104.697,20.2697,100,0
time
45.88
soc
66
f1,f2,first_soc,front
104.52,20.4708,100,0
time
44.52
soc
68
f1,f2,first_soc,front
104.015,21.0483,100,0
time
44.52
soc
67
f1,f2,first_soc,front
104.015,21.0483,100,0
time
44.52
soc
67
f1,f2,first_soc,front
104.015,21.0483,100,0
time
44.52
soc
67
f1,f2,first_soc,front
104.015,21.0483,100,0
time
44.52
soc
67
f1,f2,first_soc,front
104.015,21.0483,100,0
time
44.52
soc
67
f1,f2,first_soc,front
104.015,21.0483,100,0
time
44.52
soc
67
f1,f2,first_soc,front
104.015,21.0483,100,0
time
44.52
soc
67
f1,f2,first_soc,front
104.52,20.4708,100,0
time
44.52
soc
68
f1,f2,first_soc,front
104.015,21.0483,100,0
time
44.52
soc
67
f1,f2,first_soc,front
104.015,21.0483,100,0
time
44.52
soc
67
f1,f2,first_soc,front
104.52,20.4708,100,0
time
44.52
soc
68
f1,f2,first_soc,front
104.52,20.4708,100,0
time
44.52
soc
68
f1,f2,first_soc,front
104.52,20.4708,100,0
time
44.52
soc
68
f1,f2,first_soc,front
104.015,21.0483,100,0
time
44.52
soc
67
f1,f2,first_soc,front
104.015,21.0483,100,0
time
44.52
soc
67
f1,f2,first_soc,front
105.202,19.6922,100,0
time
45.88
soc
67
f1,f2,first_soc,front
104.015,21.0483,100,0
time
44.52
soc
67
f1,f2,first_soc,front
104.015,21.0483,100,0
time
44.52
soc
67
f1,f2,first_soc,front
104.015,21.0483,100,0
time
44.52
soc
67
f1,f2,first_soc,front
104.015,21.0483,100,0
time
44.52
soc
67
f1,f2,first_soc,front
104.015,21.0483,100,0
time
44.52
soc
67
f1,f2,first_soc,front
104.015,21.0483,100,0
time
44.52
soc
67
f1,f2,first_soc,front
104.015,21.0483,100,0
time
44.52
soc
67
f1,f2,first_soc,front
104.015,21.0483,100,0
time
44.52
soc
67
f1,f2,first_soc,front
104.015,21.0483,100,0
time
44.52
soc
67
f1,f2,first_soc,front
104.015,21.0483,100,0
time
44.52
soc
67
f1,f2,first_soc,front
104.015,21.0483,100,0
time
44.52
soc
67
f1,f2,first_soc,front
104.015,21.0483,100,0
time
44.52
soc
67
f1,f2,first_soc,front
104.015,21.0483,100,0
time
44.52
soc
67
f1,f2,first_soc,front
104.015,21.0483,100,0
time
44.52
soc
67
f1,f2,first_soc,front
104.015,21.0483,100,0
time
44.52
soc
67
f1,f2,first_soc,front
104.015,21.0483,100,0
time
44.52
soc
67
f1,f2,first_soc,front
104.015,21.0483,100,0
time
44.52
soc
67
f1,f2,first_soc,front
104.015,21.0483,100,0
time
44.52
soc
67
f1,f2,first_soc,front
104.697,20.2697,100,0
time
45.88
soc
66
f1,f2,first_soc,front
104.697,20.2697,100,0
time
45.88
soc
66
f1,f2,first_soc,front
104.015,21.0483,100,0
time
44.52
soc
67
f1,f2,first_soc,front
104.015,21.0483,100,0
time
44.52
soc
67
f1,f2,first_soc,front
104.697,20.2697,100,0
time
45.88
soc
66
f1,f2,first_soc,front
104.697,20.2697,100,0
time
45.88
soc
66
f1,f2,first_soc,front
104.697,20.2697,100,0
time
45.88
soc
66
f1,f2,first_soc,front
104.697,20.2697,100,0
time
45.88
soc
66
f1,f2,first_soc,front
104.697,20.2697,100,0
time
45.88
soc
66
f1,f2,first_soc,front
104.015,21.0483,100,0
time
44.52
soc
67
f1,f2,first_soc,front
104.697,20.2697,100,0
time
45.88
soc
66
f1,f2,first_soc,front
104.015,21.0483,100,0
time
44.52
soc
67
f1,f2,first_soc,front
104.015,21.0483,100,0
time
44.52
soc
67
f1,f2,first_soc,front
104.697,20.2697,100,0
time
45.88
soc
66
f1,f2,first_soc,front
104.015,21.0483,100,0
time
44.52
soc
67
f1,f2,first_soc,front
104.015,21.0483,100,0
time
44.52
soc
67
f1,f2,first_soc,front
104.015,21.0483,100,0
time
44.52
soc
67
第41世代
f1,f2,first_soc,front
104.015,21.0483,100,0
time
44.52
soc
67
f1,f2,first_soc,front
113.949,11.5601,100,0
time
44.52,60.769,91.8475
soc
46,70,52
f1,f2,first_soc,front
104.015,21.0483,100,0
time
44.52
soc
67
f1,f2,first_soc,front
111.768,12.1847,100,0
time
45.88
soc
80
f1,f2,first_soc,front
111.263,12.7622,100,0
time
45.88
soc
79
f1,f2,first_soc,front
111.263,12.7622,100,0
time
45.88
soc
79
f1,f2,first_soc,front
107.222,17.3822,100,0
time
45.88
soc
71
f1,f2,first_soc,front
113.815,11.5624,100,0
time
36.36,77.7991
soc
75,62
f1,f2,first_soc,front
112.896,11.563,100,0
time
45.88,95.8371
soc
70,39
f1,f2,first_soc,front
112.391,11.9595,100,0
time
45.88,95.8371
soc
70,38
f1,f2,first_soc,front
106.717,17.9597,100,0
time
45.88
soc
70
f1,f2,first_soc,front
109.066,15.2734,100,0
time
44.52
soc
77
f1,f2,first_soc,front
105.53,19.3158,100,0
time
44.52
soc
70
f1,f2,first_soc,front
109.242,15.0722,100,0
time
45.88
soc
75
f1,f2,first_soc,front
109.747,14.4947,100,0
time
45.88
soc
76
f1,f2,first_soc,front
110.581,13.5409,100,0
time
44.52
soc
80
f1,f2,first_soc,front
108.561,15.8509,100,0
time
44.52
soc
76
f1,f2,first_soc,front
108.232,16.2272,100,0
time
45.88
soc
73
f1,f2,first_soc,front
107.55,17.0059,100,0
time
44.52
soc
74
f1,f2,first_soc,front
105.707,19.1147,100,0
time
45.88
soc
68
f1,f2,first_soc,front
106.035,18.7383,100,0
time
44.52
soc
71
f1,f2,first_soc,front
106.54,18.1609,100,0
time
44.52
soc
72
f1,f2,first_soc,front
110.757,13.3397,100,0
time
45.88
soc
78
f1,f2,first_soc,front
104.015,21.0483,100,0
time
44.52
soc
67
f1,f2,first_soc,front
104.52,20.4708,100,0
time
44.52
soc
68
f1,f2,first_soc,front
110.757,13.3397,100,0
time
45.88
soc
78
f1,f2,first_soc,front
109.571,14.6959,100,0
time
44.52
soc
78
f1,f2,first_soc,front
106.212,18.5372,100,0
time
45.88
soc
69
f1,f2,first_soc,front
110.252,13.9172,100,0
time
45.88
soc
77
f1,f2,first_soc,front
108.737,15.6497,100,0
time
45.88
soc
74
f1,f2,first_soc,front
105.202,19.6922,100,0
time
45.88
soc
67
f1,f2,first_soc,front
105.025,19.8933,100,0
time
44.52
soc
69
f1,f2,first_soc,front
111.768,12.1847,100,0
time
45.88
soc
80
f1,f2,first_soc,front
104.015,21.0483,100,0
time
44.52
soc
67
f1,f2,first_soc,front
104.52,20.4708,100,0
time
44.52
soc
68
f1,f2,first_soc,front
107.222,17.3822,100,0
time
45.88
soc
71
f1,f2,first_soc,front
106.717,17.9597,100,0
time
45.88
soc
70
f1,f2,first_soc,front
112.618,11.7025,100,0
time
37.72,77.626
soc
75,62
f1,f2,first_soc,front
112.896,11.563,100,0
time
45.88,95.8371
soc
70,39
f1,f2,first_soc,front
108.737,15.6497,100,0
time
45.88
soc
74
f1,f2,first_soc,front
105.025,19.8933,100,0
time
44.52
soc
69
f1,f2,first_soc,front
108.055,16.4284,100,0
time
44.52
soc
75
f1,f2,first_soc,front
107.727,16.8047,100,0
time
45.88
soc
72
f1,f2,first_soc,front
105.202,19.6922,100,0
time
45.88
soc
67
f1,f2,first_soc,front
104.697,20.2697,100,0
time
45.88
soc
66
f1,f2,first_soc,front
110.076,14.1184,100,0
time
44.52
soc
79
f1,f2,first_soc,front
110.252,13.9172,100,0
time
45.88
soc
77
f1,f2,first_soc,front
106.212,18.5372,100,0
time
45.88
soc
69
f1,f2,first_soc,front
107.222,17.3822,100,0
time
45.88
soc
71
f1,f2,first_soc,front
106.035,18.7383,100,0
time
44.52
soc
71
f1,f2,first_soc,front
110.581,13.5409,100,0
time
44.52
soc
80
f1,f2,first_soc,front
105.53,19.3158,100,0
time
44.52
soc
70
f1,f2,first_soc,front
106.54,18.1609,100,0
time
44.52
soc
72
f1,f2,first_soc,front
109.242,15.0722,100,0
time
45.88
soc
75
f1,f2,first_soc,front
109.066,15.2734,100,0
time
44.52
soc
77
f1,f2,first_soc,front
108.055,16.4284,100,0
time
44.52
soc
75
f1,f2,first_soc,front
107.55,17.0059,100,0
time
44.52
soc
74
f1,f2,first_soc,front
109.747,14.4947,100,0
time
45.88
soc
76
f1,f2,first_soc,front
108.232,16.2272,100,0
time
45.88
soc
73
f1,f2,first_soc,front
108.561,15.8509,100,0
time
44.52
soc
76
f1,f2,first_soc,front
112.391,11.9595,100,0
time
45.88,95.8371
soc
70,38
f1,f2,first_soc,front
112.538,11.7921,100,0
time
45.88,96.1474
soc
76,43
f1,f2,first_soc,front
109.571,14.6959,100,0
time
44.52
soc
78
f1,f2,first_soc,front
110.076,14.1184,100,0
time
44.52
soc
79
f1,f2,first_soc,front
107.727,16.8047,100,0
time
45.88
soc
72
f1,f2,first_soc,front
108.055,16.4284,100,0
time
44.52
soc
75
f1,f2,first_soc,front
104.697,20.2697,100,0
time
45.88
soc
66
f1,f2,first_soc,front
111.768,12.1847,100,0
time
45.88
soc
80
f1,f2,first_soc,front
110.076,14.1184,100,0
time
44.52
soc
79
f1,f2,first_soc,front
107.727,16.8047,100,0
time
45.88
soc
72
f1,f2,first_soc,front
105.707,19.1147,100,0
time
45.88
soc
68
f1,f2,first_soc,front
106.717,17.9597,100,0
time
45.88
soc
70
f1,f2,first_soc,front
104.697,20.2697,100,0
time
45.88
soc
66
f1,f2,first_soc,front
104.52,20.4708,100,0
time
44.52
soc
68
f1,f2,first_soc,front
109.571,14.6959,100,0
time
44.52
soc
78
f1,f2,first_soc,front
110.757,13.3397,100,0
time
45.88
soc
78
f1,f2,first_soc,front
107.727,16.8047,100,0
time
45.88
soc
72
f1,f2,first_soc,front
108.737,15.6497,100,0
time
45.88
soc
74
f1,f2,first_soc,front
110.076,14.1184,100,0
time
44.52
soc
79
f1,f2,first_soc,front
106.212,18.5372,100,0
time
45.88
soc
69
f1,f2,first_soc,front
105.707,19.1147,100,0
time
45.88
soc
68
f1,f2,first_soc,front
105.202,19.6922,100,0
time
45.88
soc
67
f1,f2,first_soc,front
105.025,19.8933,100,0
time
44.52
soc
69
f1,f2,first_soc,front
104.697,20.2697,100,0
time
45.88
soc
66
f1,f2,first_soc,front
110.252,13.9172,100,0
time
45.88
soc
77
f1,f2,first_soc,front
104.52,20.4708,100,0
time
44.52
soc
68
f1,f2,first_soc,front
112.553,11.7747,100,0
time
45.88,73.067
soc
68,76
f1,f2,first_soc,front
113.815,11.5624,100,0
time
36.36,77.7991
soc
75,62
f1,f2,first_soc,front
113.949,11.5601,100,0
time
44.52,61.274,91.8475
soc
47,70,52
f1,f2,first_soc,front
112.618,11.7025,100,0
time
37.72,77.626
soc
75,62
f1,f2,first_soc,front
112.618,11.7025,100,0
time
37.72,77.626
soc
75,62
f1,f2,first_soc,front
112.553,11.7747,100,0
time
45.88,73.067
soc
68,76
f1,f2,first_soc,front
104.697,20.2697,100,0
time
45.88
soc
66
f1,f2,first_soc,front
110.757,13.3397,100,0
time
45.88
soc
78
f1,f2,first_soc,front
104.697,20.2697,100,0
time
45.88
soc
66
f1,f2,first_soc,front
104.697,20.2697,100,0
time
45.88
soc
66
f1,f2,first_soc,front
104.697,20.2697,100,0
time
45.88
soc
66
f1,f2,first_soc,front
104.697,20.2697,100,0
time
45.88
soc
66
f1,f2,first_soc,front
104.697,20.2697,100,0
time
45.88
soc
66
f1,f2,first_soc,front
104.697,20.2697,100,0
time
45.88
soc
66
f1,f2,first_soc,front
104.697,20.2697,100,0
time
45.88
soc
66
f1,f2,first_soc,front
104.697,20.2697,100,0
time
45.88
soc
66
f1,f2,first_soc,front
104.697,20.2697,100,0
time
45.88
soc
66
f1,f2,first_soc,front
104.697,20.2697,100,0
time
45.88
soc
66
f1,f2,first_soc,front
104.697,20.2697,100,0
time
45.88
soc
66
f1,f2,first_soc,front
104.697,20.2697,100,0
time
45.88
soc
66
f1,f2,first_soc,front
104.697,20.2697,100,0
time
45.88
soc
66
f1,f2,first_soc,front
104.697,20.2697,100,0
time
45.88
soc
66
f1,f2,first_soc,front
110.581,13.5409,100,0
time
44.52
soc
80
f1,f2,first_soc,front
104.52,20.4708,100,0
time
44.52
soc
68
f1,f2,first_soc,front
104.52,20.4708,100,0
time
44.52
soc
68
f1,f2,first_soc,front
104.52,20.4708,100,0
time
44.52
soc
68
f1,f2,first_soc,front
104.52,20.4708,100,0
time
44.52
soc
68
f1,f2,first_soc,front
104.52,20.4708,100,0
time
44.52
soc
68
f1,f2,first_soc,front
104.52,20.4708,100,0
time
44.52
soc
68
f1,f2,first_soc,front
104.52,20.4708,100,0
time
44.52
soc
68
f1,f2,first_soc,front
104.52,20.4708,100,0
time
44.52
soc
68
f1,f2,first_soc,front
110.581,13.5409,100,0
time
44.52
soc
80
f1,f2,first_soc,front
104.52,20.4708,100,0
time
44.52
soc
68
f1,f2,first_soc,front
104.52,20.4708,100,0
time
44.52
soc
68
f1,f2,first_soc,front
104.52,20.4708,100,0
time
44.52
soc
68
f1,f2,first_soc,front
104.52,20.4708,100,0
time
44.52
soc
68
f1,f2,first_soc,front
104.52,20.4708,100,0
time
44.52
soc
68
f1,f2,first_soc,front
112.896,11.563,100,0
time
45.88,95.8371
soc
70,39
f1,f2,first_soc,front
104.697,20.2697,100,0
time
45.88
soc
66
f1,f2,first_soc,front
104.697,20.2697,100,0
time
45.88
soc
66
f1,f2,first_soc,front
104.697,20.2697,100,0
time
45.88
soc
66
f1,f2,first_soc,front
104.697,20.2697,100,0
time
45.88
soc
66
f1,f2,first_soc,front
104.697,20.2697,100,0
time
45.88
soc
66
f1,f2,first_soc,front
104.697,20.2697,100,0
time
45.88
soc
66
f1,f2,first_soc,front
104.697,20.2697,100,0
time
45.88
soc
66
f1,f2,first_soc,front
104.697,20.2697,100,0
time
45.88
soc
66
f1,f2,first_soc,front
104.697,20.2697,100,0
time
45.88
soc
66
f1,f2,first_soc,front
104.697,20.2697,100,0
time
45.88
soc
66
f1,f2,first_soc,front
104.697,20.2697,100,0
time
45.88
soc
66
f1,f2,first_soc,front
104.697,20.2697,100,0
time
45.88
soc
66
f1,f2,first_soc,front
104.697,20.2697,100,0
time
45.88
soc
66
f1,f2,first_soc,front
104.697,20.2697,100,0
time
45.88
soc
66
f1,f2,first_soc,front
104.697,20.2697,100,0
time
45.88
soc
66
f1,f2,first_soc,front
104.697,20.2697,100,0
time
45.88
soc
66
f1,f2,first_soc,front
104.697,20.2697,100,0
time
45.88
soc
66
f1,f2,first_soc,front
104.697,20.2697,100,0
time
45.88
soc
66
f1,f2,first_soc,front
104.697,20.2697,100,0
time
45.88
soc
66
f1,f2,first_soc,front
104.697,20.2697,100,0
time
45.88
soc
66
f1,f2,first_soc,front
104.697,20.2697,100,0
time
45.88
soc
66
f1,f2,first_soc,front
104.697,20.2697,100,0
time
45.88
soc
66
f1,f2,first_soc,front
104.697,20.2697,100,0
time
45.88
soc
66
f1,f2,first_soc,front
104.697,20.2697,100,0
time
45.88
soc
66
f1,f2,first_soc,front
104.697,20.2697,100,0
time
45.88
soc
66
f1,f2,first_soc,front
104.697,20.2697,100,0
time
45.88
soc
66
f1,f2,first_soc,front
104.697,20.2697,100,0
time
45.88
soc
66
f1,f2,first_soc,front
112.896,11.563,100,0
time
45.88,95.8371
soc
70,39
f1,f2,first_soc,front
104.697,20.2697,100,0
time
45.88
soc
66
f1,f2,first_soc,front
104.697,20.2697,100,0
time
45.88
soc
66
f1,f2,first_soc,front
104.697,20.2697,100,0
time
45.88
soc
66
f1,f2,first_soc,front
104.697,20.2697,100,0
time
45.88
soc
66
f1,f2,first_soc,front
104.697,20.2697,100,0
time
45.88
soc
66
f1,f2,first_soc,front
104.697,20.2697,100,0
time
45.88
soc
66
f1,f2,first_soc,front
104.697,20.2697,100,0
time
45.88
soc
66
f1,f2,first_soc,front
104.015,21.0483,100,0
time
44.52
soc
67
f1,f2,first_soc,front
110.581,13.5409,100,0
time
44.52
soc
80
f1,f2,first_soc,front
112.896,11.563,100,0
time
45.88,95.8371
soc
70,39
f1,f2,first_soc,front
104.015,21.0483,100,0
time
44.52
soc
67
f1,f2,first_soc,front
104.015,21.0483,100,0
time
44.52
soc
67
f1,f2,first_soc,front
104.015,21.0483,100,0
time
44.52
soc
67
f1,f2,first_soc,front
104.015,21.0483,100,0
time
44.52
soc
67
f1,f2,first_soc,front
104.015,21.0483,100,0
time
44.52
soc
67
f1,f2,first_soc,front
104.015,21.0483,100,0
time
44.52
soc
67
f1,f2,first_soc,front
104.015,21.0483,100,0
time
44.52
soc
67
f1,f2,first_soc,front
104.015,21.0483,100,0
time
44.52
soc
67
f1,f2,first_soc,front
104.015,21.0483,100,0
time
44.52
soc
67
f1,f2,first_soc,front
104.015,21.0483,100,0
time
44.52
soc
67
f1,f2,first_soc,front
104.015,21.0483,100,0
time
44.52
soc
67
f1,f2,first_soc,front
104.015,21.0483,100,0
time
44.52
soc
67
f1,f2,first_soc,front
104.015,21.0483,100,0
time
44.52
soc
67
f1,f2,first_soc,front
104.015,21.0483,100,0
time
44.52
soc
67
f1,f2,first_soc,front
104.015,21.0483,100,0
time
44.52
soc
67
f1,f2,first_soc,front
110.757,13.3397,100,0
time
45.88
soc
78
f1,f2,first_soc,front
104.015,21.0483,100,0
time
44.52
soc
67
f1,f2,first_soc,front
104.015,21.0483,100,0
time
44.52
soc
67
f1,f2,first_soc,front
104.015,21.0483,100,0
time
44.52
soc
67
f1,f2,first_soc,front
104.015,21.0483,100,0
time
44.52
soc
67
f1,f2,first_soc,front
104.015,21.0483,100,0
time
44.52
soc
67
f1,f2,first_soc,front
104.015,21.0483,100,0
time
44.52
soc
67
f1,f2,first_soc,front
104.015,21.0483,100,0
time
44.52
soc
67
f1,f2,first_soc,front
104.015,21.0483,100,0
time
44.52
soc
67
f1,f2,first_soc,front
104.015,21.0483,100,0
time
44.52
soc
67
f1,f2,first_soc,front
104.015,21.0483,100,0
time
44.52
soc
67
f1,f2,first_soc,front
104.015,21.0483,100,0
time
44.52
soc
67
f1,f2,first_soc,front
104.015,21.0483,100,0
time
44.52
soc
67
f1,f2,first_soc,front
104.015,21.0483,100,0
time
44.52
soc
67
f1,f2,first_soc,front
104.015,21.0483,100,0
time
44.52
soc
67
f1,f2,first_soc,front
104.015,21.0483,100,0
time
44.52
soc
67
f1,f2,first_soc,front
104.015,21.0483,100,0
time
44.52
soc
67
f1,f2,first_soc,front
104.015,21.0483,100,0
time
44.52
soc
67
f1,f2,first_soc,front
104.015,21.0483,100,0
time
44.52
soc
67
f1,f2,first_soc,front
104.015,21.0483,100,0
time
44.52
soc
67
f1,f2,first_soc,front
104.015,21.0483,100,0
time
44.52
soc
67
f1,f2,first_soc,front
104.015,21.0483,100,0
time
44.52
soc
67
f1,f2,first_soc,front
104.015,21.0483,100,0
time
44.52
soc
67
第42世代
f1,f2,first_soc,front
113.949,11.5601,100,0
time
44.52,60.769,91.8475
soc
46,70,52
f1,f2,first_soc,front
104.015,21.0483,100,0
time
44.52
soc
67
f1,f2,first_soc,front
104.015,21.0483,100,0
time
44.52
soc
67
f1,f2,first_soc,front
111.263,12.7622,100,0
time
45.88
soc
79
f1,f2,first_soc,front
112.896,11.563,100,0
time
45.88,95.8371
soc
70,39
f1,f2,first_soc,front
113.815,11.5624,100,0
time
36.36,77.7991
soc
75,62
f1,f2,first_soc,front
112.391,11.9595,100,0
time
45.88,95.8371
soc
70,38
f1,f2,first_soc,front
106.717,17.9597,100,0
time
45.88
soc
70
f1,f2,first_soc,front
110.757,13.3397,100,0
time
45.88
soc
78
f1,f2,first_soc,front
111.768,12.1847,100,0
time
45.88
soc
80
f1,f2,first_soc,front
105.202,19.6922,100,0
time
45.88
soc
67
f1,f2,first_soc,front
109.066,15.2734,100,0
time
44.52
soc
77
f1,f2,first_soc,front
109.571,14.6959,100,0
time
44.52
soc
78
f1,f2,first_soc,front
106.358,18.3705,100,0
time
43.16
soc
74
f1,f2,first_soc,front
105.707,19.1147,100,0
time
45.88
soc
68
f1,f2,first_soc,front
106.035,18.7383,100,0
time
44.52
soc
71
f1,f2,first_soc,front
107.55,17.0059,100,0
time
44.52
soc
74
f1,f2,first_soc,front
108.232,16.2272,100,0
time
45.88
soc
73
f1,f2,first_soc,front
108.561,15.8509,100,0
time
44.52
soc
76
f1,f2,first_soc,front
111.768,12.1847,100,0
time
45.88
soc
80
f1,f2,first_soc,front
107.222,17.3822,100,0
time
45.88
soc
71
f1,f2,first_soc,front
104.52,20.4708,100,0
time
44.52
soc
68
f1,f2,first_soc,front
104.015,21.0483,100,0
time
44.52
soc
67
f1,f2,first_soc,front
111.263,12.7622,100,0
time
45.88
soc
79
f1,f2,first_soc,front
111.768,12.1847,100,0
time
45.88
soc
80
f1,f2,first_soc,front
105.025,19.8933,100,0
time
44.52
soc
69
f1,f2,first_soc,front
110.076,14.1184,100,0
time
44.52
soc
79
f1,f2,first_soc,front
109.747,14.4947,100,0
time
45.88
soc
76
f1,f2,first_soc,front
107.727,16.8047,100,0
time
45.88
soc
72
f1,f2,first_soc,front
108.737,15.6497,100,0
time
45.88
soc
74
f1,f2,first_soc,front
110.252,13.9172,100,0
time
45.88
soc
77
f1,f2,first_soc,front
109.242,15.0722,100,0
time
45.88
soc
75
f1,f2,first_soc,front
109.747,14.4947,100,0
time
45.88
soc
76
f1,f2,first_soc,front
107.222,17.3822,100,0
time
45.88
soc
71
f1,f2,first_soc,front
106.717,17.9597,100,0
time
45.88
soc
70
f1,f2,first_soc,front
104.015,21.0483,100,0
time
44.52
soc
67
f1,f2,first_soc,front
104.52,20.4708,100,0
time
44.52
soc
68
f1,f2,first_soc,front
111.263,12.7622,100,0
time
45.88
soc
79
f1,f2,first_soc,front
110.757,13.3397,100,0
time
45.88
soc
78
f1,f2,first_soc,front
106.54,18.1609,100,0
time
44.52
soc
72
f1,f2,first_soc,front
105.53,19.3158,100,0
time
44.52
soc
70
f1,f2,first_soc,front
104.697,20.2697,100,0
time
45.88
soc
66
f1,f2,first_soc,front
108.737,15.6497,100,0
time
45.88
soc
74
f1,f2,first_soc,front
108.055,16.4284,100,0
time
44.52
soc
75
f1,f2,first_soc,front
107.727,16.8047,100,0
time
45.88
soc
72
f1,f2,first_soc,front
109.242,15.0722,100,0
time
45.88
soc
75
f1,f2,first_soc,front
110.581,13.5409,100,0
time
44.52
soc
80
f1,f2,first_soc,front
110.252,13.9172,100,0
time
45.88
soc
77
f1,f2,first_soc,front
107.222,17.3822,100,0
time
45.88
soc
71
f1,f2,first_soc,front
106.212,18.5372,100,0
time
45.88
soc
69
f1,f2,first_soc,front
106.035,18.7383,100,0
time
44.52
soc
71
f1,f2,first_soc,front
105.53,19.3158,100,0
time
44.52
soc
70
f1,f2,first_soc,front
108.232,16.2272,100,0
time
45.88
soc
73
f1,f2,first_soc,front
105.707,19.1147,100,0
time
45.88
soc
68
f1,f2,first_soc,front
107.55,17.0059,100,0
time
44.52
soc
74
f1,f2,first_soc,front
108.561,15.8509,100,0
time
44.52
soc
76
f1,f2,first_soc,front
106.54,18.1609,100,0
time
44.52
soc
72
f1,f2,first_soc,front
109.066,15.2734,100,0
time
44.52
soc
77
f1,f2,first_soc,front
109.571,14.6959,100,0
time
44.52
soc
78
f1,f2,first_soc,front
105.202,19.6922,100,0
time
45.88
soc
67
f1,f2,first_soc,front
112.618,11.7025,100,0
time
37.72,77.626
soc
75,62
f1,f2,first_soc,front
104.697,20.2697,100,0
time
45.88
soc
66
f1,f2,first_soc,front
110.076,14.1184,100,0
time
44.52
soc
79
f1,f2,first_soc,front
108.055,16.4284,100,0
time
44.52
soc
75
f1,f2,first_soc,front
110.581,13.5409,100,0
time
44.52
soc
80
f1,f2,first_soc,front
105.025,19.8933,100,0
time
44.52
soc
69
f1,f2,first_soc,front
107.222,17.3822,100,0
time
45.88
soc
71
f1,f2,first_soc,front
105.53,19.3158,100,0
time
44.52
soc
70
f1,f2,first_soc,front
112.391,11.9595,100,0
time
45.88,95.8371
soc
70,38
f1,f2,first_soc,front
112.896,11.563,100,0
time
45.88,95.8371
soc
70,39
f1,f2,first_soc,front
110.581,13.5409,100,0
time
44.52
soc
80
f1,f2,first_soc,front
110.076,14.1184,100,0
time
44.52
soc
79
f1,f2,first_soc,front
104.697,20.2697,100,0
time
45.88
soc
66
f1,f2,first_soc,front
106.717,17.9597,100,0
time
45.88
soc
70
f1,f2,first_soc,front
104.52,20.4708,100,0
time
44.52
soc
68
f1,f2,first_soc,front
108.055,16.4284,100,0
time
44.52
soc
75
f1,f2,first_soc,front
110.757,13.3397,100,0
time
45.88
soc
78
f1,f2,first_soc,front
105.025,19.8933,100,0
time
44.52
soc
69
f1,f2,first_soc,front
112.538,11.7921,100,0
time
45.88,96.1474
soc
76,43
f1,f2,first_soc,front
109.242,15.0722,100,0
time
45.88
soc
75
f1,f2,first_soc,front
104.52,20.4708,100,0
time
44.52
soc
68
f1,f2,first_soc,front
108.055,16.4284,100,0
time
44.52
soc
75
f1,f2,first_soc,front
108.737,15.6497,100,0
time
45.88
soc
74
f1,f2,first_soc,front
104.697,20.2697,100,0
time
45.88
soc
66
f1,f2,first_soc,front
110.252,13.9172,100,0
time
45.88
soc
77
f1,f2,first_soc,front
110.581,13.5409,100,0
time
44.52
soc
80
f1,f2,first_soc,front
107.727,16.8047,100,0
time
45.88
soc
72
f1,f2,first_soc,front
106.212,18.5372,100,0
time
45.88
soc
69
f1,f2,first_soc,front
112.538,11.7921,100,0
time
45.88,96.1474
soc
76,43
f1,f2,first_soc,front
106.212,18.5372,100,0
time
45.88
soc
69
f1,f2,first_soc,front
112.618,11.7025,100,0
time
37.72,77.626
soc
75,62
f1,f2,first_soc,front
112.553,11.7747,100,0
time
45.88,73.067
soc
68,76
f1,f2,first_soc,front
113.949,11.5601,100,0
time
44.52,61.274,91.8475
soc
47,70,52
f1,f2,first_soc,front
113.815,11.5624,100,0
time
36.36,77.7991
soc
75,62
f1,f2,first_soc,front
112.618,11.7025,100,0
time
37.72,77.626
soc
75,62
f1,f2,first_soc,front
112.553,11.7747,100,0
time
45.88,73.067
soc
68,76
f1,f2,first_soc,front
112.896,11.563,100,0
time
45.88,95.8371
soc
70,39
f1,f2,first_soc,front
104.697,20.2697,100,0
time
45.88
soc
66
f1,f2,first_soc,front
104.697,20.2697,100,0
time
45.88
soc
66
f1,f2,first_soc,front
104.697,20.2697,100,0
time
45.88
soc
66
f1,f2,first_soc,front
104.697,20.2697,100,0
time
45.88
soc
66
f1,f2,first_soc,front
104.697,20.2697,100,0
time
45.88
soc
66
f1,f2,first_soc,front
104.697,20.2697,100,0
time
45.88
soc
66
f1,f2,first_soc,front
104.697,20.2697,100,0
time
45.88
soc
66
f1,f2,first_soc,front
104.697,20.2697,100,0
time
45.88
soc
66
f1,f2,first_soc,front
104.697,20.2697,100,0
time
45.88
soc
66
f1,f2,first_soc,front
104.697,20.2697,100,0
time
45.88
soc
66
f1,f2,first_soc,front
104.697,20.2697,100,0
time
45.88
soc
66
f1,f2,first_soc,front
104.697,20.2697,100,0
time
45.88
soc
66
f1,f2,first_soc,front
104.697,20.2697,100,0
time
45.88
soc
66
f1,f2,first_soc,front
104.52,20.4708,100,0
time
44.52
soc
68
f1,f2,first_soc,front
104.697,20.2697,100,0
time
45.88
soc
66
f1,f2,first_soc,front
104.697,20.2697,100,0
time
45.88
soc
66
f1,f2,first_soc,front
104.697,20.2697,100,0
time
45.88
soc
66
f1,f2,first_soc,front
112.896,11.563,100,0
time
45.88,95.8371
soc
70,39
f1,f2,first_soc,front
112.896,11.563,100,0
time
45.88,95.8371
soc
70,39
f1,f2,first_soc,front
104.52,20.4708,100,0
time
44.52
soc
68
f1,f2,first_soc,front
104.52,20.4708,100,0
time
44.52
soc
68
f1,f2,first_soc,front
104.52,20.4708,100,0
time
44.52
soc
68
f1,f2,first_soc,front
104.52,20.4708,100,0
time
44.52
soc
68
f1,f2,first_soc,front
104.52,20.4708,100,0
time
44.52
soc
68
f1,f2,first_soc,front
104.52,20.4708,100,0
time
44.52
soc
68
f1,f2,first_soc,front
104.52,20.4708,100,0
time
44.52
soc
68
f1,f2,first_soc,front
104.52,20.4708,100,0
time
44.52
soc
68
f1,f2,first_soc,front
104.52,20.4708,100,0
time
44.52
soc
68
f1,f2,first_soc,front
104.52,20.4708,100,0
time
44.52
soc
68
f1,f2,first_soc,front
104.697,20.2697,100,0
time
45.88
soc
66
f1,f2,first_soc,front
104.697,20.2697,100,0
time
45.88
soc
66
f1,f2,first_soc,front
104.697,20.2697,100,0
time
45.88
soc
66
f1,f2,first_soc,front
104.697,20.2697,100,0
time
45.88
soc
66
f1,f2,first_soc,front
104.697,20.2697,100,0
time
45.88
soc
66
f1,f2,first_soc,front
104.697,20.2697,100,0
time
45.88
soc
66
f1,f2,first_soc,front
104.697,20.2697,100,0
time
45.88
soc
66
f1,f2,first_soc,front
104.697,20.2697,100,0
time
45.88
soc
66
f1,f2,first_soc,front
104.697,20.2697,100,0
time
45.88
soc
66
f1,f2,first_soc,front
104.697,20.2697,100,0
time
45.88
soc
66
f1,f2,first_soc,front
104.697,20.2697,100,0
time
45.88
soc
66
f1,f2,first_soc,front
104.697,20.2697,100,0
time
45.88
soc
66
f1,f2,first_soc,front
104.697,20.2697,100,0
time
45.88
soc
66
f1,f2,first_soc,front
104.697,20.2697,100,0
time
45.88
soc
66
f1,f2,first_soc,front
104.697,20.2697,100,0
time
45.88
soc
66
f1,f2,first_soc,front
104.697,20.2697,100,0
time
45.88
soc
66
f1,f2,first_soc,front
104.697,20.2697,100,0
time
45.88
soc
66
f1,f2,first_soc,front
104.697,20.2697,100,0
time
45.88
soc
66
f1,f2,first_soc,front
104.697,20.2697,100,0
time
45.88
soc
66
f1,f2,first_soc,front
104.697,20.2697,100,0
time
45.88
soc
66
f1,f2,first_soc,front
104.697,20.2697,100,0
time
45.88
soc
66
f1,f2,first_soc,front
104.697,20.2697,100,0
time
45.88
soc
66
f1,f2,first_soc,front
104.697,20.2697,100,0
time
45.88
soc
66
f1,f2,first_soc,front
104.697,20.2697,100,0
time
45.88
soc
66
f1,f2,first_soc,front
104.697,20.2697,100,0
time
45.88
soc
66
f1,f2,first_soc,front
104.697,20.2697,100,0
time
45.88
soc
66
f1,f2,first_soc,front
104.697,20.2697,100,0
time
45.88
soc
66
f1,f2,first_soc,front
104.697,20.2697,100,0
time
45.88
soc
66
f1,f2,first_soc,front
104.697,20.2697,100,0
time
45.88
soc
66
f1,f2,first_soc,front
104.697,20.2697,100,0
time
45.88
soc
66
f1,f2,first_soc,front
112.896,11.563,100,0
time
45.88,95.8371
soc
70,39
f1,f2,first_soc,front
104.697,20.2697,100,0
time
45.88
soc
66
f1,f2,first_soc,front
104.015,21.0483,100,0
time
44.52
soc
67
f1,f2,first_soc,front
104.015,21.0483,100,0
time
44.52
soc
67
f1,f2,first_soc,front
104.015,21.0483,100,0
time
44.52
soc
67
f1,f2,first_soc,front
104.015,21.0483,100,0
time
44.52
soc
67
f1,f2,first_soc,front
104.015,21.0483,100,0
time
44.52
soc
67
f1,f2,first_soc,front
104.015,21.0483,100,0
time
44.52
soc
67
f1,f2,first_soc,front
104.015,21.0483,100,0
time
44.52
soc
67
f1,f2,first_soc,front
104.015,21.0483,100,0
time
44.52
soc
67
f1,f2,first_soc,front
104.015,21.0483,100,0
time
44.52
soc
67
f1,f2,first_soc,front
104.015,21.0483,100,0
time
44.52
soc
67
f1,f2,first_soc,front
113.815,11.5624,100,0
time
36.36,77.7991
soc
75,62
f1,f2,first_soc,front
104.015,21.0483,100,0
time
44.52
soc
67
f1,f2,first_soc,front
104.015,21.0483,100,0
time
44.52
soc
67
f1,f2,first_soc,front
104.015,21.0483,100,0
time
44.52
soc
67
f1,f2,first_soc,front
104.015,21.0483,100,0
time
44.52
soc
67
f1,f2,first_soc,front
104.015,21.0483,100,0
time
44.52
soc
67
f1,f2,first_soc,front
104.015,21.0483,100,0
time
44.52
soc
67
f1,f2,first_soc,front
104.015,21.0483,100,0
time
44.52
soc
67
f1,f2,first_soc,front
104.015,21.0483,100,0
time
44.52
soc
67
f1,f2,first_soc,front
104.015,21.0483,100,0
time
44.52
soc
67
f1,f2,first_soc,front
104.015,21.0483,100,0
time
44.52
soc
67
f1,f2,first_soc,front
104.015,21.0483,100,0
time
44.52
soc
67
f1,f2,first_soc,front
104.015,21.0483,100,0
time
44.52
soc
67
f1,f2,first_soc,front
104.015,21.0483,100,0
time
44.52
soc
67
f1,f2,first_soc,front
104.015,21.0483,100,0
time
44.52
soc
67
f1,f2,first_soc,front
104.015,21.0483,100,0
time
44.52
soc
67
f1,f2,first_soc,front
104.015,21.0483,100,0
time
44.52
soc
67
f1,f2,first_soc,front
104.015,21.0483,100,0
time
44.52
soc
67
f1,f2,first_soc,front
104.015,21.0483,100,0
time
44.52
soc
67
f1,f2,first_soc,front
104.015,21.0483,100,0
time
44.52
soc
67
f1,f2,first_soc,front
104.015,21.0483,100,0
time
44.52
soc
67
f1,f2,first_soc,front
104.015,21.0483,100,0
time
44.52
soc
67
f1,f2,first_soc,front
104.015,21.0483,100,0
time
44.52
soc
67
f1,f2,first_soc,front
112.896,11.563,100,0
time
45.88,95.8371
soc
70,39
f1,f2,first_soc,front
104.52,20.4708,100,0
time
44.52
soc
68
f1,f2,first_soc,front
104.52,20.4708,100,0
time
44.52
soc
68
f1,f2,first_soc,front
112.896,11.563,100,0
time
45.88,95.8371
soc
70,39
f1,f2,first_soc,front
104.52,20.4708,100,0
time
44.52
soc
68
f1,f2,first_soc,front
104.52,20.4708,100,0
time
44.52
soc
68
f1,f2,first_soc,front
104.52,20.4708,100,0
time
44.52
soc
68
f1,f2,first_soc,front
104.52,20.4708,100,0
time
44.52
soc
68
f1,f2,first_soc,front
104.52,20.4708,100,0
time
44.52
soc
68
第43世代
f1,f2,first_soc,front
104.015,21.0483,100,0
time
44.52
soc
67
f1,f2,first_soc,front
104.015,21.0483,100,0
time
44.52
soc
67
f1,f2,first_soc,front
113.949,11.5601,100,0
time
44.52,60.769,91.8475
soc
46,70,52
f1,f2,first_soc,front
111.768,12.1847,100,0
time
45.88
soc
80
f1,f2,first_soc,front
110.757,13.3397,100,0
time
45.88
soc
78
f1,f2,first_soc,front
111.755,12.6872,100,0
time
45.88,73.4565
soc
58,65
f1,f2,first_soc,front
111.263,12.7622,100,0
time
45.88
soc
79
f1,f2,first_soc,front
107.222,17.3822,100,0
time
45.88
soc
71
f1,f2,first_soc,front
113.815,11.5624,100,0
time
36.36,77.7991
soc
75,62
f1,f2,first_soc,front
112.896,11.563,100,0
time
45.88,95.8371
soc
70,39
f1,f2,first_soc,front
112.391,11.9595,100,0
time
45.88,95.8371
soc
70,38
f1,f2,first_soc,front
106.717,17.9597,100,0
time
45.88
soc
70
f1,f2,first_soc,front
105.202,19.6922,100,0
time
45.88
soc
67
f1,f2,first_soc,front
105.53,19.3158,100,0
time
44.52
soc
70
f1,f2,first_soc,front
109.066,15.2734,100,0
time
44.52
soc
77
f1,f2,first_soc,front
108.055,16.4284,100,0
time
44.52
soc
75
f1,f2,first_soc,front
110.252,13.9172,100,0
time
45.88
soc
77
f1,f2,first_soc,front
109.571,14.6959,100,0
time
44.52
soc
78
f1,f2,first_soc,front
108.561,15.8509,100,0
time
44.52
soc
76
f1,f2,first_soc,front
106.035,18.7383,100,0
time
44.52
soc
71
f1,f2,first_soc,front
107.55,17.0059,100,0
time
44.52
soc
74
f1,f2,first_soc,front
105.707,19.1147,100,0
time
45.88
soc
68
f1,f2,first_soc,front
104.015,21.0483,100,0
time
44.52
soc
67
f1,f2,first_soc,front
104.52,20.4708,100,0
time
44.52
soc
68
f1,f2,first_soc,front
111.263,12.7622,100,0
time
45.88
soc
79
f1,f2,first_soc,front
105.025,19.8933,100,0
time
44.52
soc
69
f1,f2,first_soc,front
110.076,14.1184,100,0
time
44.52
soc
79
f1,f2,first_soc,front
108.232,16.2272,100,0
time
45.88
soc
73
f1,f2,first_soc,front
108.232,16.2272,100,0
time
45.88
soc
73
f1,f2,first_soc,front
109.747,14.4947,100,0
time
45.88
soc
76
f1,f2,first_soc,front
108.737,15.6497,100,0
time
45.88
soc
74
f1,f2,first_soc,front
109.242,15.0722,100,0
time
45.88
soc
75
f1,f2,first_soc,front
104.015,21.0483,100,0
time
44.52
soc
67
f1,f2,first_soc,front
106.717,17.9597,100,0
time
45.88
soc
70
f1,f2,first_soc,front
104.52,20.4708,100,0
time
44.52
soc
68
f1,f2,first_soc,front
107.222,17.3822,100,0
time
45.88
soc
71
f1,f2,first_soc,front
112.618,11.7025,100,0
time
37.72,77.626
soc
75,62
f1,f2,first_soc,front
106.358,18.3705,100,0
time
43.16
soc
74
f1,f2,first_soc,front
106.54,18.1609,100,0
time
44.52
soc
72
f1,f2,first_soc,front
108.737,15.6497,100,0
time
45.88
soc
74
f1,f2,first_soc,front
107.727,16.8047,100,0
time
45.88
soc
72
f1,f2,first_soc,front
104.697,20.2697,100,0
time
45.88
soc
66
f1,f2,first_soc,front
110.581,13.5409,100,0
time
44.52
soc
80
f1,f2,first_soc,front
109.242,15.0722,100,0
time
45.88
soc
75
f1,f2,first_soc,front
109.747,14.4947,100,0
time
45.88
soc
76
f1,f2,first_soc,front
107.222,17.3822,100,0
time
45.88
soc
71
f1,f2,first_soc,front
106.035,18.7383,100,0
time
44.52
soc
71
f1,f2,first_soc,front
109.571,14.6959,100,0
time
44.52
soc
78
f1,f2,first_soc,front
107.55,17.0059,100,0
time
44.52
soc
74
f1,f2,first_soc,front
106.54,18.1609,100,0
time
44.52
soc
72
f1,f2,first_soc,front
110.252,13.9172,100,0
time
45.88
soc
77
f1,f2,first_soc,front
109.066,15.2734,100,0
time
44.52
soc
77
f1,f2,first_soc,front
105.707,19.1147,100,0
time
45.88
soc
68
f1,f2,first_soc,front
108.055,16.4284,100,0
time
44.52
soc
75
f1,f2,first_soc,front
108.561,15.8509,100,0
time
44.52
soc
76
f1,f2,first_soc,front
110.757,13.3397,100,0
time
45.88
soc
78
f1,f2,first_soc,front
110.581,13.5409,100,0
time
44.52
soc
80
f1,f2,first_soc,front
105.202,19.6922,100,0
time
45.88
soc
67
f1,f2,first_soc,front
106.212,18.5372,100,0
time
45.88
soc
69
f1,f2,first_soc,front
104.697,20.2697,100,0
time
45.88
soc
66
f1,f2,first_soc,front
105.025,19.8933,100,0
time
44.52
soc
69
f1,f2,first_soc,front
110.076,14.1184,100,0
time
44.52
soc
79
f1,f2,first_soc,front
110.581,13.5409,100,0
time
44.52
soc
80
f1,f2,first_soc,front
107.727,16.8047,100,0
time
45.88
soc
72
f1,f2,first_soc,front
112.538,11.7921,100,0
time
45.88,96.1474
soc
76,43
f1,f2,first_soc,front
112.391,11.9595,100,0
time
45.88,95.8371
soc
70,38
f1,f2,first_soc,front
106.358,18.3705,100,0
time
43.16
soc
74
f1,f2,first_soc,front
112.896,11.563,100,0
time
45.88,95.8371
soc
70,39
f1,f2,first_soc,front
111.768,12.1847,100,0
time
45.88
soc
80
f1,f2,first_soc,front
104.52,20.4708,100,0
time
44.52
soc
68
f1,f2,first_soc,front
105.53,19.3158,100,0
time
44.52
soc
70
f1,f2,first_soc,front
110.076,14.1184,100,0
time
44.52
soc
79
f1,f2,first_soc,front
106.717,17.9597,100,0
time
45.88
soc
70
f1,f2,first_soc,front
104.697,20.2697,100,0
time
45.88
soc
66
f1,f2,first_soc,front
107.727,16.8047,100,0
time
45.88
soc
72
f1,f2,first_soc,front
105.025,19.8933,100,0
time
44.52
soc
69
f1,f2,first_soc,front
108.737,15.6497,100,0
time
45.88
soc
74
f1,f2,first_soc,front
107.727,16.8047,100,0
time
45.88
soc
72
f1,f2,first_soc,front
106.212,18.5372,100,0
time
45.88
soc
69
f1,f2,first_soc,front
109.242,15.0722,100,0
time
45.88
soc
75
f1,f2,first_soc,front
105.53,19.3158,100,0
time
44.52
soc
70
f1,f2,first_soc,front
104.52,20.4708,100,0
time
44.52
soc
68
f1,f2,first_soc,front
104.697,20.2697,100,0
time
45.88
soc
66
f1,f2,first_soc,front
109.747,14.4947,100,0
time
45.88
soc
76
f1,f2,first_soc,front
106.212,18.5372,100,0
time
45.88
soc
69
f1,f2,first_soc,front
112.896,11.563,100,0
time
45.88,95.8371
soc
70,39
f1,f2,first_soc,front
112.618,11.7025,100,0
time
37.72,77.626
soc
75,62
f1,f2,first_soc,front
112.553,11.7747,100,0
time
45.88,73.067
soc
68,76
f1,f2,first_soc,front
113.949,11.5601,100,0
time
44.52,61.274,91.8475
soc
47,70,52
f1,f2,first_soc,front
113.815,11.5624,100,0
time
36.36,77.7991
soc
75,62
f1,f2,first_soc,front
112.538,11.7921,100,0
time
45.88,96.1474
soc
76,43
f1,f2,first_soc,front
112.553,11.7747,100,0
time
45.88,73.067
soc
68,76
f1,f2,first_soc,front
112.553,11.7747,100,0
time
45.88,73.067
soc
68,76
f1,f2,first_soc,front
111.768,12.1847,100,0
time
45.88
soc
80
f1,f2,first_soc,front
113.815,11.5624,100,0
time
36.36,77.7991
soc
75,62
f1,f2,first_soc,front
112.896,11.563,100,0
time
45.88,95.8371
soc
70,39
f1,f2,first_soc,front
104.697,20.2697,100,0
time
45.88
soc
66
f1,f2,first_soc,front
104.697,20.2697,100,0
time
45.88
soc
66
f1,f2,first_soc,front
104.697,20.2697,100,0
time
45.88
soc
66
f1,f2,first_soc,front
104.697,20.2697,100,0
time
45.88
soc
66
f1,f2,first_soc,front
104.697,20.2697,100,0
time
45.88
soc
66
f1,f2,first_soc,front
104.697,20.2697,100,0
time
45.88
soc
66
f1,f2,first_soc,front
104.697,20.2697,100,0
time
45.88
soc
66
f1,f2,first_soc,front
104.697,20.2697,100,0
time
45.88
soc
66
f1,f2,first_soc,front
104.697,20.2697,100,0
time
45.88
soc
66
f1,f2,first_soc,front
104.697,20.2697,100,0
time
45.88
soc
66
f1,f2,first_soc,front
104.697,20.2697,100,0
time
45.88
soc
66
f1,f2,first_soc,front
104.697,20.2697,100,0
time
45.88
soc
66
f1,f2,first_soc,front
104.697,20.2697,100,0
time
45.88
soc
66
f1,f2,first_soc,front
104.697,20.2697,100,0
time
45.88
soc
66
f1,f2,first_soc,front
104.697,20.2697,100,0
time
45.88
soc
66
f1,f2,first_soc,front
104.697,20.2697,100,0
time
45.88
soc
66
f1,f2,first_soc,front
104.52,20.4708,100,0
time
44.52
soc
68
f1,f2,first_soc,front
113.815,11.5624,100,0
time
36.36,77.7991
soc
75,62
f1,f2,first_soc,front
104.52,20.4708,100,0
time
44.52
soc
68
f1,f2,first_soc,front
104.52,20.4708,100,0
time
44.52
soc
68
f1,f2,first_soc,front
104.52,20.4708,100,0
time
44.52
soc
68
f1,f2,first_soc,front
104.52,20.4708,100,0
time
44.52
soc
68
f1,f2,first_soc,front
104.52,20.4708,100,0
time
44.52
soc
68
f1,f2,first_soc,front
104.52,20.4708,100,0
time
44.52
soc
68
f1,f2,first_soc,front
104.697,20.2697,100,0
time
45.88
soc
66
f1,f2,first_soc,front
104.697,20.2697,100,0
time
45.88
soc
66
f1,f2,first_soc,front
104.697,20.2697,100,0
time
45.88
soc
66
f1,f2,first_soc,front
104.697,20.2697,100,0
time
45.88
soc
66
f1,f2,first_soc,front
104.697,20.2697,100,0
time
45.88
soc
66
f1,f2,first_soc,front
104.697,20.2697,100,0
time
45.88
soc
66
f1,f2,first_soc,front
104.697,20.2697,100,0
time
45.88
soc
66
f1,f2,first_soc,front
104.697,20.2697,100,0
time
45.88
soc
66
f1,f2,first_soc,front
104.697,20.2697,100,0
time
45.88
soc
66
f1,f2,first_soc,front
104.697,20.2697,100,0
time
45.88
soc
66
f1,f2,first_soc,front
104.697,20.2697,100,0
time
45.88
soc
66
f1,f2,first_soc,front
104.697,20.2697,100,0
time
45.88
soc
66
f1,f2,first_soc,front
104.697,20.2697,100,0
time
45.88
soc
66
f1,f2,first_soc,front
104.697,20.2697,100,0
time
45.88
soc
66
f1,f2,first_soc,front
104.697,20.2697,100,0
time
45.88
soc
66
f1,f2,first_soc,front
104.697,20.2697,100,0
time
45.88
soc
66
f1,f2,first_soc,front
104.697,20.2697,100,0
time
45.88
soc
66
f1,f2,first_soc,front
104.697,20.2697,100,0
time
45.88
soc
66
f1,f2,first_soc,front
104.697,20.2697,100,0
time
45.88
soc
66
f1,f2,first_soc,front
104.697,20.2697,100,0
time
45.88
soc
66
f1,f2,first_soc,front
104.697,20.2697,100,0
time
45.88
soc
66
f1,f2,first_soc,front
112.896,11.563,100,0
time
45.88,95.8371
soc
70,39
f1,f2,first_soc,front
104.697,20.2697,100,0
time
45.88
soc
66
f1,f2,first_soc,front
104.697,20.2697,100,0
time
45.88
soc
66
f1,f2,first_soc,front
104.697,20.2697,100,0
time
45.88
soc
66
f1,f2,first_soc,front
104.697,20.2697,100,0
time
45.88
soc
66
f1,f2,first_soc,front
104.697,20.2697,100,0
time
45.88
soc
66
f1,f2,first_soc,front
104.697,20.2697,100,0
time
45.88
soc
66
f1,f2,first_soc,front
104.697,20.2697,100,0
time
45.88
soc
66
f1,f2,first_soc,front
104.697,20.2697,100,0
time
45.88
soc
66
f1,f2,first_soc,front
104.697,20.2697,100,0
time
45.88
soc
66
f1,f2,first_soc,front
104.697,20.2697,100,0
time
45.88
soc
66
f1,f2,first_soc,front
104.697,20.2697,100,0
time
45.88
soc
66
f1,f2,first_soc,front
104.697,20.2697,100,0
time
45.88
soc
66
f1,f2,first_soc,front
104.015,21.0483,100,0
time
44.52
soc
67
f1,f2,first_soc,front
104.015,21.0483,100,0
time
44.52
soc
67
f1,f2,first_soc,front
104.015,21.0483,100,0
time
44.52
soc
67
f1,f2,first_soc,front
104.015,21.0483,100,0
time
44.52
soc
67
f1,f2,first_soc,front
104.015,21.0483,100,0
time
44.52
soc
67
f1,f2,first_soc,front
113.815,11.5624,100,0
time
36.36,77.7991
soc
75,62
f1,f2,first_soc,front
104.015,21.0483,100,0
time
44.52
soc
67
f1,f2,first_soc,front
104.015,21.0483,100,0
time
44.52
soc
67
f1,f2,first_soc,front
104.015,21.0483,100,0
time
44.52
soc
67
f1,f2,first_soc,front
104.015,21.0483,100,0
time
44.52
soc
67
f1,f2,first_soc,front
104.015,21.0483,100,0
time
44.52
soc
67
f1,f2,first_soc,front
104.015,21.0483,100,0
time
44.52
soc
67
f1,f2,first_soc,front
104.015,21.0483,100,0
time
44.52
soc
67
f1,f2,first_soc,front
104.015,21.0483,100,0
time
44.52
soc
67
f1,f2,first_soc,front
104.015,21.0483,100,0
time
44.52
soc
67
f1,f2,first_soc,front
104.015,21.0483,100,0
time
44.52
soc
67
f1,f2,first_soc,front
104.015,21.0483,100,0
time
44.52
soc
67
f1,f2,first_soc,front
104.015,21.0483,100,0
time
44.52
soc
67
f1,f2,first_soc,front
104.015,21.0483,100,0
time
44.52
soc
67
f1,f2,first_soc,front
104.015,21.0483,100,0
time
44.52
soc
67
f1,f2,first_soc,front
104.015,21.0483,100,0
time
44.52
soc
67
f1,f2,first_soc,front
104.015,21.0483,100,0
time
44.52
soc
67
f1,f2,first_soc,front
104.015,21.0483,100,0
time
44.52
soc
67
f1,f2,first_soc,front
104.015,21.0483,100,0
time
44.52
soc
67
f1,f2,first_soc,front
104.015,21.0483,100,0
time
44.52
soc
67
f1,f2,first_soc,front
104.015,21.0483,100,0
time
44.52
soc
67
f1,f2,first_soc,front
104.015,21.0483,100,0
time
44.52
soc
67
f1,f2,first_soc,front
104.015,21.0483,100,0
time
44.52
soc
67
f1,f2,first_soc,front
104.015,21.0483,100,0
time
44.52
soc
67
f1,f2,first_soc,front
104.015,21.0483,100,0
time
44.52
soc
67
f1,f2,first_soc,front
104.015,21.0483,100,0
time
44.52
soc
67
f1,f2,first_soc,front
104.015,21.0483,100,0
time
44.52
soc
67
f1,f2,first_soc,front
104.015,21.0483,100,0
time
44.52
soc
67
f1,f2,first_soc,front
104.015,21.0483,100,0
time
44.52
soc
67
f1,f2,first_soc,front
113.815,11.5624,100,0
time
36.36,77.7991
soc
75,62
f1,f2,first_soc,front
104.52,20.4708,100,0
time
44.52
soc
68
f1,f2,first_soc,front
104.52,20.4708,100,0
time
44.52
soc
68
f1,f2,first_soc,front
104.52,20.4708,100,0
time
44.52
soc
68
f1,f2,first_soc,front
104.52,20.4708,100,0
time
44.52
soc
68
f1,f2,first_soc,front
104.52,20.4708,100,0
time
44.52
soc
68
f1,f2,first_soc,front
104.52,20.4708,100,0
time
44.52
soc
68
f1,f2,first_soc,front
104.52,20.4708,100,0
time
44.52
soc
68
f1,f2,first_soc,front
104.52,20.4708,100,0
time
44.52
soc
68
f1,f2,first_soc,front
104.52,20.4708,100,0
time
44.52
soc
68
f1,f2,first_soc,front
104.52,20.4708,100,0
time
44.52
soc
68
f1,f2,first_soc,front
104.52,20.4708,100,0
time
44.52
soc
68
第44世代
f1,f2,first_soc,front
113.75,11.5601,100,0
time
44.52,73.2401
soc
68,76
f1,f2,first_soc,front
104.015,21.0483,100,0
time
44.52
soc
67
f1,f2,first_soc,front
104.015,21.0483,100,0
time
44.52
soc
67
f1,f2,first_soc,front
107.222,17.3822,100,0
time
45.88
soc
71
f1,f2,first_soc,front
111.25,13.2647,100,0
time
45.88,73.4565
soc
58,64
f1,f2,first_soc,front
111.263,12.7622,100,0
time
45.88
soc
79
f1,f2,first_soc,front
112.896,11.563,100,0
time
45.88,95.8371
soc
70,39
f1,f2,first_soc,front
111.768,12.1847,100,0
time
45.88
soc
80
f1,f2,first_soc,front
109.066,15.2734,100,0
time
44.52
soc
77
f1,f2,first_soc,front
105.53,19.3158,100,0
time
44.52
soc
70
f1,f2,first_soc,front
109.571,14.6959,100,0
time
44.52
soc
78
f1,f2,first_soc,front
110.252,13.9172,100,0
time
45.88
soc
77
f1,f2,first_soc,front
109.747,14.4947,100,0
time
45.88
soc
76
f1,f2,first_soc,front
106.035,18.7383,100,0
time
44.52
soc
71
f1,f2,first_soc,front
108.232,16.2272,100,0
time
45.88
soc
73
f1,f2,first_soc,front
107.222,17.3822,100,0
time
45.88
soc
71
f1,f2,first_soc,front
112.391,11.9595,100,0
time
45.88,95.8371
soc
70,38
f1,f2,first_soc,front
104.015,21.0483,100,0
time
44.52
soc
67
f1,f2,first_soc,front
106.717,17.9597,100,0
time
45.88
soc
70
f1,f2,first_soc,front
104.52,20.4708,100,0
time
44.52
soc
68
f1,f2,first_soc,front
111.755,12.6872,100,0
time
45.88,73.4565
soc
58,65
f1,f2,first_soc,front
110.757,13.3397,100,0
time
45.88
soc
78
f1,f2,first_soc,front
108.055,16.4284,100,0
time
44.52
soc
75
f1,f2,first_soc,front
110.581,13.5409,100,0
time
44.52
soc
80
f1,f2,first_soc,front
107.55,17.0059,100,0
time
44.52
soc
74
f1,f2,first_soc,front
108.561,15.8509,100,0
time
44.52
soc
76
f1,f2,first_soc,front
107.727,16.8047,100,0
time
45.88
soc
72
f1,f2,first_soc,front
110.581,13.5409,100,0
time
44.52
soc
80
f1,f2,first_soc,front
109.242,15.0722,100,0
time
45.88
soc
75
f1,f2,first_soc,front
108.737,15.6497,100,0
time
45.88
soc
74
f1,f2,first_soc,front
105.025,19.8933,100,0
time
44.52
soc
69
f1,f2,first_soc,front
105.202,19.6922,100,0
time
45.88
soc
67
f1,f2,first_soc,front
111.768,12.1847,100,0
time
45.88
soc
80
f1,f2,first_soc,front
111.755,12.6872,100,0
time
45.88,73.4565
soc
58,65
f1,f2,first_soc,front
104.015,21.0483,100,0
time
44.52
soc
67
f1,f2,first_soc,front
104.52,20.4708,100,0
time
44.52
soc
68
f1,f2,first_soc,front
106.717,17.9597,100,0
time
45.88
soc
70
f1,f2,first_soc,front
112.618,11.7025,100,0
time
37.72,77.626
soc
75,62
f1,f2,first_soc,front
106.358,18.3705,100,0
time
43.16
soc
74
f1,f2,first_soc,front
106.54,18.1609,100,0
time
44.52
soc
72
f1,f2,first_soc,front
105.025,19.8933,100,0
time
44.52
soc
69
f1,f2,first_soc,front
105.202,19.6922,100,0
time
45.88
soc
67
f1,f2,first_soc,front
104.697,20.2697,100,0
time
45.88
soc
66
f1,f2,first_soc,front
107.727,16.8047,100,0
time
45.88
soc
72
f1,f2,first_soc,front
108.737,15.6497,100,0
time
45.88
soc
74
f1,f2,first_soc,front
110.076,14.1184,100,0
time
44.52
soc
79
f1,f2,first_soc,front
109.242,15.0722,100,0
time
45.88
soc
75
f1,f2,first_soc,front
105.707,19.1147,100,0
time
45.88
soc
68
f1,f2,first_soc,front
106.035,18.7383,100,0
time
44.52
soc
71
f1,f2,first_soc,front
109.747,14.4947,100,0
time
45.88
soc
76
f1,f2,first_soc,front
109.571,14.6959,100,0
time
44.52
soc
78
f1,f2,first_soc,front
110.252,13.9172,100,0
time
45.88
soc
77
f1,f2,first_soc,front
106.54,18.1609,100,0
time
44.52
soc
72
f1,f2,first_soc,front
108.232,16.2272,100,0
time
45.88
soc
73
f1,f2,first_soc,front
109.066,15.2734,100,0
time
44.52
soc
77
f1,f2,first_soc,front
110.076,14.1184,100,0
time
44.52
soc
79
f1,f2,first_soc,front
110.757,13.3397,100,0
time
45.88
soc
78
f1,f2,first_soc,front
105.53,19.3158,100,0
time
44.52
soc
70
f1,f2,first_soc,front
105.707,19.1147,100,0
time
45.88
soc
68
f1,f2,first_soc,front
112.391,11.9595,100,0
time
45.88,95.8371
soc
70,38
f1,f2,first_soc,front
106.212,18.5372,100,0
time
45.88
soc
69
f1,f2,first_soc,front
108.561,15.8509,100,0
time
44.52
soc
76
f1,f2,first_soc,front
110.076,14.1184,100,0
time
44.52
soc
79
f1,f2,first_soc,front
108.055,16.4284,100,0
time
44.52
soc
75
f1,f2,first_soc,front
104.697,20.2697,100,0
time
45.88
soc
66
f1,f2,first_soc,front
105.707,19.1147,100,0
time
45.88
soc
68
f1,f2,first_soc,front
107.55,17.0059,100,0
time
44.52
soc
74
f1,f2,first_soc,front
112.538,11.7921,100,0
time
45.88,96.1474
soc
76,43
f1,f2,first_soc,front
106.358,18.3705,100,0
time
43.16
soc
74
f1,f2,first_soc,front
112.896,11.563,100,0
time
45.88,95.8371
soc
70,39
f1,f2,first_soc,front
104.697,20.2697,100,0
time
45.88
soc
66
f1,f2,first_soc,front
106.717,17.9597,100,0
time
45.88
soc
70
f1,f2,first_soc,front
108.561,15.8509,100,0
time
44.52
soc
76
f1,f2,first_soc,front
108.055,16.4284,100,0
time
44.52
soc
75
f1,f2,first_soc,front
107.55,17.0059,100,0
time
44.52
soc
74
f1,f2,first_soc,front
104.52,20.4708,100,0
time
44.52
soc
68
f1,f2,first_soc,front
108.737,15.6497,100,0
time
45.88
soc
74
f1,f2,first_soc,front
105.202,19.6922,100,0
time
45.88
soc
67
f1,f2,first_soc,front
107.727,16.8047,100,0
time
45.88
soc
72
f1,f2,first_soc,front
104.697,20.2697,100,0
time
45.88
soc
66
f1,f2,first_soc,front
104.52,20.4708,100,0
time
44.52
soc
68
f1,f2,first_soc,front
106.717,17.9597,100,0
time
45.88
soc
70
f1,f2,first_soc,front
105.025,19.8933,100,0
time
44.52
soc
69
f1,f2,first_soc,front
109.242,15.0722,100,0
time
45.88
soc
75
f1,f2,first_soc,front
106.212,18.5372,100,0
time
45.88
soc
69
f1,f2,first_soc,front
112.391,11.9595,100,0
time
45.88,95.8371
soc
70,38
f1,f2,first_soc,front
106.212,18.5372,100,0
time
45.88
soc
69
f1,f2,first_soc,front
112.618,11.7025,100,0
time
37.72,77.626
soc
75,62
f1,f2,first_soc,front
112.553,11.7747,100,0
time
45.88,73.067
soc
68,76
f1,f2,first_soc,front
111.263,12.7622,100,0
time
45.88
soc
79
f1,f2,first_soc,front
112.553,11.7747,100,0
time
45.88,73.067
soc
68,76
f1,f2,first_soc,front
112.538,11.7921,100,0
time
45.88,96.1474
soc
76,43
f1,f2,first_soc,front
112.553,11.7747,100,0
time
45.88,73.067
soc
68,76
f1,f2,first_soc,front
111.263,12.7622,100,0
time
45.88
soc
79
f1,f2,first_soc,front
112.896,11.563,100,0
time
45.88,95.8371
soc
70,39
f1,f2,first_soc,front
104.697,20.2697,100,0
time
45.88
soc
66
f1,f2,first_soc,front
104.697,20.2697,100,0
time
45.88
soc
66
f1,f2,first_soc,front
104.697,20.2697,100,0
time
45.88
soc
66
f1,f2,first_soc,front
104.697,20.2697,100,0
time
45.88
soc
66
f1,f2,first_soc,front
104.697,20.2697,100,0
time
45.88
soc
66
f1,f2,first_soc,front
104.697,20.2697,100,0
time
45.88
soc
66
f1,f2,first_soc,front
104.697,20.2697,100,0
time
45.88
soc
66
f1,f2,first_soc,front
104.697,20.2697,100,0
time
45.88
soc
66
f1,f2,first_soc,front
104.697,20.2697,100,0
time
45.88
soc
66
f1,f2,first_soc,front
104.697,20.2697,100,0
time
45.88
soc
66
f1,f2,first_soc,front
104.697,20.2697,100,0
time
45.88
soc
66
f1,f2,first_soc,front
104.697,20.2697,100,0
time
45.88
soc
66
f1,f2,first_soc,front
104.697,20.2697,100,0
time
45.88
soc
66
f1,f2,first_soc,front
104.697,20.2697,100,0
time
45.88
soc
66
f1,f2,first_soc,front
104.697,20.2697,100,0
time
45.88
soc
66
f1,f2,first_soc,front
104.697,20.2697,100,0
time
45.88
soc
66
f1,f2,first_soc,front
104.697,20.2697,100,0
time
45.88
soc
66
f1,f2,first_soc,front
104.697,20.2697,100,0
time
45.88
soc
66
f1,f2,first_soc,front
104.697,20.2697,100,0
time
45.88
soc
66
f1,f2,first_soc,front
112.896,11.563,100,0
time
45.88,95.8371
soc
70,39
f1,f2,first_soc,front
112.896,11.563,100,0
time
45.88,95.8371
soc
70,39
f1,f2,first_soc,front
104.52,20.4708,100,0
time
44.52
soc
68
f1,f2,first_soc,front
104.52,20.4708,100,0
time
44.52
soc
68
f1,f2,first_soc,front
104.52,20.4708,100,0
time
44.52
soc
68
f1,f2,first_soc,front
104.52,20.4708,100,0
time
44.52
soc
68
f1,f2,first_soc,front
104.52,20.4708,100,0
time
44.52
soc
68
f1,f2,first_soc,front
104.52,20.4708,100,0
time
44.52
soc
68
f1,f2,first_soc,front
104.52,20.4708,100,0
time
44.52
soc
68
f1,f2,first_soc,front
104.52,20.4708,100,0
time
44.52
soc
68
f1,f2,first_soc,front
104.52,20.4708,100,0
time
44.52
soc
68
f1,f2,first_soc,front
104.52,20.4708,100,0
time
44.52
soc
68
f1,f2,first_soc,front
104.697,20.2697,100,0
time
45.88
soc
66
f1,f2,first_soc,front
104.697,20.2697,100,0
time
45.88
soc
66
f1,f2,first_soc,front
104.697,20.2697,100,0
time
45.88
soc
66
f1,f2,first_soc,front
104.697,20.2697,100,0
time
45.88
soc
66
f1,f2,first_soc,front
104.697,20.2697,100,0
time
45.88
soc
66
f1,f2,first_soc,front
104.697,20.2697,100,0
time
45.88
soc
66
f1,f2,first_soc,front
104.697,20.2697,100,0
time
45.88
soc
66
f1,f2,first_soc,front
104.697,20.2697,100,0
time
45.88
soc
66
f1,f2,first_soc,front
104.697,20.2697,100,0
time
45.88
soc
66
f1,f2,first_soc,front
104.697,20.2697,100,0
time
45.88
soc
66
f1,f2,first_soc,front
104.697,20.2697,100,0
time
45.88
soc
66
f1,f2,first_soc,front
104.697,20.2697,100,0
time
45.88
soc
66
f1,f2,first_soc,front
104.697,20.2697,100,0
time
45.88
soc
66
f1,f2,first_soc,front
104.697,20.2697,100,0
time
45.88
soc
66
f1,f2,first_soc,front
104.697,20.2697,100,0
time
45.88
soc
66
f1,f2,first_soc,front
104.697,20.2697,100,0
time
45.88
soc
66
f1,f2,first_soc,front
104.52,20.4708,100,0
time
44.52
soc
68
f1,f2,first_soc,front
104.697,20.2697,100,0
time
45.88
soc
66
f1,f2,first_soc,front
104.697,20.2697,100,0
time
45.88
soc
66
f1,f2,first_soc,front
104.697,20.2697,100,0
time
45.88
soc
66
f1,f2,first_soc,front
104.697,20.2697,100,0
time
45.88
soc
66
f1,f2,first_soc,front
104.697,20.2697,100,0
time
45.88
soc
66
f1,f2,first_soc,front
104.697,20.2697,100,0
time
45.88
soc
66
f1,f2,first_soc,front
104.697,20.2697,100,0
time
45.88
soc
66
f1,f2,first_soc,front
104.697,20.2697,100,0
time
45.88
soc
66
f1,f2,first_soc,front
104.697,20.2697,100,0
time
45.88
soc
66
f1,f2,first_soc,front
104.697,20.2697,100,0
time
45.88
soc
66
f1,f2,first_soc,front
104.697,20.2697,100,0
time
45.88
soc
66
f1,f2,first_soc,front
104.697,20.2697,100,0
time
45.88
soc
66
f1,f2,first_soc,front
104.697,20.2697,100,0
time
45.88
soc
66
f1,f2,first_soc,front
112.618,11.7025,100,0
time
37.72,77.626
soc
75,62
f1,f2,first_soc,front
104.015,21.0483,100,0
time
44.52
soc
67
f1,f2,first_soc,front
104.015,21.0483,100,0
time
44.52
soc
67
f1,f2,first_soc,front
104.015,21.0483,100,0
time
44.52
soc
67
f1,f2,first_soc,front
104.015,21.0483,100,0
time
44.52
soc
67
f1,f2,first_soc,front
104.015,21.0483,100,0
time
44.52
soc
67
f1,f2,first_soc,front
104.015,21.0483,100,0
time
44.52
soc
67
f1,f2,first_soc,front
104.015,21.0483,100,0
time
44.52
soc
67
f1,f2,first_soc,front
104.015,21.0483,100,0
time
44.52
soc
67
f1,f2,first_soc,front
104.015,21.0483,100,0
time
44.52
soc
67
f1,f2,first_soc,front
112.896,11.563,100,0
time
45.88,95.8371
soc
70,39
f1,f2,first_soc,front
112.896,11.563,100,0
time
45.88,95.8371
soc
70,39
f1,f2,first_soc,front
104.015,21.0483,100,0
time
44.52
soc
67
f1,f2,first_soc,front
104.015,21.0483,100,0
time
44.52
soc
67
f1,f2,first_soc,front
104.015,21.0483,100,0
time
44.52
soc
67
f1,f2,first_soc,front
104.015,21.0483,100,0
time
44.52
soc
67
f1,f2,first_soc,front
104.015,21.0483,100,0
time
44.52
soc
67
f1,f2,first_soc,front
104.015,21.0483,100,0
time
44.52
soc
67
f1,f2,first_soc,front
104.015,21.0483,100,0
time
44.52
soc
67
f1,f2,first_soc,front
104.015,21.0483,100,0
time
44.52
soc
67
f1,f2,first_soc,front
104.015,21.0483,100,0
time
44.52
soc
67
f1,f2,first_soc,front
104.015,21.0483,100,0
time
44.52
soc
67
f1,f2,first_soc,front
104.015,21.0483,100,0
time
44.52
soc
67
f1,f2,first_soc,front
104.015,21.0483,100,0
time
44.52
soc
67
f1,f2,first_soc,front
104.015,21.0483,100,0
time
44.52
soc
67
f1,f2,first_soc,front
104.015,21.0483,100,0
time
44.52
soc
67
f1,f2,first_soc,front
104.015,21.0483,100,0
time
44.52
soc
67
f1,f2,first_soc,front
104.015,21.0483,100,0
time
44.52
soc
67
f1,f2,first_soc,front
104.015,21.0483,100,0
time
44.52
soc
67
f1,f2,first_soc,front
104.015,21.0483,100,0
time
44.52
soc
67
f1,f2,first_soc,front
104.015,21.0483,100,0
time
44.52
soc
67
f1,f2,first_soc,front
112.896,11.563,100,0
time
45.88,95.8371
soc
70,39
f1,f2,first_soc,front
112.896,11.563,100,0
time
45.88,95.8371
soc
70,39
f1,f2,first_soc,front
104.52,20.4708,100,0
time
44.52
soc
68
f1,f2,first_soc,front
112.896,11.563,100,0
time
45.88,95.8371
soc
70,39
f1,f2,first_soc,front
104.52,20.4708,100,0
time
44.52
soc
68
f1,f2,first_soc,front
104.52,20.4708,100,0
time
44.52
soc
68
f1,f2,first_soc,front
112.896,11.563,100,0
time
45.88,95.8371
soc
70,39
f1,f2,first_soc,front
104.52,20.4708,100,0
time
44.52
soc
68
f1,f2,first_soc,front
104.52,20.4708,100,0
time
44.52
soc
68
f1,f2,first_soc,front
104.52,20.4708,100,0
time
44.52
soc
68
f1,f2,first_soc,front
104.52,20.4708,100,0
time
44.52
soc
68
f1,f2,first_soc,front
104.52,20.4708,100,0
time
44.52
soc
68
f1,f2,first_soc,front
104.52,20.4708,100,0
time
44.52
soc
68
第45世代
f1,f2,first_soc,front
113.75,11.5601,100,0
time
44.52,73.2401
soc
68,76
f1,f2,first_soc,front
104.015,21.0483,100,0
time
44.52
soc
67
f1,f2,first_soc,front
104.015,21.0483,100,0
time
44.52
soc
67
f1,f2,first_soc,front
111.768,12.1847,100,0
time
45.88
soc
80
f1,f2,first_soc,front
107.045,17.5834,100,0
time
44.52
soc
73
f1,f2,first_soc,front
111.25,13.2647,100,0
time
45.88,73.4565
soc
58,64
f1,f2,first_soc,front
112.896,11.563,100,0
time
45.88,95.8371
soc
70,39
f1,f2,first_soc,front
113.75,11.5601,100,0
time
44.52,73.2401
soc
68,76
f1,f2,first_soc,front
112.391,11.9595,100,0
time
45.88,95.8371
soc
70,38
f1,f2,first_soc,front
109.066,15.2734,100,0
time
44.52
soc
77
f1,f2,first_soc,front
105.53,19.3158,100,0
time
44.52
soc
70
f1,f2,first_soc,front
107.727,16.8047,100,0
time
45.88
soc
72
f1,f2,first_soc,front
108.055,16.4284,100,0
time
44.52
soc
75
f1,f2,first_soc,front
110.581,13.5409,100,0
time
44.52
soc
80
f1,f2,first_soc,front
110.252,13.9172,100,0
time
45.88
soc
77
f1,f2,first_soc,front
110.076,14.1184,100,0
time
44.52
soc
79
f1,f2,first_soc,front
109.571,14.6959,100,0
time
44.52
soc
78
f1,f2,first_soc,front
107.222,17.3822,100,0
time
45.88
soc
71
f1,f2,first_soc,front
106.035,18.7383,100,0
time
44.52
soc
71
f1,f2,first_soc,front
108.561,15.8509,100,0
time
44.52
soc
76
f1,f2,first_soc,front
104.015,21.0483,100,0
time
44.52
soc
67
f1,f2,first_soc,front
104.52,20.4708,100,0
time
44.52
soc
68
f1,f2,first_soc,front
111.755,12.6872,100,0
time
45.88,73.4565
soc
58,65
f1,f2,first_soc,front
111.263,12.7622,100,0
time
45.88
soc
79
f1,f2,first_soc,front
110.757,13.3397,100,0
time
45.88
soc
78
f1,f2,first_soc,front
105.025,19.8933,100,0
time
44.52
soc
69
f1,f2,first_soc,front
109.242,15.0722,100,0
time
45.88
soc
75
f1,f2,first_soc,front
107.55,17.0059,100,0
time
44.52
soc
74
f1,f2,first_soc,front
105.707,19.1147,100,0
time
45.88
soc
68
f1,f2,first_soc,front
109.747,14.4947,100,0
time
45.88
soc
76
f1,f2,first_soc,front
108.737,15.6497,100,0
time
45.88
soc
74
f1,f2,first_soc,front
105.707,19.1147,100,0
time
45.88
soc
68
f1,f2,first_soc,front
106.717,17.9597,100,0
time
45.88
soc
70
f1,f2,first_soc,front
109.242,15.0722,100,0
time
45.88
soc
75
f1,f2,first_soc,front
108.232,16.2272,100,0
time
45.88
soc
73
f1,f2,first_soc,front
105.202,19.6922,100,0
time
45.88
soc
67
f1,f2,first_soc,front
111.263,12.7622,100,0
time
45.88
soc
79
f1,f2,first_soc,front
111.755,12.6872,100,0
time
45.88,73.4565
soc
58,65
f1,f2,first_soc,front
104.015,21.0483,100,0
time
44.52
soc
67
f1,f2,first_soc,front
104.52,20.4708,100,0
time
44.52
soc
68
f1,f2,first_soc,front
106.358,18.3705,100,0
time
43.16
soc
74
f1,f2,first_soc,front
106.54,18.1609,100,0
time
44.52
soc
72
f1,f2,first_soc,front
108.737,15.6497,100,0
time
45.88
soc
74
f1,f2,first_soc,front
105.202,19.6922,100,0
time
45.88
soc
67
f1,f2,first_soc,front
104.697,20.2697,100,0
time
45.88
soc
66
f1,f2,first_soc,front
106.717,17.9597,100,0
time
45.88
soc
70
f1,f2,first_soc,front
109.747,14.4947,100,0
time
45.88
soc
76
f1,f2,first_soc,front
108.232,16.2272,100,0
time
45.88
soc
73
f1,f2,first_soc,front
106.035,18.7383,100,0
time
44.52
soc
71
f1,f2,first_soc,front
110.076,14.1184,100,0
time
44.52
soc
79
f1,f2,first_soc,front
110.581,13.5409,100,0
time
44.52
soc
80
f1,f2,first_soc,front
109.066,15.2734,100,0
time
44.52
soc
77
f1,f2,first_soc,front
107.222,17.3822,100,0
time
45.88
soc
71
f1,f2,first_soc,front
106.54,18.1609,100,0
time
44.52
soc
72
f1,f2,first_soc,front
108.055,16.4284,100,0
time
44.52
soc
75
f1,f2,first_soc,front
109.571,14.6959,100,0
time
44.52
soc
78
f1,f2,first_soc,front
108.561,15.8509,100,0
time
44.52
soc
76
f1,f2,first_soc,front
112.618,11.7025,100,0
time
37.72,77.626
soc
75,62
f1,f2,first_soc,front
104.697,20.2697,100,0
time
45.88
soc
66
f1,f2,first_soc,front
105.025,19.8933,100,0
time
44.52
soc
69
f1,f2,first_soc,front
107.55,17.0059,100,0
time
44.52
soc
74
f1,f2,first_soc,front
112.391,11.9595,100,0
time
45.88,95.8371
soc
70,38
f1,f2,first_soc,front
106.358,18.3705,100,0
time
43.16
soc
74
f1,f2,first_soc,front
106.212,18.5372,100,0
time
45.88
soc
69
f1,f2,first_soc,front
112.896,11.563,100,0
time
45.88,95.8371
soc
70,39
f1,f2,first_soc,front
111.768,12.1847,100,0
time
45.88
soc
80
f1,f2,first_soc,front
106.212,18.5372,100,0
time
45.88
soc
69
f1,f2,first_soc,front
104.697,20.2697,100,0
time
45.88
soc
66
f1,f2,first_soc,front
107.727,16.8047,100,0
time
45.88
soc
72
f1,f2,first_soc,front
107.55,17.0059,100,0
time
44.52
soc
74
f1,f2,first_soc,front
105.53,19.3158,100,0
time
44.52
soc
70
f1,f2,first_soc,front
110.252,13.9172,100,0
time
45.88
soc
77
f1,f2,first_soc,front
110.757,13.3397,100,0
time
45.88
soc
78
f1,f2,first_soc,front
104.52,20.4708,100,0
time
44.52
soc
68
f1,f2,first_soc,front
105.025,19.8933,100,0
time
44.52
soc
69
f1,f2,first_soc,front
112.538,11.7921,100,0
time
45.88,96.1474
soc
76,43
f1,f2,first_soc,front
108.232,16.2272,100,0
time
45.88
soc
73
f1,f2,first_soc,front
108.737,15.6497,100,0
time
45.88
soc
74
f1,f2,first_soc,front
104.52,20.4708,100,0
time
44.52
soc
68
f1,f2,first_soc,front
107.727,16.8047,100,0
time
45.88
soc
72
f1,f2,first_soc,front
104.697,20.2697,100,0
time
45.88
soc
66
f1,f2,first_soc,front
109.747,14.4947,100,0
time
45.88
soc
76
f1,f2,first_soc,front
106.717,17.9597,100,0
time
45.88
soc
70
f1,f2,first_soc,front
110.252,13.9172,100,0
time
45.88
soc
77
f1,f2,first_soc,front
110.757,13.3397,100,0
time
45.88
soc
78
f1,f2,first_soc,front
106.212,18.5372,100,0
time
45.88
soc
69
f1,f2,first_soc,front
105.202,19.6922,100,0
time
45.88
soc
67
f1,f2,first_soc,front
105.53,19.3158,100,0
time
44.52
soc
70
f1,f2,first_soc,front
112.538,11.7921,100,0
time
45.88,96.1474
soc
76,43
f1,f2,first_soc,front
112.618,11.7025,100,0
time
37.72,77.626
soc
75,62
f1,f2,first_soc,front
112.553,11.7747,100,0
time
45.88,73.067
soc
68,76
f1,f2,first_soc,front
112.618,11.7025,100,0
time
37.72,77.626
soc
75,62
f1,f2,first_soc,front
112.553,11.7747,100,0
time
45.88,73.067
soc
68,76
f1,f2,first_soc,front
112.538,11.7921,100,0
time
45.88,96.1474
soc
76,43
f1,f2,first_soc,front
111.768,12.1847,100,0
time
45.88
soc
80
f1,f2,first_soc,front
112.896,11.563,100,0
time
45.88,95.8371
soc
70,39
f1,f2,first_soc,front
104.697,20.2697,100,0
time
45.88
soc
66
f1,f2,first_soc,front
104.697,20.2697,100,0
time
45.88
soc
66
f1,f2,first_soc,front
104.697,20.2697,100,0
time
45.88
soc
66
f1,f2,first_soc,front
104.697,20.2697,100,0
time
45.88
soc
66
f1,f2,first_soc,front
104.697,20.2697,100,0
time
45.88
soc
66
f1,f2,first_soc,front
104.697,20.2697,100,0
time
45.88
soc
66
f1,f2,first_soc,front
104.697,20.2697,100,0
time
45.88
soc
66
f1,f2,first_soc,front
104.697,20.2697,100,0
time
45.88
soc
66
f1,f2,first_soc,front
104.697,20.2697,100,0
time
45.88
soc
66
f1,f2,first_soc,front
104.697,20.2697,100,0
time
45.88
soc
66
f1,f2,first_soc,front
104.697,20.2697,100,0
time
45.88
soc
66
f1,f2,first_soc,front
104.697,20.2697,100,0
time
45.88
soc
66
f1,f2,first_soc,front
104.697,20.2697,100,0
time
45.88
soc
66
f1,f2,first_soc,front
104.697,20.2697,100,0
time
45.88
soc
66
f1,f2,first_soc,front
104.697,20.2697,100,0
time
45.88
soc
66
f1,f2,first_soc,front
104.697,20.2697,100,0
time
45.88
soc
66
f1,f2,first_soc,front
104.697,20.2697,100,0
time
45.88
soc
66
f1,f2,first_soc,front
104.697,20.2697,100,0
time
45.88
soc
66
f1,f2,first_soc,front
104.697,20.2697,100,0
time
45.88
soc
66
f1,f2,first_soc,front
112.896,11.563,100,0
time
45.88,95.8371
soc
70,39
f1,f2,first_soc,front
112.896,11.563,100,0
time
45.88,95.8371
soc
70,39
f1,f2,first_soc,front
104.52,20.4708,100,0
time
44.52
soc
68
f1,f2,first_soc,front
104.52,20.4708,100,0
time
44.52
soc
68
f1,f2,first_soc,front
104.52,20.4708,100,0
time
44.52
soc
68
f1,f2,first_soc,front
104.52,20.4708,100,0
time
44.52
soc
68
f1,f2,first_soc,front
104.52,20.4708,100,0
time
44.52
soc
68
f1,f2,first_soc,front
104.52,20.4708,100,0
time
44.52
soc
68
f1,f2,first_soc,front
104.52,20.4708,100,0
time
44.52
soc
68
f1,f2,first_soc,front
104.52,20.4708,100,0
time
44.52
soc
68
f1,f2,first_soc,front
104.52,20.4708,100,0
time
44.52
soc
68
f1,f2,first_soc,front
104.52,20.4708,100,0
time
44.52
soc
68
f1,f2,first_soc,front
104.52,20.4708,100,0
time
44.52
soc
68
f1,f2,first_soc,front
104.697,20.2697,100,0
time
45.88
soc
66
f1,f2,first_soc,front
104.697,20.2697,100,0
time
45.88
soc
66
f1,f2,first_soc,front
104.697,20.2697,100,0
time
45.88
soc
66
f1,f2,first_soc,front
104.697,20.2697,100,0
time
45.88
soc
66
f1,f2,first_soc,front
104.697,20.2697,100,0
time
45.88
soc
66
f1,f2,first_soc,front
104.697,20.2697,100,0
time
45.88
soc
66
f1,f2,first_soc,front
104.697,20.2697,100,0
time
45.88
soc
66
f1,f2,first_soc,front
104.697,20.2697,100,0
time
45.88
soc
66
f1,f2,first_soc,front
104.697,20.2697,100,0
time
45.88
soc
66
f1,f2,first_soc,front
104.697,20.2697,100,0
time
45.88
soc
66
f1,f2,first_soc,front
104.697,20.2697,100,0
time
45.88
soc
66
f1,f2,first_soc,front
104.697,20.2697,100,0
time
45.88
soc
66
f1,f2,first_soc,front
104.697,20.2697,100,0
time
45.88
soc
66
f1,f2,first_soc,front
104.697,20.2697,100,0
time
45.88
soc
66
f1,f2,first_soc,front
104.697,20.2697,100,0
time
45.88
soc
66
f1,f2,first_soc,front
104.697,20.2697,100,0
time
45.88
soc
66
f1,f2,first_soc,front
104.52,20.4708,100,0
time
44.52
soc
68
f1,f2,first_soc,front
104.697,20.2697,100,0
time
45.88
soc
66
f1,f2,first_soc,front
104.697,20.2697,100,0
time
45.88
soc
66
f1,f2,first_soc,front
104.697,20.2697,100,0
time
45.88
soc
66
f1,f2,first_soc,front
104.697,20.2697,100,0
time
45.88
soc
66
f1,f2,first_soc,front
104.697,20.2697,100,0
time
45.88
soc
66
f1,f2,first_soc,front
104.697,20.2697,100,0
time
45.88
soc
66
f1,f2,first_soc,front
104.697,20.2697,100,0
time
45.88
soc
66
f1,f2,first_soc,front
104.697,20.2697,100,0
time
45.88
soc
66
f1,f2,first_soc,front
104.697,20.2697,100,0
time
45.88
soc
66
f1,f2,first_soc,front
104.697,20.2697,100,0
time
45.88
soc
66
f1,f2,first_soc,front
104.697,20.2697,100,0
time
45.88
soc
66
f1,f2,first_soc,front
104.697,20.2697,100,0
time
45.88
soc
66
f1,f2,first_soc,front
104.697,20.2697,100,0
time
45.88
soc
66
f1,f2,first_soc,front
104.697,20.2697,100,0
time
45.88
soc
66
f1,f2,first_soc,front
112.618,11.7025,100,0
time
37.72,77.626
soc
75,62
f1,f2,first_soc,front
104.015,21.0483,100,0
time
44.52
soc
67
f1,f2,first_soc,front
104.015,21.0483,100,0
time
44.52
soc
67
f1,f2,first_soc,front
104.015,21.0483,100,0
time
44.52
soc
67
f1,f2,first_soc,front
104.015,21.0483,100,0
time
44.52
soc
67
f1,f2,first_soc,front
104.015,21.0483,100,0
time
44.52
soc
67
f1,f2,first_soc,front
104.015,21.0483,100,0
time
44.52
soc
67
f1,f2,first_soc,front
104.015,21.0483,100,0
time
44.52
soc
67
f1,f2,first_soc,front
104.015,21.0483,100,0
time
44.52
soc
67
f1,f2,first_soc,front
104.015,21.0483,100,0
time
44.52
soc
67
f1,f2,first_soc,front
104.015,21.0483,100,0
time
44.52
soc
67
f1,f2,first_soc,front
104.015,21.0483,100,0
time
44.52
soc
67
f1,f2,first_soc,front
104.015,21.0483,100,0
time
44.52
soc
67
f1,f2,first_soc,front
104.015,21.0483,100,0
time
44.52
soc
67
f1,f2,first_soc,front
104.015,21.0483,100,0
time
44.52
soc
67
f1,f2,first_soc,front
112.896,11.563,100,0
time
45.88,95.8371
soc
70,39
f1,f2,first_soc,front
112.896,11.563,100,0
time
45.88,95.8371
soc
70,39
f1,f2,first_soc,front
104.015,21.0483,100,0
time
44.52
soc
67
f1,f2,first_soc,front
104.015,21.0483,100,0
time
44.52
soc
67
f1,f2,first_soc,front
104.015,21.0483,100,0
time
44.52
soc
67
f1,f2,first_soc,front
104.015,21.0483,100,0
time
44.52
soc
67
f1,f2,first_soc,front
104.015,21.0483,100,0
time
44.52
soc
67
f1,f2,first_soc,front
104.015,21.0483,100,0
time
44.52
soc
67
f1,f2,first_soc,front
104.015,21.0483,100,0
time
44.52
soc
67
f1,f2,first_soc,front
104.015,21.0483,100,0
time
44.52
soc
67
f1,f2,first_soc,front
104.015,21.0483,100,0
time
44.52
soc
67
f1,f2,first_soc,front
104.015,21.0483,100,0
time
44.52
soc
67
f1,f2,first_soc,front
104.015,21.0483,100,0
time
44.52
soc
67
f1,f2,first_soc,front
104.015,21.0483,100,0
time
44.52
soc
67
f1,f2,first_soc,front
104.015,21.0483,100,0
time
44.52
soc
67
f1,f2,first_soc,front
104.015,21.0483,100,0
time
44.52
soc
67
f1,f2,first_soc,front
104.015,21.0483,100,0
time
44.52
soc
67
f1,f2,first_soc,front
112.896,11.563,100,0
time
45.88,95.8371
soc
70,39
f1,f2,first_soc,front
104.52,20.4708,100,0
time
44.52
soc
68
f1,f2,first_soc,front
104.52,20.4708,100,0
time
44.52
soc
68
f1,f2,first_soc,front
104.52,20.4708,100,0
time
44.52
soc
68
f1,f2,first_soc,front
104.52,20.4708,100,0
time
44.52
soc
68
f1,f2,first_soc,front
104.52,20.4708,100,0
time
44.52
soc
68
f1,f2,first_soc,front
112.896,11.563,100,0
time
45.88,95.8371
soc
70,39
f1,f2,first_soc,front
104.52,20.4708,100,0
time
44.52
soc
68
f1,f2,first_soc,front
104.52,20.4708,100,0
time
44.52
soc
68
第46世代
f1,f2,first_soc,front
104.015,21.0483,100,0
time
44.52
soc
67
f1,f2,first_soc,front
113.75,11.5601,100,0
time
44.52,73.2401
soc
68,76
f1,f2,first_soc,front
104.015,21.0483,100,0
time
44.52
soc
67
f1,f2,first_soc,front
111.263,12.7622,100,0
time
45.88
soc
79
f1,f2,first_soc,front
112.896,11.563,100,0
time
45.88,95.8371
soc
70,39
f1,f2,first_soc,front
113.75,11.5601,100,0
time
44.52,73.2401
soc
68,76
f1,f2,first_soc,front
112.391,11.9595,100,0
time
45.88,95.8371
soc
70,38
f1,f2,first_soc,front
111.768,12.1847,100,0
time
45.88
soc
80
f1,f2,first_soc,front
107.045,17.5834,100,0
time
44.52
soc
73
f1,f2,first_soc,front
105.53,19.3158,100,0
time
44.52
soc
70
f1,f2,first_soc,front
108.737,15.6497,100,0
time
45.88
soc
74
f1,f2,first_soc,front
105.025,19.8933,100,0
time
44.52
soc
69
f1,f2,first_soc,front
107.727,16.8047,100,0
time
45.88
soc
72
f1,f2,first_soc,front
110.581,13.5409,100,0
time
44.52
soc
80
f1,f2,first_soc,front
109.571,14.6959,100,0
time
44.52
soc
78
f1,f2,first_soc,front
109.242,15.0722,100,0
time
45.88
soc
75
f1,f2,first_soc,front
110.252,13.9172,100,0
time
45.88
soc
77
f1,f2,first_soc,front
108.232,16.2272,100,0
time
45.88
soc
73
f1,f2,first_soc,front
105.707,19.1147,100,0
time
45.88
soc
68
f1,f2,first_soc,front
110.757,13.3397,100,0
time
45.88
soc
78
f1,f2,first_soc,front
104.015,21.0483,100,0
time
44.52
soc
67
f1,f2,first_soc,front
104.52,20.4708,100,0
time
44.52
soc
68
f1,f2,first_soc,front
111.755,12.6872,100,0
time
45.88,73.4565
soc
58,65
f1,f2,first_soc,front
111.25,13.2647,100,0
time
45.88,73.9615
soc
59,64
f1,f2,first_soc,front
105.202,19.6922,100,0
time
45.88
soc
67
f1,f2,first_soc,front
108.055,16.4284,100,0
time
44.52
soc
75
f1,f2,first_soc,front
109.066,15.2734,100,0
time
44.52
soc
77
f1,f2,first_soc,front
109.747,14.4947,100,0
time
45.88
soc
76
f1,f2,first_soc,front
108.561,15.8509,100,0
time
44.52
soc
76
f1,f2,first_soc,front
107.55,17.0059,100,0
time
44.52
soc
74
f1,f2,first_soc,front
107.222,17.3822,100,0
time
45.88
soc
71
f1,f2,first_soc,front
106.717,17.9597,100,0
time
45.88
soc
70
f1,f2,first_soc,front
109.747,14.4947,100,0
time
45.88
soc
76
f1,f2,first_soc,front
111.25,13.2647,100,0
time
45.88,73.4565
soc
58,64
f1,f2,first_soc,front
111.755,12.6872,100,0
time
45.88,73.4565
soc
58,65
f1,f2,first_soc,front
111.768,12.1847,100,0
time
45.88
soc
80
f1,f2,first_soc,front
104.52,20.4708,100,0
time
44.52
soc
68
f1,f2,first_soc,front
104.015,21.0483,100,0
time
44.52
soc
67
f1,f2,first_soc,front
112.618,11.7025,100,0
time
37.72,77.626
soc
75,62
f1,f2,first_soc,front
106.54,18.1609,100,0
time
44.52
soc
72
f1,f2,first_soc,front
104.697,20.2697,100,0
time
45.88
soc
66
f1,f2,first_soc,front
106.717,17.9597,100,0
time
45.88
soc
70
f1,f2,first_soc,front
110.076,14.1184,100,0
time
44.52
soc
79
f1,f2,first_soc,front
106.035,18.7383,100,0
time
44.52
soc
71
f1,f2,first_soc,front
107.222,17.3822,100,0
time
45.88
soc
71
f1,f2,first_soc,front
106.035,18.7383,100,0
time
44.52
soc
71
f1,f2,first_soc,front
106.212,18.5372,100,0
time
45.88
soc
69
f1,f2,first_soc,front
110.581,13.5409,100,0
time
44.52
soc
80
f1,f2,first_soc,front
108.232,16.2272,100,0
time
45.88
soc
73
f1,f2,first_soc,front
110.252,13.9172,100,0
time
45.88
soc
77
f1,f2,first_soc,front
110.076,14.1184,100,0
time
44.52
soc
79
f1,f2,first_soc,front
107.045,17.5834,100,0
time
44.52
soc
73
f1,f2,first_soc,front
106.54,18.1609,100,0
time
44.52
soc
72
f1,f2,first_soc,front
107.727,16.8047,100,0
time
45.88
soc
72
f1,f2,first_soc,front
109.571,14.6959,100,0
time
44.52
soc
78
f1,f2,first_soc,front
105.707,19.1147,100,0
time
45.88
soc
68
f1,f2,first_soc,front
108.737,15.6497,100,0
time
45.88
soc
74
f1,f2,first_soc,front
109.242,15.0722,100,0
time
45.88
soc
75
f1,f2,first_soc,front
105.025,19.8933,100,0
time
44.52
soc
69
f1,f2,first_soc,front
107.55,17.0059,100,0
time
44.52
soc
74
f1,f2,first_soc,front
106.035,18.7383,100,0
time
44.52
soc
71
f1,f2,first_soc,front
108.055,16.4284,100,0
time
44.52
soc
75
f1,f2,first_soc,front
108.561,15.8509,100,0
time
44.52
soc
76
f1,f2,first_soc,front
104.697,20.2697,100,0
time
45.88
soc
66
f1,f2,first_soc,front
110.076,14.1184,100,0
time
44.52
soc
79
f1,f2,first_soc,front
109.066,15.2734,100,0
time
44.52
soc
77
f1,f2,first_soc,front
105.202,19.6922,100,0
time
45.88
soc
67
f1,f2,first_soc,front
112.538,11.7921,100,0
time
45.88,96.1474
soc
76,43
f1,f2,first_soc,front
112.391,11.9595,100,0
time
45.88,95.8371
soc
70,38
f1,f2,first_soc,front
106.212,18.5372,100,0
time
45.88
soc
69
f1,f2,first_soc,front
112.896,11.563,100,0
time
45.88,95.8371
soc
70,39
f1,f2,first_soc,front
110.757,13.3397,100,0
time
45.88
soc
78
f1,f2,first_soc,front
106.358,18.3705,100,0
time
43.16
soc
74
f1,f2,first_soc,front
107.55,17.0059,100,0
time
44.52
soc
74
f1,f2,first_soc,front
108.055,16.4284,100,0
time
44.52
soc
75
f1,f2,first_soc,front
104.697,20.2697,100,0
time
45.88
soc
66
f1,f2,first_soc,front
104.52,20.4708,100,0
time
44.52
soc
68
f1,f2,first_soc,front
108.561,15.8509,100,0
time
44.52
soc
76
f1,f2,first_soc,front
109.066,15.2734,100,0
time
44.52
soc
77
f1,f2,first_soc,front
105.53,19.3158,100,0
time
44.52
soc
70
f1,f2,first_soc,front
105.202,19.6922,100,0
time
45.88
soc
67
f1,f2,first_soc,front
106.358,18.3705,100,0
time
43.16
soc
74
f1,f2,first_soc,front
104.697,20.2697,100,0
time
45.88
soc
66
f1,f2,first_soc,front
105.53,19.3158,100,0
time
44.52
soc
70
f1,f2,first_soc,front
107.222,17.3822,100,0
time
45.88
soc
71
f1,f2,first_soc,front
106.717,17.9597,100,0
time
45.88
soc
70
f1,f2,first_soc,front
104.52,20.4708,100,0
time
44.52
soc
68
f1,f2,first_soc,front
106.358,18.3705,100,0
time
43.16
soc
74
f1,f2,first_soc,front
106.358,18.3705,100,0
time
43.16
soc
74
f1,f2,first_soc,front
112.618,11.7025,100,0
time
37.72,77.626
soc
75,62
f1,f2,first_soc,front
112.553,11.7747,100,0
time
45.88,73.067
soc
68,76
f1,f2,first_soc,front
111.263,12.7622,100,0
time
45.88
soc
79
f1,f2,first_soc,front
112.553,11.7747,100,0
time
45.88,73.067
soc
68,76
f1,f2,first_soc,front
112.538,11.7921,100,0
time
45.88,96.1474
soc
76,43
f1,f2,first_soc,front
112.553,11.7747,100,0
time
45.88,73.067
soc
68,76
f1,f2,first_soc,front
111.768,12.1847,100,0
time
45.88
soc
80
f1,f2,first_soc,front
111.263,12.7622,100,0
time
45.88
soc
79
f1,f2,first_soc,front
112.896,11.563,100,0
time
45.88,95.8371
soc
70,39
f1,f2,first_soc,front
104.697,20.2697,100,0
time
45.88
soc
66
f1,f2,first_soc,front
104.697,20.2697,100,0
time
45.88
soc
66
f1,f2,first_soc,front
104.697,20.2697,100,0
time
45.88
soc
66
f1,f2,first_soc,front
104.697,20.2697,100,0
time
45.88
soc
66
f1,f2,first_soc,front
104.697,20.2697,100,0
time
45.88
soc
66
f1,f2,first_soc,front
104.697,20.2697,100,0
time
45.88
soc
66
f1,f2,first_soc,front
104.697,20.2697,100,0
time
45.88
soc
66
f1,f2,first_soc,front
104.697,20.2697,100,0
time
45.88
soc
66
f1,f2,first_soc,front
104.697,20.2697,100,0
time
45.88
soc
66
f1,f2,first_soc,front
104.697,20.2697,100,0
time
45.88
soc
66
f1,f2,first_soc,front
104.697,20.2697,100,0
time
45.88
soc
66
f1,f2,first_soc,front
104.697,20.2697,100,0
time
45.88
soc
66
f1,f2,first_soc,front
104.697,20.2697,100,0
time
45.88
soc
66
f1,f2,first_soc,front
104.697,20.2697,100,0
time
45.88
soc
66
f1,f2,first_soc,front
104.697,20.2697,100,0
time
45.88
soc
66
f1,f2,first_soc,front
104.697,20.2697,100,0
time
45.88
soc
66
f1,f2,first_soc,front
104.697,20.2697,100,0
time
45.88
soc
66
f1,f2,first_soc,front
104.697,20.2697,100,0
time
45.88
soc
66
f1,f2,first_soc,front
104.697,20.2697,100,0
time
45.88
soc
66
f1,f2,first_soc,front
104.697,20.2697,100,0
time
45.88
soc
66
f1,f2,first_soc,front
104.697,20.2697,100,0
time
45.88
soc
66
f1,f2,first_soc,front
104.697,20.2697,100,0
time
45.88
soc
66
f1,f2,first_soc,front
104.697,20.2697,100,0
time
45.88
soc
66
f1,f2,first_soc,front
104.697,20.2697,100,0
time
45.88
soc
66
f1,f2,first_soc,front
104.697,20.2697,100,0
time
45.88
soc
66
f1,f2,first_soc,front
104.697,20.2697,100,0
time
45.88
soc
66
f1,f2,first_soc,front
104.697,20.2697,100,0
time
45.88
soc
66
f1,f2,first_soc,front
104.697,20.2697,100,0
time
45.88
soc
66
f1,f2,first_soc,front
104.697,20.2697,100,0
time
45.88
soc
66
f1,f2,first_soc,front
104.697,20.2697,100,0
time
45.88
soc
66
f1,f2,first_soc,front
104.697,20.2697,100,0
time
45.88
soc
66
f1,f2,first_soc,front
105.53,19.3158,100,0
time
44.52
soc
70
f1,f2,first_soc,front
104.697,20.2697,100,0
time
45.88
soc
66
f1,f2,first_soc,front
104.697,20.2697,100,0
time
45.88
soc
66
f1,f2,first_soc,front
104.697,20.2697,100,0
time
45.88
soc
66
f1,f2,first_soc,front
104.697,20.2697,100,0
time
45.88
soc
66
f1,f2,first_soc,front
104.697,20.2697,100,0
time
45.88
soc
66
f1,f2,first_soc,front
104.697,20.2697,100,0
time
45.88
soc
66
f1,f2,first_soc,front
104.697,20.2697,100,0
time
45.88
soc
66
f1,f2,first_soc,front
104.697,20.2697,100,0
time
45.88
soc
66
f1,f2,first_soc,front
104.697,20.2697,100,0
time
45.88
soc
66
f1,f2,first_soc,front
104.697,20.2697,100,0
time
45.88
soc
66
f1,f2,first_soc,front
104.697,20.2697,100,0
time
45.88
soc
66
f1,f2,first_soc,front
104.697,20.2697,100,0
time
45.88
soc
66
f1,f2,first_soc,front
104.697,20.2697,100,0
time
45.88
soc
66
f1,f2,first_soc,front
104.697,20.2697,100,0
time
45.88
soc
66
f1,f2,first_soc,front
104.697,20.2697,100,0
time
45.88
soc
66
f1,f2,first_soc,front
104.697,20.2697,100,0
time
45.88
soc
66
f1,f2,first_soc,front
104.697,20.2697,100,0
time
45.88
soc
66
f1,f2,first_soc,front
104.697,20.2697,100,0
time
45.88
soc
66
f1,f2,first_soc,front
104.697,20.2697,100,0
time
45.88
soc
66
f1,f2,first_soc,front
104.015,21.0483,100,0
time
44.52
soc
67
f1,f2,first_soc,front
104.015,21.0483,100,0
time
44.52
soc
67
f1,f2,first_soc,front
104.015,21.0483,100,0
time
44.52
soc
67
f1,f2,first_soc,front
104.015,21.0483,100,0
time
44.52
soc
67
f1,f2,first_soc,front
104.015,21.0483,100,0
time
44.52
soc
67
f1,f2,first_soc,front
104.015,21.0483,100,0
time
44.52
soc
67
f1,f2,first_soc,front
104.015,21.0483,100,0
time
44.52
soc
67
f1,f2,first_soc,front
104.015,21.0483,100,0
time
44.52
soc
67
f1,f2,first_soc,front
104.015,21.0483,100,0
time
44.52
soc
67
f1,f2,first_soc,front
104.015,21.0483,100,0
time
44.52
soc
67
f1,f2,first_soc,front
104.015,21.0483,100,0
time
44.52
soc
67
f1,f2,first_soc,front
104.015,21.0483,100,0
time
44.52
soc
67
f1,f2,first_soc,front
104.015,21.0483,100,0
time
44.52
soc
67
f1,f2,first_soc,front
104.015,21.0483,100,0
time
44.52
soc
67
f1,f2,first_soc,front
104.015,21.0483,100,0
time
44.52
soc
67
f1,f2,first_soc,front
104.015,21.0483,100,0
time
44.52
soc
67
f1,f2,first_soc,front
104.015,21.0483,100,0
time
44.52
soc
67
f1,f2,first_soc,front
104.015,21.0483,100,0
time
44.52
soc
67
f1,f2,first_soc,front
104.015,21.0483,100,0
time
44.52
soc
67
f1,f2,first_soc,front
104.015,21.0483,100,0
time
44.52
soc
67
f1,f2,first_soc,front
104.015,21.0483,100,0
time
44.52
soc
67
f1,f2,first_soc,front
104.015,21.0483,100,0
time
44.52
soc
67
f1,f2,first_soc,front
104.015,21.0483,100,0
time
44.52
soc
67
f1,f2,first_soc,front
104.015,21.0483,100,0
time
44.52
soc
67
f1,f2,first_soc,front
104.015,21.0483,100,0
time
44.52
soc
67
f1,f2,first_soc,front
104.015,21.0483,100,0
time
44.52
soc
67
f1,f2,first_soc,front
104.015,21.0483,100,0
time
44.52
soc
67
f1,f2,first_soc,front
104.015,21.0483,100,0
time
44.52
soc
67
f1,f2,first_soc,front
104.015,21.0483,100,0
time
44.52
soc
67
f1,f2,first_soc,front
104.015,21.0483,100,0
time
44.52
soc
67
f1,f2,first_soc,front
104.015,21.0483,100,0
time
44.52
soc
67
f1,f2,first_soc,front
104.015,21.0483,100,0
time
44.52
soc
67
f1,f2,first_soc,front
104.015,21.0483,100,0
time
44.52
soc
67
f1,f2,first_soc,front
104.015,21.0483,100,0
time
44.52
soc
67
f1,f2,first_soc,front
104.015,21.0483,100,0
time
44.52
soc
67
f1,f2,first_soc,front
104.015,21.0483,100,0
time
44.52
soc
67
f1,f2,first_soc,front
104.015,21.0483,100,0
time
44.52
soc
67
f1,f2,first_soc,front
104.015,21.0483,100,0
time
44.52
soc
67
f1,f2,first_soc,front
104.697,20.2697,100,0
time
45.88
soc
66
f1,f2,first_soc,front
104.52,20.4708,100,0
time
44.52
soc
68
f1,f2,first_soc,front
104.52,20.4708,100,0
time
44.52
soc
68
f1,f2,first_soc,front
104.52,20.4708,100,0
time
44.52
soc
68
f1,f2,first_soc,front
104.52,20.4708,100,0
time
44.52
soc
68
f1,f2,first_soc,front
104.52,20.4708,100,0
time
44.52
soc
68
f1,f2,first_soc,front
104.697,20.2697,100,0
time
45.88
soc
66
f1,f2,first_soc,front
104.697,20.2697,100,0
time
45.88
soc
66
f1,f2,first_soc,front
104.697,20.2697,100,0
time
45.88
soc
66
f1,f2,first_soc,front
104.697,20.2697,100,0
time
45.88
soc
66
f1,f2,first_soc,front
104.52,20.4708,100,0
time
44.52
soc
68
f1,f2,first_soc,front
104.697,20.2697,100,0
time
45.88
soc
66
f1,f2,first_soc,front
104.697,20.2697,100,0
time
45.88
soc
66
第47世代
f1,f2,first_soc,front
104.015,21.0483,100,0
time
44.52
soc
67
f1,f2,first_soc,front
104.015,21.0483,100,0
time
44.52
soc
67
f1,f2,first_soc,front
113.75,11.5601,100,0
time
44.52,73.2401
soc
68,76
f1,f2,first_soc,front
111.768,12.1847,100,0
time
45.88
soc
80
f1,f2,first_soc,front
113.75,11.5601,100,0
time
44.52,73.2401
soc
68,76
f1,f2,first_soc,front
112.896,11.563,100,0
time
45.88,95.8371
soc
70,39
f1,f2,first_soc,front
112.391,11.9595,100,0
time
45.88,95.8371
soc
70,38
f1,f2,first_soc,front
108.737,15.6497,100,0
time
45.88
soc
74
f1,f2,first_soc,front
108.055,16.4284,100,0
time
44.52
soc
75
f1,f2,first_soc,front
105.202,19.6922,100,0
time
45.88
soc
67
f1,f2,first_soc,front
105.53,19.3158,100,0
time
44.52
soc
70
f1,f2,first_soc,front
107.045,17.5834,100,0
time
44.52
soc
73
f1,f2,first_soc,front
110.581,13.5409,100,0
time
44.52
soc
80
f1,f2,first_soc,front
110.076,14.1184,100,0
time
44.52
soc
79
f1,f2,first_soc,front
109.747,14.4947,100,0
time
45.88
soc
76
f1,f2,first_soc,front
109.242,15.0722,100,0
time
45.88
soc
75
f1,f2,first_soc,front
107.55,17.0059,100,0
time
44.52
soc
74
f1,f2,first_soc,front
104.52,20.4708,100,0
time
44.52
soc
68
f1,f2,first_soc,front
104.015,21.0483,100,0
time
44.52
soc
67
f1,f2,first_soc,front
104.52,20.4708,100,0
time
44.52
soc
68
f1,f2,first_soc,front
111.755,12.6872,100,0
time
45.88,73.9615
soc
59,65
f1,f2,first_soc,front
110.757,13.3397,100,0
time
45.88
soc
78
f1,f2,first_soc,front
111.25,13.2647,100,0
time
45.88,73.4565
soc
58,64
f1,f2,first_soc,front
106.035,18.7383,100,0
time
44.52
soc
71
f1,f2,first_soc,front
108.561,15.8509,100,0
time
44.52
soc
76
f1,f2,first_soc,front
107.222,17.3822,100,0
time
45.88
soc
71
f1,f2,first_soc,front
107.727,16.8047,100,0
time
45.88
soc
72
f1,f2,first_soc,front
106.717,17.9597,100,0
time
45.88
soc
70
f1,f2,first_soc,front
111.25,13.2647,100,0
time
45.88,73.4565
soc
58,64
f1,f2,first_soc,front
111.755,12.6872,100,0
time
45.88,73.4565
soc
58,65
f1,f2,first_soc,front
111.263,12.7622,100,0
time
45.88
soc
79
f1,f2,first_soc,front
104.015,21.0483,100,0
time
44.52
soc
67
f1,f2,first_soc,front
111.263,12.7622,100,0
time
45.88
soc
79
f1,f2,first_soc,front
112.896,11.563,100,0
time
45.88,95.8371
soc
70,39
f1,f2,first_soc,front
106.54,18.1609,100,0
time
44.52
soc
72
f1,f2,first_soc,front
105.025,19.8933,100,0
time
44.52
soc
69
f1,f2,first_soc,front
109.066,15.2734,100,0
time
44.52
soc
77
f1,f2,first_soc,front
106.717,17.9597,100,0
time
45.88
soc
70
f1,f2,first_soc,front
104.697,20.2697,100,0
time
45.88
soc
66
f1,f2,first_soc,front
107.727,16.8047,100,0
time
45.88
soc
72
f1,f2,first_soc,front
110.252,13.9172,100,0
time
45.88
soc
77
f1,f2,first_soc,front
109.571,14.6959,100,0
time
44.52
soc
78
f1,f2,first_soc,front
105.707,19.1147,100,0
time
45.88
soc
68
f1,f2,first_soc,front
108.232,16.2272,100,0
time
45.88
soc
73
f1,f2,first_soc,front
106.212,18.5372,100,0
time
45.88
soc
69
f1,f2,first_soc,front
110.076,14.1184,100,0
time
44.52
soc
79
f1,f2,first_soc,front
109.747,14.4947,100,0
time
45.88
soc
76
f1,f2,first_soc,front
105.707,19.1147,100,0
time
45.88
soc
68
f1,f2,first_soc,front
109.571,14.6959,100,0
time
44.52
soc
78
f1,f2,first_soc,front
109.242,15.0722,100,0
time
45.88
soc
75
f1,f2,first_soc,front
109.066,15.2734,100,0
time
44.52
soc
77
f1,f2,first_soc,front
106.54,18.1609,100,0
time
44.52
soc
72
f1,f2,first_soc,front
108.737,15.6497,100,0
time
45.88
soc
74
f1,f2,first_soc,front
105.53,19.3158,100,0
time
44.52
soc
70
f1,f2,first_soc,front
108.055,16.4284,100,0
time
44.52
soc
75
f1,f2,first_soc,front
107.55,17.0059,100,0
time
44.52
soc
74
f1,f2,first_soc,front
107.045,17.5834,100,0
time
44.52
soc
73
f1,f2,first_soc,front
110.581,13.5409,100,0
time
44.52
soc
80
f1,f2,first_soc,front
105.025,19.8933,100,0
time
44.52
soc
69
f1,f2,first_soc,front
112.618,11.7025,100,0
time
37.72,77.626
soc
75,62
f1,f2,first_soc,front
104.697,20.2697,100,0
time
45.88
soc
66
f1,f2,first_soc,front
108.561,15.8509,100,0
time
44.52
soc
76
f1,f2,first_soc,front
109.066,15.2734,100,0
time
44.52
soc
77
f1,f2,first_soc,front
108.232,16.2272,100,0
time
45.88
soc
73
f1,f2,first_soc,front
105.025,19.8933,100,0
time
44.52
soc
69
f1,f2,first_soc,front
105.707,19.1147,100,0
time
45.88
soc
68
f1,f2,first_soc,front
110.252,13.9172,100,0
time
45.88
soc
77
f1,f2,first_soc,front
107.222,17.3822,100,0
time
45.88
soc
71
f1,f2,first_soc,front
106.035,18.7383,100,0
time
44.52
soc
71
f1,f2,first_soc,front
109.571,14.6959,100,0
time
44.52
soc
78
f1,f2,first_soc,front
112.391,11.9595,100,0
time
45.88,95.8371
soc
70,38
f1,f2,first_soc,front
106.212,18.5372,100,0
time
45.88
soc
69
f1,f2,first_soc,front
111.768,12.1847,100,0
time
45.88
soc
80
f1,f2,first_soc,front
106.358,18.3705,100,0
time
43.16
soc
74
f1,f2,first_soc,front
106.035,18.7383,100,0
time
44.52
soc
71
f1,f2,first_soc,front
104.697,20.2697,100,0
time
45.88
soc
66
f1,f2,first_soc,front
108.561,15.8509,100,0
time
44.52
soc
76
f1,f2,first_soc,front
110.757,13.3397,100,0
time
45.88
soc
78
f1,f2,first_soc,front
108.232,16.2272,100,0
time
45.88
soc
73
f1,f2,first_soc,front
110.252,13.9172,100,0
time
45.88
soc
77
f1,f2,first_soc,front
107.222,17.3822,100,0
time
45.88
soc
71
f1,f2,first_soc,front
105.202,19.6922,100,0
time
45.88
soc
67
f1,f2,first_soc,front
112.538,11.7921,100,0
time
45.88,96.1474
soc
76,43
f1,f2,first_soc,front
106.358,18.3705,100,0
time
43.16
soc
74
f1,f2,first_soc,front
110.757,13.3397,100,0
time
45.88
soc
78
f1,f2,first_soc,front
104.697,20.2697,100,0
time
45.88
soc
66
f1,f2,first_soc,front
110.252,13.9172,100,0
time
45.88
soc
77
f1,f2,first_soc,front
107.727,16.8047,100,0
time
45.88
soc
72
f1,f2,first_soc,front
106.717,17.9597,100,0
time
45.88
soc
70
f1,f2,first_soc,front
108.232,16.2272,100,0
time
45.88
soc
73
f1,f2,first_soc,front
104.52,20.4708,100,0
time
44.52
soc
68
f1,f2,first_soc,front
105.202,19.6922,100,0
time
45.88
soc
67
f1,f2,first_soc,front
106.358,18.3705,100,0
time
43.16
soc
74
f1,f2,first_soc,front
112.538,11.7921,100,0
time
45.88,96.1474
soc
76,43
f1,f2,first_soc,front
106.358,18.3705,100,0
time
43.16
soc
74
f1,f2,first_soc,front
112.618,11.7025,100,0
time
37.72,77.626
soc
75,62
f1,f2,first_soc,front
112.553,11.7747,100,0
time
45.88,73.067
soc
68,76
f1,f2,first_soc,front
111.263,12.7622,100,0
time
45.88
soc
79
f1,f2,first_soc,front
112.618,11.7025,100,0
time
37.72,77.626
soc
75,62
f1,f2,first_soc,front
112.553,11.7747,100,0
time
45.88,73.067
soc
68,76
f1,f2,first_soc,front
112.538,11.7921,100,0
time
45.88,96.1474
soc
76,43
f1,f2,first_soc,front
111.768,12.1847,100,0
time
45.88
soc
80
f1,f2,first_soc,front
111.263,12.7622,100,0
time
45.88
soc
79
f1,f2,first_soc,front
104.697,20.2697,100,0
time
45.88
soc
66
f1,f2,first_soc,front
104.697,20.2697,100,0
time
45.88
soc
66
f1,f2,first_soc,front
104.697,20.2697,100,0
time
45.88
soc
66
f1,f2,first_soc,front
104.697,20.2697,100,0
time
45.88
soc
66
f1,f2,first_soc,front
104.697,20.2697,100,0
time
45.88
soc
66
f1,f2,first_soc,front
104.697,20.2697,100,0
time
45.88
soc
66
f1,f2,first_soc,front
104.697,20.2697,100,0
time
45.88
soc
66
f1,f2,first_soc,front
104.697,20.2697,100,0
time
45.88
soc
66
f1,f2,first_soc,front
104.697,20.2697,100,0
time
45.88
soc
66
f1,f2,first_soc,front
104.697,20.2697,100,0
time
45.88
soc
66
f1,f2,first_soc,front
104.697,20.2697,100,0
time
45.88
soc
66
f1,f2,first_soc,front
104.697,20.2697,100,0
time
45.88
soc
66
f1,f2,first_soc,front
104.697,20.2697,100,0
time
45.88
soc
66
f1,f2,first_soc,front
104.697,20.2697,100,0
time
45.88
soc
66
f1,f2,first_soc,front
104.697,20.2697,100,0
time
45.88
soc
66
f1,f2,first_soc,front
104.697,20.2697,100,0
time
45.88
soc
66
f1,f2,first_soc,front
104.697,20.2697,100,0
time
45.88
soc
66
f1,f2,first_soc,front
104.697,20.2697,100,0
time
45.88
soc
66
f1,f2,first_soc,front
104.697,20.2697,100,0
time
45.88
soc
66
f1,f2,first_soc,front
104.697,20.2697,100,0
time
45.88
soc
66
f1,f2,first_soc,front
104.697,20.2697,100,0
time
45.88
soc
66
f1,f2,first_soc,front
104.697,20.2697,100,0
time
45.88
soc
66
f1,f2,first_soc,front
104.697,20.2697,100,0
time
45.88
soc
66
f1,f2,first_soc,front
104.697,20.2697,100,0
time
45.88
soc
66
f1,f2,first_soc,front
104.697,20.2697,100,0
time
45.88
soc
66
f1,f2,first_soc,front
104.697,20.2697,100,0
time
45.88
soc
66
f1,f2,first_soc,front
104.697,20.2697,100,0
time
45.88
soc
66
f1,f2,first_soc,front
104.697,20.2697,100,0
time
45.88
soc
66
f1,f2,first_soc,front
104.697,20.2697,100,0
time
45.88
soc
66
f1,f2,first_soc,front
104.697,20.2697,100,0
time
45.88
soc
66
f1,f2,first_soc,front
104.697,20.2697,100,0
time
45.88
soc
66
f1,f2,first_soc,front
104.697,20.2697,100,0
time
45.88
soc
66
f1,f2,first_soc,front
104.697,20.2697,100,0
time
45.88
soc
66
f1,f2,first_soc,front
104.697,20.2697,100,0
time
45.88
soc
66
f1,f2,first_soc,front
104.697,20.2697,100,0
time
45.88
soc
66
f1,f2,first_soc,front
104.697,20.2697,100,0
time
45.88
soc
66
f1,f2,first_soc,front
104.697,20.2697,100,0
time
45.88
soc
66
f1,f2,first_soc,front
104.697,20.2697,100,0
time
45.88
soc
66
f1,f2,first_soc,front
104.697,20.2697,100,0
time
45.88
soc
66
f1,f2,first_soc,front
104.697,20.2697,100,0
time
45.88
soc
66
f1,f2,first_soc,front
104.52,20.4708,100,0
time
44.52
soc
68
f1,f2,first_soc,front
104.697,20.2697,100,0
time
45.88
soc
66
f1,f2,first_soc,front
104.697,20.2697,100,0
time
45.88
soc
66
f1,f2,first_soc,front
104.697,20.2697,100,0
time
45.88
soc
66
f1,f2,first_soc,front
104.697,20.2697,100,0
time
45.88
soc
66
f1,f2,first_soc,front
104.697,20.2697,100,0
time
45.88
soc
66
f1,f2,first_soc,front
104.697,20.2697,100,0
time
45.88
soc
66
f1,f2,first_soc,front
104.697,20.2697,100,0
time
45.88
soc
66
f1,f2,first_soc,front
104.697,20.2697,100,0
time
45.88
soc
66
f1,f2,first_soc,front
104.697,20.2697,100,0
time
45.88
soc
66
f1,f2,first_soc,front
104.697,20.2697,100,0
time
45.88
soc
66
f1,f2,first_soc,front
104.697,20.2697,100,0
time
45.88
soc
66
f1,f2,first_soc,front
104.697,20.2697,100,0
time
45.88
soc
66
f1,f2,first_soc,front
104.015,21.0483,100,0
time
44.52
soc
67
f1,f2,first_soc,front
104.015,21.0483,100,0
time
44.52
soc
67
f1,f2,first_soc,front
104.015,21.0483,100,0
time
44.52
soc
67
f1,f2,first_soc,front
104.015,21.0483,100,0
time
44.52
soc
67
f1,f2,first_soc,front
104.015,21.0483,100,0
time
44.52
soc
67
f1,f2,first_soc,front
104.015,21.0483,100,0
time
44.52
soc
67
f1,f2,first_soc,front
104.015,21.0483,100,0
time
44.52
soc
67
f1,f2,first_soc,front
113.75,11.5601,100,0
time
44.52,73.2401
soc
68,76
f1,f2,first_soc,front
112.896,11.563,100,0
time
45.88,95.8371
soc
70,39
f1,f2,first_soc,front
104.015,21.0483,100,0
time
44.52
soc
67
f1,f2,first_soc,front
104.015,21.0483,100,0
time
44.52
soc
67
f1,f2,first_soc,front
104.015,21.0483,100,0
time
44.52
soc
67
f1,f2,first_soc,front
104.015,21.0483,100,0
time
44.52
soc
67
f1,f2,first_soc,front
104.015,21.0483,100,0
time
44.52
soc
67
f1,f2,first_soc,front
104.015,21.0483,100,0
time
44.52
soc
67
f1,f2,first_soc,front
104.015,21.0483,100,0
time
44.52
soc
67
f1,f2,first_soc,front
104.015,21.0483,100,0
time
44.52
soc
67
f1,f2,first_soc,front
104.015,21.0483,100,0
time
44.52
soc
67
f1,f2,first_soc,front
104.015,21.0483,100,0
time
44.52
soc
67
f1,f2,first_soc,front
113.75,11.5601,100,0
time
44.52,73.2401
soc
68,76
f1,f2,first_soc,front
104.015,21.0483,100,0
time
44.52
soc
67
f1,f2,first_soc,front
104.015,21.0483,100,0
time
44.52
soc
67
f1,f2,first_soc,front
104.015,21.0483,100,0
time
44.52
soc
67
f1,f2,first_soc,front
104.015,21.0483,100,0
time
44.52
soc
67
f1,f2,first_soc,front
104.015,21.0483,100,0
time
44.52
soc
67
f1,f2,first_soc,front
104.015,21.0483,100,0
time
44.52
soc
67
f1,f2,first_soc,front
104.015,21.0483,100,0
time
44.52
soc
67
f1,f2,first_soc,front
104.015,21.0483,100,0
time
44.52
soc
67
f1,f2,first_soc,front
104.015,21.0483,100,0
time
44.52
soc
67
f1,f2,first_soc,front
104.015,21.0483,100,0
time
44.52
soc
67
f1,f2,first_soc,front
104.015,21.0483,100,0
time
44.52
soc
67
f1,f2,first_soc,front
104.015,21.0483,100,0
time
44.52
soc
67
f1,f2,first_soc,front
104.015,21.0483,100,0
time
44.52
soc
67
f1,f2,first_soc,front
104.015,21.0483,100,0
time
44.52
soc
67
f1,f2,first_soc,front
104.015,21.0483,100,0
time
44.52
soc
67
f1,f2,first_soc,front
104.015,21.0483,100,0
time
44.52
soc
67
f1,f2,first_soc,front
104.52,20.4708,100,0
time
44.52
soc
68
f1,f2,first_soc,front
104.52,20.4708,100,0
time
44.52
soc
68
f1,f2,first_soc,front
104.52,20.4708,100,0
time
44.52
soc
68
f1,f2,first_soc,front
104.52,20.4708,100,0
time
44.52
soc
68
f1,f2,first_soc,front
104.52,20.4708,100,0
time
44.52
soc
68
f1,f2,first_soc,front
104.52,20.4708,100,0
time
44.52
soc
68
f1,f2,first_soc,front
104.52,20.4708,100,0
time
44.52
soc
68
f1,f2,first_soc,front
104.52,20.4708,100,0
time
44.52
soc
68
第48世代
f1,f2,first_soc,front
113.735,11.5601,100,0
time
44.52,96.3205
soc
76,43
f1,f2,first_soc,front
104.015,21.0483,100,0
time
44.52
soc
67
f1,f2,first_soc,front
104.015,21.0483,100,0
time
44.52
soc
67
f1,f2,first_soc,front
111.768,12.1847,100,0
time
45.88
soc
80
f1,f2,first_soc,front
112.896,11.563,100,0
time
45.88,95.8371
soc
70,39
f1,f2,first_soc,front
112.391,11.9595,100,0
time
45.88,95.8371
soc
70,38
f1,f2,first_soc,front
109.066,15.2734,100,0
time
44.52
soc
77
f1,f2,first_soc,front
107.727,16.8047,100,0
time
45.88
soc
72
f1,f2,first_soc,front
108.737,15.6497,100,0
time
45.88
soc
74
f1,f2,first_soc,front
106.864,17.793,100,0
time
43.16
soc
75
f1,f2,first_soc,front
105.202,19.6922,100,0
time
45.88
soc
67
f1,f2,first_soc,front
109.571,14.6959,100,0
time
44.52
soc
78
f1,f2,first_soc,front
110.076,14.1184,100,0
time
44.52
soc
79
f1,f2,first_soc,front
110.581,13.5409,100,0
time
44.52
soc
80
f1,f2,first_soc,front
105.707,19.1147,100,0
time
45.88
soc
68
f1,f2,first_soc,front
106.035,18.7383,100,0
time
44.52
soc
71
f1,f2,first_soc,front
107.222,17.3822,100,0
time
45.88
soc
71
f1,f2,first_soc,front
104.52,20.4708,100,0
time
44.52
soc
68
f1,f2,first_soc,front
110.757,13.3397,100,0
time
45.88
soc
78
f1,f2,first_soc,front
104.015,21.0483,100,0
time
44.52
soc
67
f1,f2,first_soc,front
104.52,20.4708,100,0
time
44.52
soc
68
f1,f2,first_soc,front
111.755,12.6872,100,0
time
45.88,73.4565
soc
58,65
f1,f2,first_soc,front
111.25,13.2647,100,0
time
45.88,73.4565
soc
58,64
f1,f2,first_soc,front
105.53,19.3158,100,0
time
44.52
soc
70
f1,f2,first_soc,front
108.055,16.4284,100,0
time
44.52
soc
75
f1,f2,first_soc,front
110.252,13.9172,100,0
time
45.88
soc
77
f1,f2,first_soc,front
107.55,17.0059,100,0
time
44.52
soc
74
f1,f2,first_soc,front
108.232,16.2272,100,0
time
45.88
soc
73
f1,f2,first_soc,front
109.242,15.0722,100,0
time
45.88
soc
75
f1,f2,first_soc,front
109.747,14.4947,100,0
time
45.88
soc
76
f1,f2,first_soc,front
111.25,13.2647,100,0
time
45.88,73.4565
soc
58,64
f1,f2,first_soc,front
111.768,12.1847,100,0
time
45.88
soc
80
f1,f2,first_soc,front
111.755,12.6872,100,0
time
45.88,73.4565
soc
58,65
f1,f2,first_soc,front
111.263,12.7622,100,0
time
45.88
soc
79
f1,f2,first_soc,front
104.015,21.0483,100,0
time
44.52
soc
67
f1,f2,first_soc,front
111.263,12.7622,100,0
time
45.88
soc
79
f1,f2,first_soc,front
112.896,11.563,100,0
time
45.88,95.8371
soc
70,39
f1,f2,first_soc,front
106.54,18.1609,100,0
time
44.52
soc
72
f1,f2,first_soc,front
107.045,17.5834,100,0
time
44.52
soc
73
f1,f2,first_soc,front
104.697,20.2697,100,0
time
45.88
soc
66
f1,f2,first_soc,front
105.025,19.8933,100,0
time
44.52
soc
69
f1,f2,first_soc,front
109.747,14.4947,100,0
time
45.88
soc
76
f1,f2,first_soc,front
109.242,15.0722,100,0
time
45.88
soc
75
f1,f2,first_soc,front
108.561,15.8509,100,0
time
44.52
soc
76
f1,f2,first_soc,front
108.232,16.2272,100,0
time
45.88
soc
73
f1,f2,first_soc,front
106.212,18.5372,100,0
time
45.88
soc
69
f1,f2,first_soc,front
107.727,16.8047,100,0
time
45.88
soc
72
f1,f2,first_soc,front
110.581,13.5409,100,0
time
44.52
soc
80
f1,f2,first_soc,front
110.076,14.1184,100,0
time
44.52
soc
79
f1,f2,first_soc,front
107.222,17.3822,100,0
time
45.88
soc
71
f1,f2,first_soc,front
106.54,18.1609,100,0
time
44.52
soc
72
f1,f2,first_soc,front
109.066,15.2734,100,0
time
44.52
soc
77
f1,f2,first_soc,front
109.571,14.6959,100,0
time
44.52
soc
78
f1,f2,first_soc,front
105.707,19.1147,100,0
time
45.88
soc
68
f1,f2,first_soc,front
108.561,15.8509,100,0
time
44.52
soc
76
f1,f2,first_soc,front
108.737,15.6497,100,0
time
45.88
soc
74
f1,f2,first_soc,front
105.202,19.6922,100,0
time
45.88
soc
67
f1,f2,first_soc,front
112.391,11.9595,100,0
time
45.88,95.8371
soc
70,38
f1,f2,first_soc,front
106.358,18.3705,100,0
time
43.16
soc
74
f1,f2,first_soc,front
106.717,17.9597,100,0
time
45.88
soc
70
f1,f2,first_soc,front
112.618,11.7025,100,0
time
37.72,78.131
soc
76,62
f1,f2,first_soc,front
107.55,17.0059,100,0
time
44.52
soc
74
f1,f2,first_soc,front
108.561,15.8509,100,0
time
44.52
soc
76
f1,f2,first_soc,front
105.53,19.3158,100,0
time
44.52
soc
70
f1,f2,first_soc,front
104.697,20.2697,100,0
time
45.88
soc
66
f1,f2,first_soc,front
105.025,19.8933,100,0
time
44.52
soc
69
f1,f2,first_soc,front
110.252,13.9172,100,0
time
45.88
soc
77
f1,f2,first_soc,front
108.055,16.4284,100,0
time
44.52
soc
75
f1,f2,first_soc,front
112.538,11.7921,100,0
time
45.88,96.1474
soc
76,43
f1,f2,first_soc,front
106.212,18.5372,100,0
time
45.88
soc
69
f1,f2,first_soc,front
106.358,18.3705,100,0
time
43.16
soc
74
f1,f2,first_soc,front
106.035,18.7383,100,0
time
44.52
soc
71
f1,f2,first_soc,front
110.252,13.9172,100,0
time
45.88
soc
77
f1,f2,first_soc,front
107.045,17.5834,100,0
time
44.52
soc
73
f1,f2,first_soc,front
104.697,20.2697,100,0
time
45.88
soc
66
f1,f2,first_soc,front
108.055,16.4284,100,0
time
44.52
soc
75
f1,f2,first_soc,front
107.55,17.0059,100,0
time
44.52
soc
74
f1,f2,first_soc,front
105.53,19.3158,100,0
time
44.52
soc
70
f1,f2,first_soc,front
105.025,19.8933,100,0
time
44.52
soc
69
f1,f2,first_soc,front
107.045,17.5834,100,0
time
44.52
soc
73
f1,f2,first_soc,front
110.757,13.3397,100,0
time
45.88
soc
78
f1,f2,first_soc,front
104.52,20.4708,100,0
time
44.52
soc
68
f1,f2,first_soc,front
109.242,15.0722,100,0
time
45.88
soc
75
f1,f2,first_soc,front
108.232,16.2272,100,0
time
45.88
soc
73
f1,f2,first_soc,front
109.747,14.4947,100,0
time
45.88
soc
76
f1,f2,first_soc,front
106.717,17.9597,100,0
time
45.88
soc
70
f1,f2,first_soc,front
106.035,18.7383,100,0
time
44.52
soc
71
f1,f2,first_soc,front
105.025,19.8933,100,0
time
44.52
soc
69
f1,f2,first_soc,front
104.697,20.2697,100,0
time
45.88
soc
66
f1,f2,first_soc,front
106.717,17.9597,100,0
time
45.88
soc
70
f1,f2,first_soc,front
106.358,18.3705,100,0
time
43.16
soc
74
f1,f2,first_soc,front
112.618,11.7025,100,0
time
37.72,77.626
soc
75,62
f1,f2,first_soc,front
111.263,12.7622,100,0
time
45.88
soc
79
f1,f2,first_soc,front
112.553,11.7747,100,0
time
45.88,73.067
soc
68,76
f1,f2,first_soc,front
110.757,13.3397,100,0
time
45.88
soc
78
f1,f2,first_soc,front
112.618,11.7025,100,0
time
37.72,77.626
soc
75,62
f1,f2,first_soc,front
112.553,11.7747,100,0
time
45.88,73.067
soc
68,76
f1,f2,first_soc,front
112.538,11.7921,100,0
time
45.88,96.1474
soc
76,43
f1,f2,first_soc,front
112.553,11.7747,100,0
time
45.88,73.067
soc
68,76
f1,f2,first_soc,front
104.697,20.2697,100,0
time
45.88
soc
66
f1,f2,first_soc,front
104.015,21.0483,100,0
time
44.52
soc
67
f1,f2,first_soc,front
104.697,20.2697,100,0
time
45.88
soc
66
f1,f2,first_soc,front
104.697,20.2697,100,0
time
45.88
soc
66
f1,f2,first_soc,front
104.697,20.2697,100,0
time
45.88
soc
66
f1,f2,first_soc,front
104.697,20.2697,100,0
time
45.88
soc
66
f1,f2,first_soc,front
104.697,20.2697,100,0
time
45.88
soc
66
f1,f2,first_soc,front
104.697,20.2697,100,0
time
45.88
soc
66
f1,f2,first_soc,front
104.015,21.0483,100,0
time
44.52
soc
67
f1,f2,first_soc,front
104.697,20.2697,100,0
time
45.88
soc
66
f1,f2,first_soc,front
104.697,20.2697,100,0
time
45.88
soc
66
f1,f2,first_soc,front
104.015,21.0483,100,0
time
44.52
soc
67
f1,f2,first_soc,front
104.015,21.0483,100,0
time
44.52
soc
67
f1,f2,first_soc,front
104.697,20.2697,100,0
time
45.88
soc
66
f1,f2,first_soc,front
104.015,21.0483,100,0
time
44.52
soc
67
f1,f2,first_soc,front
104.015,21.0483,100,0
time
44.52
soc
67
f1,f2,first_soc,front
104.697,20.2697,100,0
time
45.88
soc
66
f1,f2,first_soc,front
104.697,20.2697,100,0
time
45.88
soc
66
f1,f2,first_soc,front
104.015,21.0483,100,0
time
44.52
soc
67
f1,f2,first_soc,front
104.015,21.0483,100,0
time
44.52
soc
67
f1,f2,first_soc,front
104.697,20.2697,100,0
time
45.88
soc
66
f1,f2,first_soc,front
104.697,20.2697,100,0
time
45.88
soc
66
f1,f2,first_soc,front
104.697,20.2697,100,0
time
45.88
soc
66
f1,f2,first_soc,front
104.697,20.2697,100,0
time
45.88
soc
66
f1,f2,first_soc,front
104.697,20.2697,100,0
time
45.88
soc
66
f1,f2,first_soc,front
104.015,21.0483,100,0
time
44.52
soc
67
f1,f2,first_soc,front
104.697,20.2697,100,0
time
45.88
soc
66
f1,f2,first_soc,front
104.697,20.2697,100,0
time
45.88
soc
66
f1,f2,first_soc,front
104.697,20.2697,100,0
time
45.88
soc
66
f1,f2,first_soc,front
104.697,20.2697,100,0
time
45.88
soc
66
f1,f2,first_soc,front
112.896,11.563,100,0
time
45.88,95.8371
soc
70,39
f1,f2,first_soc,front
104.697,20.2697,100,0
time
45.88
soc
66
f1,f2,first_soc,front
104.697,20.2697,100,0
time
45.88
soc
66
f1,f2,first_soc,front
104.697,20.2697,100,0
time
45.88
soc
66
f1,f2,first_soc,front
104.697,20.2697,100,0
time
45.88
soc
66
f1,f2,first_soc,front
104.697,20.2697,100,0
time
45.88
soc
66
f1,f2,first_soc,front
104.697,20.2697,100,0
time
45.88
soc
66
f1,f2,first_soc,front
104.697,20.2697,100,0
time
45.88
soc
66
f1,f2,first_soc,front
104.697,20.2697,100,0
time
45.88
soc
66
f1,f2,first_soc,front
104.697,20.2697,100,0
time
45.88
soc
66
f1,f2,first_soc,front
104.697,20.2697,100,0
time
45.88
soc
66
f1,f2,first_soc,front
104.697,20.2697,100,0
time
45.88
soc
66
f1,f2,first_soc,front
104.697,20.2697,100,0
time
45.88
soc
66
f1,f2,first_soc,front
104.697,20.2697,100,0
time
45.88
soc
66
f1,f2,first_soc,front
104.015,21.0483,100,0
time
44.52
soc
67
f1,f2,first_soc,front
104.015,21.0483,100,0
time
44.52
soc
67
f1,f2,first_soc,front
104.697,20.2697,100,0
time
45.88
soc
66
f1,f2,first_soc,front
104.015,21.0483,100,0
time
44.52
soc
67
f1,f2,first_soc,front
104.015,21.0483,100,0
time
44.52
soc
67
f1,f2,first_soc,front
104.697,20.2697,100,0
time
45.88
soc
66
f1,f2,first_soc,front
104.697,20.2697,100,0
time
45.88
soc
66
f1,f2,first_soc,front
104.697,20.2697,100,0
time
45.88
soc
66
f1,f2,first_soc,front
104.697,20.2697,100,0
time
45.88
soc
66
f1,f2,first_soc,front
104.697,20.2697,100,0
time
45.88
soc
66
f1,f2,first_soc,front
104.697,20.2697,100,0
time
45.88
soc
66
f1,f2,first_soc,front
104.015,21.0483,100,0
time
44.52
soc
67
f1,f2,first_soc,front
104.015,21.0483,100,0
time
44.52
soc
67
f1,f2,first_soc,front
104.52,20.4708,100,0
time
44.52
soc
68
f1,f2,first_soc,front
104.697,20.2697,100,0
time
45.88
soc
66
f1,f2,first_soc,front
104.697,20.2697,100,0
time
45.88
soc
66
f1,f2,first_soc,front
104.697,20.2697,100,0
time
45.88
soc
66
f1,f2,first_soc,front
104.697,20.2697,100,0
time
45.88
soc
66
f1,f2,first_soc,front
104.015,21.0483,100,0
time
44.52
soc
67
f1,f2,first_soc,front
104.015,21.0483,100,0
time
44.52
soc
67
f1,f2,first_soc,front
104.697,20.2697,100,0
time
45.88
soc
66
f1,f2,first_soc,front
104.015,21.0483,100,0
time
44.52
soc
67
f1,f2,first_soc,front
104.015,21.0483,100,0
time
44.52
soc
67
f1,f2,first_soc,front
104.015,21.0483,100,0
time
44.52
soc
67
f1,f2,first_soc,front
104.015,21.0483,100,0
time
44.52
soc
67
f1,f2,first_soc,front
104.015,21.0483,100,0
time
44.52
soc
67
f1,f2,first_soc,front
104.52,20.4708,100,0
time
44.52
soc
68
f1,f2,first_soc,front
104.52,20.4708,100,0
time
44.52
soc
68
f1,f2,first_soc,front
104.52,20.4708,100,0
time
44.52
soc
68
f1,f2,first_soc,front
104.697,20.2697,100,0
time
45.88
soc
66
f1,f2,first_soc,front
104.52,20.4708,100,0
time
44.52
soc
68
f1,f2,first_soc,front
104.52,20.4708,100,0
time
44.52
soc
68
f1,f2,first_soc,front
104.52,20.4708,100,0
time
44.52
soc
68
f1,f2,first_soc,front
104.52,20.4708,100,0
time
44.52
soc
68
f1,f2,first_soc,front
104.015,21.0483,100,0
time
44.52
soc
67
f1,f2,first_soc,front
104.015,21.0483,100,0
time
44.52
soc
67
f1,f2,first_soc,front
104.015,21.0483,100,0
time
44.52
soc
67
f1,f2,first_soc,front
104.52,20.4708,100,0
time
44.52
soc
68
f1,f2,first_soc,front
104.52,20.4708,100,0
time
44.52
soc
68
f1,f2,first_soc,front
104.015,21.0483,100,0
time
44.52
soc
67
f1,f2,first_soc,front
104.015,21.0483,100,0
time
44.52
soc
67
f1,f2,first_soc,front
104.015,21.0483,100,0
time
44.52
soc
67
f1,f2,first_soc,front
104.52,20.4708,100,0
time
44.52
soc
68
f1,f2,first_soc,front
104.52,20.4708,100,0
time
44.52
soc
68
f1,f2,first_soc,front
104.697,20.2697,100,0
time
45.88
soc
66
f1,f2,first_soc,front
104.52,20.4708,100,0
time
44.52
soc
68
f1,f2,first_soc,front
104.697,20.2697,100,0
time
45.88
soc
66
f1,f2,first_soc,front
104.015,21.0483,100,0
time
44.52
soc
67
f1,f2,first_soc,front
104.015,21.0483,100,0
time
44.52
soc
67
f1,f2,first_soc,front
104.697,20.2697,100,0
time
45.88
soc
66
f1,f2,first_soc,front
104.697,20.2697,100,0
time
45.88
soc
66
f1,f2,first_soc,front
104.697,20.2697,100,0
time
45.88
soc
66
f1,f2,first_soc,front
104.697,20.2697,100,0
time
45.88
soc
66
f1,f2,first_soc,front
104.015,21.0483,100,0
time
44.52
soc
67
f1,f2,first_soc,front
112.896,11.563,100,0
time
45.88,95.8371
soc
70,39
f1,f2,first_soc,front
104.015,21.0483,100,0
time
44.52
soc
67
f1,f2,first_soc,front
104.697,20.2697,100,0
time
45.88
soc
66
第49世代
f1,f2,first_soc,front
113.735,11.5601,100,0
time
44.52,96.3205
soc
76,43
f1,f2,first_soc,front
104.015,21.0483,100,0
time
44.52
soc
67
f1,f2,first_soc,front
104.015,21.0483,100,0
time
44.52
soc
67
f1,f2,first_soc,front
111.768,12.1847,100,0
time
45.88
soc
80
f1,f2,first_soc,front
111.263,12.7622,100,0
time
45.88
soc
79
f1,f2,first_soc,front
112.391,11.9595,100,0
time
45.88,95.8371
soc
70,38
f1,f2,first_soc,front
113.735,11.5601,100,0
time
44.52,96.3205
soc
76,43
f1,f2,first_soc,front
112.896,11.563,100,0
time
45.88,95.8371
soc
70,39
f1,f2,first_soc,front
109.066,15.2734,100,0
time
44.52
soc
77
f1,f2,first_soc,front
105.202,19.6922,100,0
time
45.88
soc
67
f1,f2,first_soc,front
107.727,16.8047,100,0
time
45.88
soc
72
f1,f2,first_soc,front
106.864,17.793,100,0
time
43.16
soc
75
f1,f2,first_soc,front
110.581,13.5409,100,0
time
44.52
soc
80
f1,f2,first_soc,front
110.076,14.1184,100,0
time
44.52
soc
79
f1,f2,first_soc,front
109.389,14.9056,100,0
time
43.16
soc
80
f1,f2,first_soc,front
108.561,15.8509,100,0
time
44.52
soc
76
f1,f2,first_soc,front
107.222,17.3822,100,0
time
45.88
soc
71
f1,f2,first_soc,front
105.707,19.1147,100,0
time
45.88
soc
68
f1,f2,first_soc,front
106.035,18.7383,100,0
time
44.52
soc
71
f1,f2,first_soc,front
110.757,13.3397,100,0
time
45.88
soc
78
f1,f2,first_soc,front
104.52,20.4708,100,0
time
44.52
soc
68
f1,f2,first_soc,front
104.015,21.0483,100,0
time
44.52
soc
67
f1,f2,first_soc,front
111.755,12.6872,100,0
time
45.88,73.4565
soc
58,65
f1,f2,first_soc,front
111.25,13.2647,100,0
time
45.88,73.4565
soc
58,64
f1,f2,first_soc,front
105.53,19.3158,100,0
time
44.52
soc
70
f1,f2,first_soc,front
108.737,15.6497,100,0
time
45.88
soc
74
f1,f2,first_soc,front
108.055,16.4284,100,0
time
44.52
soc
75
f1,f2,first_soc,front
108.737,15.6497,100,0
time
45.88
soc
74
f1,f2,first_soc,front
110.252,13.9172,100,0
time
45.88
soc
77
f1,f2,first_soc,front
109.747,14.4947,100,0
time
45.88
soc
76
f1,f2,first_soc,front
111.25,13.2647,100,0
time
45.88,73.4565
soc
58,64
f1,f2,first_soc,front
111.755,12.6872,100,0
time
45.88,73.4565
soc
58,65
f1,f2,first_soc,front
104.52,20.4708,100,0
time
44.52
soc
68
f1,f2,first_soc,front
104.015,21.0483,100,0
time
44.52
soc
67
f1,f2,first_soc,front
112.896,11.563,100,0
time
45.88,95.8371
soc
70,39
f1,f2,first_soc,front
109.571,14.6959,100,0
time
44.52
soc
78
f1,f2,first_soc,front
106.54,18.1609,100,0
time
44.52
soc
72
f1,f2,first_soc,front
107.045,17.5834,100,0
time
44.52
soc
73
f1,f2,first_soc,front
105.025,19.8933,100,0
time
44.52
soc
69
f1,f2,first_soc,front
104.697,20.2697,100,0
time
45.88
soc
66
f1,f2,first_soc,front
109.747,14.4947,100,0
time
45.88
soc
76
f1,f2,first_soc,front
110.252,13.9172,100,0
time
45.88
soc
77
f1,f2,first_soc,front
108.232,16.2272,100,0
time
45.88
soc
73
f1,f2,first_soc,front
107.55,17.0059,100,0
time
44.52
soc
74
f1,f2,first_soc,front
106.212,18.5372,100,0
time
45.88
soc
69
f1,f2,first_soc,front
108.561,15.8509,100,0
time
44.52
soc
76
f1,f2,first_soc,front
110.076,14.1184,100,0
time
44.52
soc
79
f1,f2,first_soc,front
107.727,16.8047,100,0
time
45.88
soc
72
f1,f2,first_soc,front
109.066,15.2734,100,0
time
44.52
soc
77
f1,f2,first_soc,front
107.222,17.3822,100,0
time
45.88
soc
71
f1,f2,first_soc,front
105.707,19.1147,100,0
time
45.88
soc
68
f1,f2,first_soc,front
106.54,18.1609,100,0
time
44.52
soc
72
f1,f2,first_soc,front
109.571,14.6959,100,0
time
44.52
soc
78
f1,f2,first_soc,front
110.581,13.5409,100,0
time
44.52
soc
80
f1,f2,first_soc,front
106.358,18.3705,100,0
time
43.16
soc
74
f1,f2,first_soc,front
112.618,11.7025,100,0
time
37.72,77.626
soc
75,62
f1,f2,first_soc,front
105.025,19.8933,100,0
time
44.52
soc
69
f1,f2,first_soc,front
108.055,16.4284,100,0
time
44.52
soc
75
f1,f2,first_soc,front
107.55,17.0059,100,0
time
44.52
soc
74
f1,f2,first_soc,front
105.53,19.3158,100,0
time
44.52
soc
70
f1,f2,first_soc,front
104.697,20.2697,100,0
time
45.88
soc
66
f1,f2,first_soc,front
108.232,16.2272,100,0
time
45.88
soc
73
f1,f2,first_soc,front
112.391,11.9595,100,0
time
45.88,95.8371
soc
70,38
f1,f2,first_soc,front
106.212,18.5372,100,0
time
45.88
soc
69
f1,f2,first_soc,front
111.768,12.1847,100,0
time
45.88
soc
80
f1,f2,first_soc,front
106.358,18.3705,100,0
time
43.16
soc
74
f1,f2,first_soc,front
106.035,18.7383,100,0
time
44.52
soc
71
f1,f2,first_soc,front
106.717,17.9597,100,0
time
45.88
soc
70
f1,f2,first_soc,front
108.055,16.4284,100,0
time
44.52
soc
75
f1,f2,first_soc,front
104.52,20.4708,100,0
time
44.52
soc
68
f1,f2,first_soc,front
104.697,20.2697,100,0
time
45.88
soc
66
f1,f2,first_soc,front
107.55,17.0059,100,0
time
44.52
soc
74
f1,f2,first_soc,front
108.232,16.2272,100,0
time
45.88
soc
73
f1,f2,first_soc,front
107.045,17.5834,100,0
time
44.52
soc
73
f1,f2,first_soc,front
105.53,19.3158,100,0
time
44.52
soc
70
f1,f2,first_soc,front
109.242,15.0722,100,0
time
45.88
soc
75
f1,f2,first_soc,front
105.202,19.6922,100,0
time
45.88
soc
67
f1,f2,first_soc,front
105.025,19.8933,100,0
time
44.52
soc
69
f1,f2,first_soc,front
107.045,17.5834,100,0
time
44.52
soc
73
f1,f2,first_soc,front
108.232,16.2272,100,0
time
45.88
soc
73
f1,f2,first_soc,front
109.242,15.0722,100,0
time
45.88
soc
75
f1,f2,first_soc,front
104.52,20.4708,100,0
time
44.52
soc
68
f1,f2,first_soc,front
104.697,20.2697,100,0
time
45.88
soc
66
f1,f2,first_soc,front
107.55,17.0059,100,0
time
44.52
soc
74
f1,f2,first_soc,front
106.717,17.9597,100,0
time
45.88
soc
70
f1,f2,first_soc,front
106.035,18.7383,100,0
time
44.52
soc
71
f1,f2,first_soc,front
105.202,19.6922,100,0
time
45.88
soc
67
f1,f2,first_soc,front
105.025,19.8933,100,0
time
44.52
soc
69
f1,f2,first_soc,front
110.757,13.3397,100,0
time
45.88
soc
78
f1,f2,first_soc,front
109.747,14.4947,100,0
time
45.88
soc
76
f1,f2,first_soc,front
110.252,13.9172,100,0
time
45.88
soc
77
f1,f2,first_soc,front
112.538,11.7921,100,0
time
45.88,96.1474
soc
76,43
f1,f2,first_soc,front
106.717,17.9597,100,0
time
45.88
soc
70
f1,f2,first_soc,front
109.242,15.0722,100,0
time
45.88
soc
75
f1,f2,first_soc,front
112.538,11.7921,100,0
time
45.88,96.1474
soc
76,43
f1,f2,first_soc,front
106.358,18.3705,100,0
time
43.16
soc
74
f1,f2,first_soc,front
109.242,15.0722,100,0
time
45.88
soc
75
f1,f2,first_soc,front
106.717,17.9597,100,0
time
45.88
soc
70
f1,f2,first_soc,front
112.618,11.7025,100,0
time
37.72,77.626
soc
75,62
f1,f2,first_soc,front
112.553,11.7747,100,0
time
45.88,73.067
soc
68,76
f1,f2,first_soc,front
111.263,12.7622,100,0
time
45.88
soc
79
f1,f2,first_soc,front
110.757,13.3397,100,0
time
45.88
soc
78
f1,f2,first_soc,front
112.618,11.7025,100,0
time
37.72,77.626
soc
75,62
f1,f2,first_soc,front
112.553,11.7747,100,0
time
45.88,73.067
soc
68,76
f1,f2,first_soc,front
112.538,11.7921,100,0
time
45.88,96.1474
soc
76,43
f1,f2,first_soc,front
111.263,12.7622,100,0
time
45.88
soc
79
f1,f2,first_soc,front
111.768,12.1847,100,0
time
45.88
soc
80
f1,f2,first_soc,front
104.697,20.2697,100,0
time
45.88
soc
66
f1,f2,first_soc,front
104.697,20.2697,100,0
time
45.88
soc
66
f1,f2,first_soc,front
104.015,21.0483,100,0
time
44.52
soc
67
f1,f2,first_soc,front
104.015,21.0483,100,0
time
44.52
soc
67
f1,f2,first_soc,front
104.697,20.2697,100,0
time
45.88
soc
66
f1,f2,first_soc,front
104.015,21.0483,100,0
time
44.52
soc
67
f1,f2,first_soc,front
104.697,20.2697,100,0
time
45.88
soc
66
f1,f2,first_soc,front
104.697,20.2697,100,0
time
45.88
soc
66
f1,f2,first_soc,front
104.697,20.2697,100,0
time
45.88
soc
66
f1,f2,first_soc,front
104.015,21.0483,100,0
time
44.52
soc
67
f1,f2,first_soc,front
104.015,21.0483,100,0
time
44.52
soc
67
f1,f2,first_soc,front
104.015,21.0483,100,0
time
44.52
soc
67
f1,f2,first_soc,front
104.697,20.2697,100,0
time
45.88
soc
66
f1,f2,first_soc,front
104.697,20.2697,100,0
time
45.88
soc
66
f1,f2,first_soc,front
104.697,20.2697,100,0
time
45.88
soc
66
f1,f2,first_soc,front
104.015,21.0483,100,0
time
44.52
soc
67
f1,f2,first_soc,front
104.015,21.0483,100,0
time
44.52
soc
67
f1,f2,first_soc,front
104.697,20.2697,100,0
time
45.88
soc
66
f1,f2,first_soc,front
104.015,21.0483,100,0
time
44.52
soc
67
f1,f2,first_soc,front
104.697,20.2697,100,0
time
45.88
soc
66
f1,f2,first_soc,front
104.697,20.2697,100,0
time
45.88
soc
66
f1,f2,first_soc,front
104.015,21.0483,100,0
time
44.52
soc
67
f1,f2,first_soc,front
104.697,20.2697,100,0
time
45.88
soc
66
f1,f2,first_soc,front
104.015,21.0483,100,0
time
44.52
soc
67
f1,f2,first_soc,front
104.015,21.0483,100,0
time
44.52
soc
67
f1,f2,first_soc,front
104.697,20.2697,100,0
time
45.88
soc
66
f1,f2,first_soc,front
104.697,20.2697,100,0
time
45.88
soc
66
f1,f2,first_soc,front
104.697,20.2697,100,0
time
45.88
soc
66
f1,f2,first_soc,front
104.697,20.2697,100,0
time
45.88
soc
66
f1,f2,first_soc,front
104.697,20.2697,100,0
time
45.88
soc
66
f1,f2,first_soc,front
104.697,20.2697,100,0
time
45.88
soc
66
f1,f2,first_soc,front
104.697,20.2697,100,0
time
45.88
soc
66
f1,f2,first_soc,front
104.697,20.2697,100,0
time
45.88
soc
66
f1,f2,first_soc,front
104.697,20.2697,100,0
time
45.88
soc
66
f1,f2,first_soc,front
104.697,20.2697,100,0
time
45.88
soc
66
f1,f2,first_soc,front
104.697,20.2697,100,0
time
45.88
soc
66
f1,f2,first_soc,front
104.697,20.2697,100,0
time
45.88
soc
66
f1,f2,first_soc,front
104.697,20.2697,100,0
time
45.88
soc
66
f1,f2,first_soc,front
104.697,20.2697,100,0
time
45.88
soc
66
f1,f2,first_soc,front
104.697,20.2697,100,0
time
45.88
soc
66
f1,f2,first_soc,front
104.697,20.2697,100,0
time
45.88
soc
66
f1,f2,first_soc,front
104.015,21.0483,100,0
time
44.52
soc
67
f1,f2,first_soc,front
104.015,21.0483,100,0
time
44.52
soc
67
f1,f2,first_soc,front
104.015,21.0483,100,0
time
44.52
soc
67
f1,f2,first_soc,front
104.697,20.2697,100,0
time
45.88
soc
66
f1,f2,first_soc,front
104.015,21.0483,100,0
time
44.52
soc
67
f1,f2,first_soc,front
104.697,20.2697,100,0
time
45.88
soc
66
f1,f2,first_soc,front
104.697,20.2697,100,0
time
45.88
soc
66
f1,f2,first_soc,front
104.697,20.2697,100,0
time
45.88
soc
66
f1,f2,first_soc,front
104.697,20.2697,100,0
time
45.88
soc
66
f1,f2,first_soc,front
104.697,20.2697,100,0
time
45.88
soc
66
f1,f2,first_soc,front
104.697,20.2697,100,0
time
45.88
soc
66
f1,f2,first_soc,front
104.697,20.2697,100,0
time
45.88
soc
66
f1,f2,first_soc,front
104.697,20.2697,100,0
time
45.88
soc
66
f1,f2,first_soc,front
104.697,20.2697,100,0
time
45.88
soc
66
f1,f2,first_soc,front
104.015,21.0483,100,0
time
44.52
soc
67
f1,f2,first_soc,front
104.52,20.4708,100,0
time
44.52
soc
68
f1,f2,first_soc,front
104.015,21.0483,100,0
time
44.52
soc
67
f1,f2,first_soc,front
104.015,21.0483,100,0
time
44.52
soc
67
f1,f2,first_soc,front
104.52,20.4708,100,0
time
44.52
soc
68
f1,f2,first_soc,front
104.015,21.0483,100,0
time
44.52
soc
67
f1,f2,first_soc,front
104.015,21.0483,100,0
time
44.52
soc
67
f1,f2,first_soc,front
104.015,21.0483,100,0
time
44.52
soc
67
f1,f2,first_soc,front
105.707,19.1147,100,0
time
45.88
soc
68
f1,f2,first_soc,front
104.52,20.4708,100,0
time
44.52
soc
68
f1,f2,first_soc,front
104.52,20.4708,100,0
time
44.52
soc
68
f1,f2,first_soc,front
104.52,20.4708,100,0
time
44.52
soc
68
f1,f2,first_soc,front
104.52,20.4708,100,0
time
44.52
soc
68
f1,f2,first_soc,front
104.52,20.4708,100,0
time
44.52
soc
68
f1,f2,first_soc,front
104.015,21.0483,100,0
time
44.52
soc
67
f1,f2,first_soc,front
104.015,21.0483,100,0
time
44.52
soc
67
f1,f2,first_soc,front
104.015,21.0483,100,0
time
44.52
soc
67
f1,f2,first_soc,front
104.015,21.0483,100,0
time
44.52
soc
67
f1,f2,first_soc,front
104.52,20.4708,100,0
time
44.52
soc
68
f1,f2,first_soc,front
104.52,20.4708,100,0
time
44.52
soc
68
f1,f2,first_soc,front
104.52,20.4708,100,0
time
44.52
soc
68
f1,f2,first_soc,front
104.015,21.0483,100,0
time
44.52
soc
67
f1,f2,first_soc,front
104.015,21.0483,100,0
time
44.52
soc
67
f1,f2,first_soc,front
104.015,21.0483,100,0
time
44.52
soc
67
f1,f2,first_soc,front
104.52,20.4708,100,0
time
44.52
soc
68
f1,f2,first_soc,front
104.52,20.4708,100,0
time
44.52
soc
68
f1,f2,first_soc,front
104.52,20.4708,100,0
time
44.52
soc
68
f1,f2,first_soc,front
104.52,20.4708,100,0
time
44.52
soc
68
f1,f2,first_soc,front
112.896,11.563,100,0
time
45.88,95.8371
soc
70,39
f1,f2,first_soc,front
104.015,21.0483,100,0
time
44.52
soc
67
f1,f2,first_soc,front
104.52,20.4708,100,0
time
44.52
soc
68
f1,f2,first_soc,front
104.52,20.4708,100,0
time
44.52
soc
68
f1,f2,first_soc,front
104.697,20.2697,100,0
time
45.88
soc
66
f1,f2,first_soc,front
104.697,20.2697,100,0
time
45.88
soc
66
f1,f2,first_soc,front
104.015,21.0483,100,0
time
44.52
soc
67
f1,f2,first_soc,front
104.015,21.0483,100,0
time
44.52
soc
67
f1,f2,first_soc,front
104.697,20.2697,100,0
time
45.88
soc
66
f1,f2,first_soc,front
104.697,20.2697,100,0
time
45.88
soc
66
第50世代
f1,f2,first_soc,front
113.735,11.5601,100,0
time
44.52,96.3205
soc
76,43
f1,f2,first_soc,front
104.015,21.0483,100,0
time
44.52
soc
67
f1,f2,first_soc,front
104.015,21.0483,100,0
time
44.52
soc
67
f1,f2,first_soc,front
111.768,12.1847,100,0
time
45.88
soc
80
f1,f2,first_soc,front
113.735,11.5601,100,0
time
44.52,96.3205
soc
76,43
f1,f2,first_soc,front
112.896,11.563,100,0
time
45.88,95.8371
soc
70,39
f1,f2,first_soc,front
112.391,11.9595,100,0
time
45.88,95.8371
soc
70,38
f1,f2,first_soc,front
105.202,19.6922,100,0
time
45.88
soc
67
f1,f2,first_soc,front
107.727,16.8047,100,0
time
45.88
soc
72
f1,f2,first_soc,front
108.884,15.4831,100,0
time
43.16
soc
79
f1,f2,first_soc,front
110.076,14.1184,100,0
time
44.52
soc
79
f1,f2,first_soc,front
110.581,13.5409,100,0
time
44.52
soc
80
f1,f2,first_soc,front
106.035,18.7383,100,0
time
44.52
soc
71
f1,f2,first_soc,front
105.707,19.1147,100,0
time
45.88
soc
68
f1,f2,first_soc,front
107.222,17.3822,100,0
time
45.88
soc
71
f1,f2,first_soc,front
108.561,15.8509,100,0
time
44.52
soc
76
f1,f2,first_soc,front
110.757,13.3397,100,0
time
45.88
soc
78
f1,f2,first_soc,front
104.015,21.0483,100,0
time
44.52
soc
67
f1,f2,first_soc,front
104.52,20.4708,100,0
time
44.52
soc
68
f1,f2,first_soc,front
111.755,12.6872,100,0
time
45.88,73.4565
soc
58,65
f1,f2,first_soc,front
111.25,13.2647,100,0
time
45.88,73.4565
soc
58,64
f1,f2,first_soc,front
108.055,16.4284,100,0
time
44.52
soc
75
f1,f2,first_soc,front
105.53,19.3158,100,0
time
44.52
soc
70
f1,f2,first_soc,front
110.252,13.9172,100,0
time
45.88
soc
77
f1,f2,first_soc,front
107.55,17.0059,100,0
time
44.52
soc
74
f1,f2,first_soc,front
109.747,14.4947,100,0
time
45.88
soc
76
f1,f2,first_soc,front
108.232,16.2272,100,0
time
45.88
soc
73
f1,f2,first_soc,front
105.53,19.3158,100,0
time
44.52
soc
70
f1,f2,first_soc,front
111.25,13.2647,100,0
time
45.88,73.4565
soc
58,64
f1,f2,first_soc,front
111.755,12.6872,100,0
time
45.88,73.4565
soc
58,65
f1,f2,first_soc,front
111.768,12.1847,100,0
time
45.88
soc
80
f1,f2,first_soc,front
111.263,12.7622,100,0
time
45.88
soc
79
f1,f2,first_soc,front
104.015,21.0483,100,0
time
44.52
soc
67
f1,f2,first_soc,front
104.52,20.4708,100,0
time
44.52
soc
68
f1,f2,first_soc,front
111.263,12.7622,100,0
time
45.88
soc
79
f1,f2,first_soc,front
112.896,11.563,100,0
time
45.88,95.8371
soc
70,39
f1,f2,first_soc,front
109.389,14.9056,100,0
time
43.16
soc
80
f1,f2,first_soc,front
109.571,14.6959,100,0
time
44.52
soc
78
f1,f2,first_soc,front
109.066,15.2734,100,0
time
44.52
soc
77
f1,f2,first_soc,front
106.864,17.793,100,0
time
43.16
soc
75
f1,f2,first_soc,front
106.54,18.1609,100,0
time
44.52
soc
72
f1,f2,first_soc,front
107.045,17.5834,100,0
time
44.52
soc
73
f1,f2,first_soc,front
104.697,20.2697,100,0
time
45.88
soc
66
f1,f2,first_soc,front
105.025,19.8933,100,0
time
44.52
soc
69
f1,f2,first_soc,front
109.747,14.4947,100,0
time
45.88
soc
76
f1,f2,first_soc,front
108.232,16.2272,100,0
time
45.88
soc
73
f1,f2,first_soc,front
106.212,18.5372,100,0
time
45.88
soc
69
f1,f2,first_soc,front
106.54,18.1609,100,0
time
44.52
soc
72
f1,f2,first_soc,front
107.727,16.8047,100,0
time
45.88
soc
72
f1,f2,first_soc,front
105.707,19.1147,100,0
time
45.88
soc
68
f1,f2,first_soc,front
107.222,17.3822,100,0
time
45.88
soc
71
f1,f2,first_soc,front
108.561,15.8509,100,0
time
44.52
soc
76
f1,f2,first_soc,front
110.581,13.5409,100,0
time
44.52
soc
80
f1,f2,first_soc,front
109.066,15.2734,100,0
time
44.52
soc
77
f1,f2,first_soc,front
110.076,14.1184,100,0
time
44.52
soc
79
f1,f2,first_soc,front
109.571,14.6959,100,0
time
44.52
soc
78
f1,f2,first_soc,front
105.172,19.7265,100,0
time
41.8
soc
74
f1,f2,first_soc,front
112.391,11.9595,100,0
time
45.88,96.3421
soc
71,38
f1,f2,first_soc,front
106.358,18.3705,100,0
time
43.16
soc
74
f1,f2,first_soc,front
108.737,15.6497,100,0
time
45.88
soc
74
f1,f2,first_soc,front
109.242,15.0722,100,0
time
45.88
soc
75
f1,f2,first_soc,front
112.618,11.7025,100,0
time
37.72,77.626
soc
75,62
f1,f2,first_soc,front
108.737,15.6497,100,0
time
45.88
soc
74
f1,f2,first_soc,front
108.055,16.4284,100,0
time
44.52
soc
75
f1,f2,first_soc,front
104.697,20.2697,100,0
time
45.88
soc
66
f1,f2,first_soc,front
105.025,19.8933,100,0
time
44.52
soc
69
f1,f2,first_soc,front
107.55,17.0059,100,0
time
44.52
soc
74
f1,f2,first_soc,front
110.252,13.9172,100,0
time
45.88
soc
77
f1,f2,first_soc,front
105.025,19.8933,100,0
time
44.52
soc
69
f1,f2,first_soc,front
106.212,18.5372,100,0
time
45.88
soc
69
f1,f2,first_soc,front
106.864,17.793,100,0
time
43.16
soc
75
f1,f2,first_soc,front
109.389,14.9056,100,0
time
43.16
soc
80
f1,f2,first_soc,front
106.358,18.3705,100,0
time
43.16
soc
74
f1,f2,first_soc,front
112.618,11.7025,100,0
time
37.72,77.626
soc
75,62
f1,f2,first_soc,front
106.035,18.7383,100,0
time
44.52
soc
71
f1,f2,first_soc,front
104.697,20.2697,100,0
time
45.88
soc
66
f1,f2,first_soc,front
110.252,13.9172,100,0
time
45.88
soc
77
f1,f2,first_soc,front
104.52,20.4708,100,0
time
44.52
soc
68
f1,f2,first_soc,front
106.717,17.9597,100,0
time
45.88
soc
70
f1,f2,first_soc,front
107.045,17.5834,100,0
time
44.52
soc
73
f1,f2,first_soc,front
107.55,17.0059,100,0
time
44.52
soc
74
f1,f2,first_soc,front
108.055,16.4284,100,0
time
44.52
soc
75
f1,f2,first_soc,front
112.538,11.7921,100,0
time
45.88,96.1474
soc
76,43
f1,f2,first_soc,front
107.045,17.5834,100,0
time
44.52
soc
73
f1,f2,first_soc,front
104.52,20.4708,100,0
time
44.52
soc
68
f1,f2,first_soc,front
104.697,20.2697,100,0
time
45.88
soc
66
f1,f2,first_soc,front
106.035,18.7383,100,0
time
44.52
soc
71
f1,f2,first_soc,front
106.717,17.9597,100,0
time
45.88
soc
70
f1,f2,first_soc,front
108.232,16.2272,100,0
time
45.88
soc
73
f1,f2,first_soc,front
110.757,13.3397,100,0
time
45.88
soc
78
f1,f2,first_soc,front
109.242,15.0722,100,0
time
45.88
soc
75
f1,f2,first_soc,front
109.747,14.4947,100,0
time
45.88
soc
76
f1,f2,first_soc,front
106.717,17.9597,100,0
time
45.88
soc
70
f1,f2,first_soc,front
109.242,15.0722,100,0
time
45.88
soc
75
f1,f2,first_soc,front
112.538,11.7921,100,0
time
45.88,96.1474
soc
76,43
f1,f2,first_soc,front
106.358,18.3705,100,0
time
43.16
soc
74
f1,f2,first_soc,front
106.717,17.9597,100,0
time
45.88
soc
70
f1,f2,first_soc,front
112.553,11.7747,100,0
time
45.88,73.067
soc
68,76
f1,f2,first_soc,front
111.263,12.7622,100,0
time
45.88
soc
79
f1,f2,first_soc,front
110.757,13.3397,100,0
time
45.88
soc
78
f1,f2,first_soc,front
105.202,19.6922,100,0
time
45.88
soc
67
f1,f2,first_soc,front
112.553,11.7747,100,0
time
45.88,73.067
soc
68,76
f1,f2,first_soc,front
112.538,11.7921,100,0
time
45.88,96.1474
soc
76,43
f1,f2,first_soc,front
111.263,12.7622,100,0
time
45.88
soc
79
f1,f2,first_soc,front
104.697,20.2697,100,0
time
45.88
soc
66
f1,f2,first_soc,front
104.697,20.2697,100,0
time
45.88
soc
66
f1,f2,first_soc,front
104.697,20.2697,100,0
time
45.88
soc
66
f1,f2,first_soc,front
104.697,20.2697,100,0
time
45.88
soc
66
f1,f2,first_soc,front
104.697,20.2697,100,0
time
45.88
soc
66
f1,f2,first_soc,front
104.697,20.2697,100,0
time
45.88
soc
66
f1,f2,first_soc,front
104.697,20.2697,100,0
time
45.88
soc
66
f1,f2,first_soc,front
104.697,20.2697,100,0
time
45.88
soc
66
f1,f2,first_soc,front
104.697,20.2697,100,0
time
45.88
soc
66
f1,f2,first_soc,front
112.538,11.7921,100,0
time
45.88,96.1474
soc
76,43
f1,f2,first_soc,front
104.52,20.4708,100,0
time
44.52
soc
68
f1,f2,first_soc,front
104.697,20.2697,100,0
time
45.88
soc
66
f1,f2,first_soc,front
104.697,20.2697,100,0
time
45.88
soc
66
f1,f2,first_soc,front
104.697,20.2697,100,0
time
45.88
soc
66
f1,f2,first_soc,front
104.697,20.2697,100,0
time
45.88
soc
66
f1,f2,first_soc,front
104.697,20.2697,100,0
time
45.88
soc
66
f1,f2,first_soc,front
104.015,21.0483,100,0
time
44.52
soc
67
f1,f2,first_soc,front
104.697,20.2697,100,0
time
45.88
soc
66
f1,f2,first_soc,front
104.697,20.2697,100,0
time
45.88
soc
66
f1,f2,first_soc,front
104.015,21.0483,100,0
time
44.52
soc
67
f1,f2,first_soc,front
104.697,20.2697,100,0
time
45.88
soc
66
f1,f2,first_soc,front
104.697,20.2697,100,0
time
45.88
soc
66
f1,f2,first_soc,front
104.015,21.0483,100,0
time
44.52
soc
67
f1,f2,first_soc,front
104.015,21.0483,100,0
time
44.52
soc
67
f1,f2,first_soc,front
104.52,20.4708,100,0
time
44.52
soc
68
f1,f2,first_soc,front
104.52,20.4708,100,0
time
44.52
soc
68
f1,f2,first_soc,front
104.52,20.4708,100,0
time
44.52
soc
68
f1,f2,first_soc,front
104.697,20.2697,100,0
time
45.88
soc
66
f1,f2,first_soc,front
104.697,20.2697,100,0
time
45.88
soc
66
f1,f2,first_soc,front
104.697,20.2697,100,0
time
45.88
soc
66
f1,f2,first_soc,front
104.697,20.2697,100,0
time
45.88
soc
66
f1,f2,first_soc,front
104.697,20.2697,100,0
time
45.88
soc
66
f1,f2,first_soc,front
104.697,20.2697,100,0
time
45.88
soc
66
f1,f2,first_soc,front
104.697,20.2697,100,0
time
45.88
soc
66
f1,f2,first_soc,front
104.697,20.2697,100,0
time
45.88
soc
66
f1,f2,first_soc,front
104.697,20.2697,100,0
time
45.88
soc
66
f1,f2,first_soc,front
104.697,20.2697,100,0
time
45.88
soc
66
f1,f2,first_soc,front
104.697,20.2697,100,0
time
45.88
soc
66
f1,f2,first_soc,front
104.697,20.2697,100,0
time
45.88
soc
66
f1,f2,first_soc,front
104.697,20.2697,100,0
time
45.88
soc
66
f1,f2,first_soc,front
104.697,20.2697,100,0
time
45.88
soc
66
f1,f2,first_soc,front
104.697,20.2697,100,0
time
45.88
soc
66
f1,f2,first_soc,front
104.697,20.2697,100,0
time
45.88
soc
66
f1,f2,first_soc,front
104.697,20.2697,100,0
time
45.88
soc
66
f1,f2,first_soc,front
104.697,20.2697,100,0
time
45.88
soc
66
f1,f2,first_soc,front
104.697,20.2697,100,0
time
45.88
soc
66
f1,f2,first_soc,front
104.697,20.2697,100,0
time
45.88
soc
66
f1,f2,first_soc,front
104.697,20.2697,100,0
time
45.88
soc
66
f1,f2,first_soc,front
104.697,20.2697,100,0
time
45.88
soc
66
f1,f2,first_soc,front
104.697,20.2697,100,0
time
45.88
soc
66
f1,f2,first_soc,front
104.697,20.2697,100,0
time
45.88
soc
66
f1,f2,first_soc,front
104.697,20.2697,100,0
time
45.88
soc
66
f1,f2,first_soc,front
104.697,20.2697,100,0
time
45.88
soc
66
f1,f2,first_soc,front
104.697,20.2697,100,0
time
45.88
soc
66
f1,f2,first_soc,front
104.697,20.2697,100,0
time
45.88
soc
66
f1,f2,first_soc,front
104.697,20.2697,100,0
time
45.88
soc
66
f1,f2,first_soc,front
104.697,20.2697,100,0
time
45.88
soc
66
f1,f2,first_soc,front
104.697,20.2697,100,0
time
45.88
soc
66
f1,f2,first_soc,front
104.697,20.2697,100,0
time
45.88
soc
66
f1,f2,first_soc,front
104.015,21.0483,100,0
time
44.52
soc
67
f1,f2,first_soc,front
104.015,21.0483,100,0
time
44.52
soc
67
f1,f2,first_soc,front
104.015,21.0483,100,0
time
44.52
soc
67
f1,f2,first_soc,front
104.015,21.0483,100,0
time
44.52
soc
67
f1,f2,first_soc,front
104.015,21.0483,100,0
time
44.52
soc
67
f1,f2,first_soc,front
104.015,21.0483,100,0
time
44.52
soc
67
f1,f2,first_soc,front
104.015,21.0483,100,0
time
44.52
soc
67
f1,f2,first_soc,front
104.015,21.0483,100,0
time
44.52
soc
67
f1,f2,first_soc,front
104.015,21.0483,100,0
time
44.52
soc
67
f1,f2,first_soc,front
104.015,21.0483,100,0
time
44.52
soc
67
f1,f2,first_soc,front
104.015,21.0483,100,0
time
44.52
soc
67
f1,f2,first_soc,front
104.015,21.0483,100,0
time
44.52
soc
67
f1,f2,first_soc,front
104.015,21.0483,100,0
time
44.52
soc
67
f1,f2,first_soc,front
104.015,21.0483,100,0
time
44.52
soc
67
f1,f2,first_soc,front
104.015,21.0483,100,0
time
44.52
soc
67
f1,f2,first_soc,front
104.015,21.0483,100,0
time
44.52
soc
67
f1,f2,first_soc,front
104.015,21.0483,100,0
time
44.52
soc
67
f1,f2,first_soc,front
104.015,21.0483,100,0
time
44.52
soc
67
f1,f2,first_soc,front
104.015,21.0483,100,0
time
44.52
soc
67
f1,f2,first_soc,front
104.015,21.0483,100,0
time
44.52
soc
67
f1,f2,first_soc,front
112.896,11.563,100,0
time
45.88,95.8371
soc
70,39
f1,f2,first_soc,front
104.015,21.0483,100,0
time
44.52
soc
67
f1,f2,first_soc,front
104.015,21.0483,100,0
time
44.52
soc
67
f1,f2,first_soc,front
104.015,21.0483,100,0
time
44.52
soc
67
f1,f2,first_soc,front
104.015,21.0483,100,0
time
44.52
soc
67
f1,f2,first_soc,front
104.015,21.0483,100,0
time
44.52
soc
67
f1,f2,first_soc,front
104.015,21.0483,100,0
time
44.52
soc
67
f1,f2,first_soc,front
104.015,21.0483,100,0
time
44.52
soc
67
f1,f2,first_soc,front
104.015,21.0483,100,0
time
44.52
soc
67
f1,f2,first_soc,front
104.015,21.0483,100,0
time
44.52
soc
67
f1,f2,first_soc,front
104.015,21.0483,100,0
time
44.52
soc
67
f1,f2,first_soc,front
104.52,20.4708,100,0
time
44.52
soc
68
f1,f2,first_soc,front
104.52,20.4708,100,0
time
44.52
soc
68
f1,f2,first_soc,front
104.52,20.4708,100,0
time
44.52
soc
68
f1,f2,first_soc,front
104.52,20.4708,100,0
time
44.52
soc
68
f1,f2,first_soc,front
104.52,20.4708,100,0
time
44.52
soc
68
f1,f2,first_soc,front
104.015,21.0483,100,0
time
44.52
soc
67
第51世代
f1,f2,first_soc,front
104.015,21.0483,100,0
time
44.52
soc
67
f1,f2,first_soc,front
104.015,21.0483,100,0
time
44.52
soc
67
f1,f2,first_soc,front
113.735,11.5601,100,0
time
44.52,96.3205
soc
76,43
f1,f2,first_soc,front
111.768,12.1847,100,0
time
45.88
soc
80
f1,f2,first_soc,front
111.263,12.7622,100,0
time
45.88
soc
79
f1,f2,first_soc,front
112.391,11.9595,100,0
time
45.88,95.8371
soc
70,38
f1,f2,first_soc,front
113.735,11.5601,100,0
time
44.52,96.3205
soc
76,43
f1,f2,first_soc,front
112.896,11.563,100,0
time
45.88,95.8371
soc
70,39
f1,f2,first_soc,front
108.055,16.4284,100,0
time
44.52
soc
75
f1,f2,first_soc,front
105.202,19.6922,100,0
time
45.88
soc
67
f1,f2,first_soc,front
109.747,14.4947,100,0
time
45.88
soc
76
f1,f2,first_soc,front
110.252,13.9172,100,0
time
45.88
soc
77
f1,f2,first_soc,front
110.581,13.5409,100,0
time
44.52
soc
80
f1,f2,first_soc,front
106.035,18.7383,100,0
time
44.52
soc
71
f1,f2,first_soc,front
107.55,17.0059,100,0
time
44.52
soc
74
f1,f2,first_soc,front
107.222,17.3822,100,0
time
45.88
soc
71
f1,f2,first_soc,front
105.707,19.1147,100,0
time
45.88
soc
68
f1,f2,first_soc,front
104.52,20.4708,100,0
time
44.52
soc
68
f1,f2,first_soc,front
104.015,21.0483,100,0
time
44.52
soc
67
f1,f2,first_soc,front
104.52,20.4708,100,0
time
44.52
soc
68
f1,f2,first_soc,front
111.25,13.2647,100,0
time
45.88,73.4565
soc
58,64
f1,f2,first_soc,front
107.727,16.8047,100,0
time
45.88
soc
72
f1,f2,first_soc,front
105.53,19.3158,100,0
time
44.52
soc
70
f1,f2,first_soc,front
108.232,16.2272,100,0
time
45.88
soc
73
f1,f2,first_soc,front
107.727,16.8047,100,0
time
45.88
soc
72
f1,f2,first_soc,front
105.53,19.3158,100,0
time
44.52
soc
70
f1,f2,first_soc,front
111.25,13.2647,100,0
time
45.88,73.4565
soc
58,64
f1,f2,first_soc,front
111.755,12.6872,100,0
time
45.88,73.9615
soc
59,65
f1,f2,first_soc,front
104.015,21.0483,100,0
time
44.52
soc
67
f1,f2,first_soc,front
110.757,13.3397,100,0
time
45.88
soc
78
f1,f2,first_soc,front
111.755,12.6872,100,0
time
45.88,73.4565
soc
58,65
f1,f2,first_soc,front
112.896,11.563,100,0
time
45.88,95.8371
soc
70,39
f1,f2,first_soc,front
109.571,14.6959,100,0
time
44.52
soc
78
f1,f2,first_soc,front
108.884,15.4831,100,0
time
43.16
soc
79
f1,f2,first_soc,front
107.045,17.5834,100,0
time
44.52
soc
73
f1,f2,first_soc,front
106.54,18.1609,100,0
time
44.52
soc
72
f1,f2,first_soc,front
106.358,18.3705,100,0
time
43.16
soc
74
f1,f2,first_soc,front
109.066,15.2734,100,0
time
44.52
soc
77
f1,f2,first_soc,front
109.066,15.2734,100,0
time
44.52
soc
77
f1,f2,first_soc,front
105.025,19.8933,100,0
time
44.52
soc
69
f1,f2,first_soc,front
104.697,20.2697,100,0
time
45.88
soc
66
f1,f2,first_soc,front
110.076,14.1184,100,0
time
44.52
soc
79
f1,f2,first_soc,front
108.232,16.2272,100,0
time
45.88
soc
73
f1,f2,first_soc,front
108.561,15.8509,100,0
time
44.52
soc
76
f1,f2,first_soc,front
106.212,18.5372,100,0
time
45.88
soc
69
f1,f2,first_soc,front
107.55,17.0059,100,0
time
44.52
soc
74
f1,f2,first_soc,front
110.252,13.9172,100,0
time
45.88
soc
77
f1,f2,first_soc,front
105.707,19.1147,100,0
time
45.88
soc
68
f1,f2,first_soc,front
110.076,14.1184,100,0
time
44.52
soc
79
f1,f2,first_soc,front
110.581,13.5409,100,0
time
44.52
soc
80
f1,f2,first_soc,front
108.561,15.8509,100,0
time
44.52
soc
76
f1,f2,first_soc,front
108.055,16.4284,100,0
time
44.52
soc
75
f1,f2,first_soc,front
109.242,15.0722,100,0
time
45.88
soc
75
f1,f2,first_soc,front
108.737,15.6497,100,0
time
45.88
soc
74
f1,f2,first_soc,front
109.747,14.4947,100,0
time
45.88
soc
76
f1,f2,first_soc,front
107.045,17.5834,100,0
time
44.52
soc
73
f1,f2,first_soc,front
106.54,18.1609,100,0
time
44.52
soc
72
f1,f2,first_soc,front
106.717,17.9597,100,0
time
45.88
soc
70
f1,f2,first_soc,front
109.571,14.6959,100,0
time
44.52
soc
78
f1,f2,first_soc,front
106.864,17.793,100,0
time
43.16
soc
75
f1,f2,first_soc,front
109.389,14.9056,100,0
time
43.16
soc
80
f1,f2,first_soc,front
112.618,11.7025,100,0
time
37.72,77.626
soc
75,62
f1,f2,first_soc,front
104.697,20.2697,100,0
time
45.88
soc
66
f1,f2,first_soc,front
105.025,19.8933,100,0
time
44.52
soc
69
f1,f2,first_soc,front
110.076,14.1184,100,0
time
44.52
soc
79
f1,f2,first_soc,front
108.561,15.8509,100,0
time
44.52
soc
76
f1,f2,first_soc,front
112.391,11.9595,100,0
time
45.88,96.3421
soc
71,38
f1,f2,first_soc,front
105.172,19.7265,100,0
time
41.8
soc
74
f1,f2,first_soc,front
106.212,18.5372,100,0
time
45.88
soc
69
f1,f2,first_soc,front
106.358,18.3705,100,0
time
43.16
soc
74
f1,f2,first_soc,front
108.884,15.4831,100,0
time
43.16
soc
79
f1,f2,first_soc,front
106.717,17.9597,100,0
time
45.88
soc
70
f1,f2,first_soc,front
108.737,15.6497,100,0
time
45.88
soc
74
f1,f2,first_soc,front
109.242,15.0722,100,0
time
45.88
soc
75
f1,f2,first_soc,front
111.768,12.1847,100,0
time
45.88
soc
80
f1,f2,first_soc,front
109.389,14.9056,100,0
time
43.16
soc
80
f1,f2,first_soc,front
106.035,18.7383,100,0
time
44.52
soc
71
f1,f2,first_soc,front
104.697,20.2697,100,0
time
45.88
soc
66
f1,f2,first_soc,front
110.757,13.3397,100,0
time
45.88
soc
78
f1,f2,first_soc,front
107.222,17.3822,100,0
time
45.88
soc
71
f1,f2,first_soc,front
106.864,17.793,100,0
time
43.16
soc
75
f1,f2,first_soc,front
106.035,18.7383,100,0
time
44.52
soc
71
f1,f2,first_soc,front
108.232,16.2272,100,0
time
45.88
soc
73
f1,f2,first_soc,front
110.757,13.3397,100,0
time
45.88
soc
78
f1,f2,first_soc,front
104.52,20.4708,100,0
time
44.52
soc
68
f1,f2,first_soc,front
107.222,17.3822,100,0
time
45.88
soc
71
f1,f2,first_soc,front
104.697,20.2697,100,0
time
45.88
soc
66
f1,f2,first_soc,front
112.538,11.7921,100,0
time
45.88,96.1474
soc
76,43
f1,f2,first_soc,front
105.025,19.8933,100,0
time
44.52
soc
69
f1,f2,first_soc,front
106.864,17.793,100,0
time
43.16
soc
75
f1,f2,first_soc,front
112.538,11.7921,100,0
time
45.88,96.1474
soc
76,43
f1,f2,first_soc,front
109.389,14.9056,100,0
time
43.16
soc
80
f1,f2,first_soc,front
105.025,19.8933,100,0
time
44.52
soc
69
f1,f2,first_soc,front
112.618,11.7025,100,0
time
37.72,77.626
soc
75,62
f1,f2,first_soc,front
112.553,11.7747,100,0
time
45.88,73.067
soc
68,76
f1,f2,first_soc,front
111.755,12.6872,100,0
time
45.88,73.4565
soc
58,65
f1,f2,first_soc,front
111.263,12.7622,100,0
time
45.88
soc
79
f1,f2,first_soc,front
110.757,13.3397,100,0
time
45.88
soc
78
f1,f2,first_soc,front
112.618,11.7025,100,0
time
37.72,77.626
soc
75,62
f1,f2,first_soc,front
105.202,19.6922,100,0
time
45.88
soc
67
f1,f2,first_soc,front
105.172,19.7265,100,0
time
41.8
soc
74
f1,f2,first_soc,front
112.553,11.7747,100,0
time
45.88,73.067
soc
68,76
f1,f2,first_soc,front
112.538,11.7921,100,0
time
45.88,96.1474
soc
76,43
f1,f2,first_soc,front
112.538,11.7921,100,0
time
45.88,96.1474
soc
76,43
f1,f2,first_soc,front
111.263,12.7622,100,0
time
45.88
soc
79
f1,f2,first_soc,front
111.768,12.1847,100,0
time
45.88
soc
80
f1,f2,first_soc,front
104.697,20.2697,100,0
time
45.88
soc
66
f1,f2,first_soc,front
104.697,20.2697,100,0
time
45.88
soc
66
f1,f2,first_soc,front
104.697,20.2697,100,0
time
45.88
soc
66
f1,f2,first_soc,front
104.697,20.2697,100,0
time
45.88
soc
66
f1,f2,first_soc,front
104.697,20.2697,100,0
time
45.88
soc
66
f1,f2,first_soc,front
104.697,20.2697,100,0
time
45.88
soc
66
f1,f2,first_soc,front
104.697,20.2697,100,0
time
45.88
soc
66
f1,f2,first_soc,front
104.697,20.2697,100,0
time
45.88
soc
66
f1,f2,first_soc,front
104.697,20.2697,100,0
time
45.88
soc
66
f1,f2,first_soc,front
104.697,20.2697,100,0
time
45.88
soc
66
f1,f2,first_soc,front
104.697,20.2697,100,0
time
45.88
soc
66
f1,f2,first_soc,front
104.697,20.2697,100,0
time
45.88
soc
66
f1,f2,first_soc,front
104.697,20.2697,100,0
time
45.88
soc
66
f1,f2,first_soc,front
104.697,20.2697,100,0
time
45.88
soc
66
f1,f2,first_soc,front
104.697,20.2697,100,0
time
45.88
soc
66
f1,f2,first_soc,front
104.697,20.2697,100,0
time
45.88
soc
66
f1,f2,first_soc,front
104.697,20.2697,100,0
time
45.88
soc
66
f1,f2,first_soc,front
104.015,21.0483,100,0
time
44.52
soc
67
f1,f2,first_soc,front
104.697,20.2697,100,0
time
45.88
soc
66
f1,f2,first_soc,front
104.697,20.2697,100,0
time
45.88
soc
66
f1,f2,first_soc,front
104.697,20.2697,100,0
time
45.88
soc
66
f1,f2,first_soc,front
104.697,20.2697,100,0
time
45.88
soc
66
f1,f2,first_soc,front
104.697,20.2697,100,0
time
45.88
soc
66
f1,f2,first_soc,front
104.697,20.2697,100,0
time
45.88
soc
66
f1,f2,first_soc,front
104.697,20.2697,100,0
time
45.88
soc
66
f1,f2,first_soc,front
104.697,20.2697,100,0
time
45.88
soc
66
f1,f2,first_soc,front
104.697,20.2697,100,0
time
45.88
soc
66
f1,f2,first_soc,front
104.697,20.2697,100,0
time
45.88
soc
66
f1,f2,first_soc,front
104.697,20.2697,100,0
time
45.88
soc
66
f1,f2,first_soc,front
104.015,21.0483,100,0
time
44.52
soc
67
f1,f2,first_soc,front
104.015,21.0483,100,0
time
44.52
soc
67
f1,f2,first_soc,front
104.697,20.2697,100,0
time
45.88
soc
66
f1,f2,first_soc,front
104.697,20.2697,100,0
time
45.88
soc
66
f1,f2,first_soc,front
104.697,20.2697,100,0
time
45.88
soc
66
f1,f2,first_soc,front
104.697,20.2697,100,0
time
45.88
soc
66
f1,f2,first_soc,front
104.015,21.0483,100,0
time
44.52
soc
67
f1,f2,first_soc,front
104.697,20.2697,100,0
time
45.88
soc
66
f1,f2,first_soc,front
104.015,21.0483,100,0
time
44.52
soc
67
f1,f2,first_soc,front
104.697,20.2697,100,0
time
45.88
soc
66
f1,f2,first_soc,front
104.697,20.2697,100,0
time
45.88
soc
66
f1,f2,first_soc,front
104.697,20.2697,100,0
time
45.88
soc
66
f1,f2,first_soc,front
104.015,21.0483,100,0
time
44.52
soc
67
f1,f2,first_soc,front
104.697,20.2697,100,0
time
45.88
soc
66
f1,f2,first_soc,front
104.015,21.0483,100,0
time
44.52
soc
67
f1,f2,first_soc,front
104.697,20.2697,100,0
time
45.88
soc
66
f1,f2,first_soc,front
104.697,20.2697,100,0
time
45.88
soc
66
f1,f2,first_soc,front
104.697,20.2697,100,0
time
45.88
soc
66
f1,f2,first_soc,front
104.697,20.2697,100,0
time
45.88
soc
66
f1,f2,first_soc,front
104.697,20.2697,100,0
time
45.88
soc
66
f1,f2,first_soc,front
104.015,21.0483,100,0
time
44.52
soc
67
f1,f2,first_soc,front
104.015,21.0483,100,0
time
44.52
soc
67
f1,f2,first_soc,front
104.015,21.0483,100,0
time
44.52
soc
67
f1,f2,first_soc,front
104.015,21.0483,100,0
time
44.52
soc
67
f1,f2,first_soc,front
104.015,21.0483,100,0
time
44.52
soc
67
f1,f2,first_soc,front
104.015,21.0483,100,0
time
44.52
soc
67
f1,f2,first_soc,front
104.015,21.0483,100,0
time
44.52
soc
67
f1,f2,first_soc,front
104.015,21.0483,100,0
time
44.52
soc
67
f1,f2,first_soc,front
104.015,21.0483,100,0
time
44.52
soc
67
f1,f2,first_soc,front
104.015,21.0483,100,0
time
44.52
soc
67
f1,f2,first_soc,front
104.015,21.0483,100,0
time
44.52
soc
67
f1,f2,first_soc,front
104.015,21.0483,100,0
time
44.52
soc
67
f1,f2,first_soc,front
104.015,21.0483,100,0
time
44.52
soc
67
f1,f2,first_soc,front
104.015,21.0483,100,0
time
44.52
soc
67
f1,f2,first_soc,front
104.015,21.0483,100,0
time
44.52
soc
67
f1,f2,first_soc,front
104.015,21.0483,100,0
time
44.52
soc
67
f1,f2,first_soc,front
104.015,21.0483,100,0
time
44.52
soc
67
f1,f2,first_soc,front
104.52,20.4708,100,0
time
44.52
soc
68
f1,f2,first_soc,front
104.015,21.0483,100,0
time
44.52
soc
67
f1,f2,first_soc,front
104.015,21.0483,100,0
time
44.52
soc
67
f1,f2,first_soc,front
104.015,21.0483,100,0
time
44.52
soc
67
f1,f2,first_soc,front
104.015,21.0483,100,0
time
44.52
soc
67
f1,f2,first_soc,front
104.015,21.0483,100,0
time
44.52
soc
67
f1,f2,first_soc,front
104.015,21.0483,100,0
time
44.52
soc
67
f1,f2,first_soc,front
104.015,21.0483,100,0
time
44.52
soc
67
f1,f2,first_soc,front
104.015,21.0483,100,0
time
44.52
soc
67
f1,f2,first_soc,front
104.015,21.0483,100,0
time
44.52
soc
67
f1,f2,first_soc,front
104.52,20.4708,100,0
time
44.52
soc
68
f1,f2,first_soc,front
104.015,21.0483,100,0
time
44.52
soc
67
f1,f2,first_soc,front
104.015,21.0483,100,0
time
44.52
soc
67
f1,f2,first_soc,front
104.015,21.0483,100,0
time
44.52
soc
67
f1,f2,first_soc,front
104.015,21.0483,100,0
time
44.52
soc
67
f1,f2,first_soc,front
104.015,21.0483,100,0
time
44.52
soc
67
f1,f2,first_soc,front
104.015,21.0483,100,0
time
44.52
soc
67
f1,f2,first_soc,front
104.015,21.0483,100,0
time
44.52
soc
67
f1,f2,first_soc,front
104.015,21.0483,100,0
time
44.52
soc
67
f1,f2,first_soc,front
104.697,20.2697,100,0
time
45.88
soc
66
f1,f2,first_soc,front
104.015,21.0483,100,0
time
44.52
soc
67
f1,f2,first_soc,front
104.697,20.2697,100,0
time
45.88
soc
66
f1,f2,first_soc,front
104.697,20.2697,100,0
time
45.88
soc
66
f1,f2,first_soc,front
104.697,20.2697,100,0
time
45.88
soc
66
f1,f2,first_soc,front
104.697,20.2697,100,0
time
45.88
soc
66
f1,f2,first_soc,front
104.697,20.2697,100,0
time
45.88
soc
66
f1,f2,first_soc,front
104.697,20.2697,100,0
time
45.88
soc
66
f1,f2,first_soc,front
104.697,20.2697,100,0
time
45.88
soc
66
第52世代
f1,f2,first_soc,front
104.015,21.0483,100,0
time
44.52
soc
67
f1,f2,first_soc,front
113.735,11.5601,100,0
time
44.52,96.3205
soc
76,43
f1,f2,first_soc,front
104.015,21.0483,100,0
time
44.52
soc
67
f1,f2,first_soc,front
111.768,12.1847,100,0
time
45.88
soc
80
f1,f2,first_soc,front
111.263,12.7622,100,0
time
45.88
soc
79
f1,f2,first_soc,front
112.391,11.9595,100,0
time
45.88,96.3421
soc
71,38
f1,f2,first_soc,front
113.735,11.5601,100,0
time
44.52,96.3205
soc
76,43
f1,f2,first_soc,front
112.896,11.563,100,0
time
45.88,95.8371
soc
70,39
f1,f2,first_soc,front
107.727,16.8047,100,0
time
45.88
soc
72
f1,f2,first_soc,front
105.202,19.6922,100,0
time
45.88
soc
67
f1,f2,first_soc,front
110.076,14.1184,100,0
time
44.52
soc
79
f1,f2,first_soc,front
110.581,13.5409,100,0
time
44.52
soc
80
f1,f2,first_soc,front
108.232,16.2272,100,0
time
45.88
soc
73
f1,f2,first_soc,front
106.035,18.7383,100,0
time
44.52
soc
71
f1,f2,first_soc,front
105.707,19.1147,100,0
time
45.88
soc
68
f1,f2,first_soc,front
107.55,17.0059,100,0
time
44.52
soc
74
f1,f2,first_soc,front
104.52,20.4708,100,0
time
44.52
soc
68
f1,f2,first_soc,front
110.757,13.3397,100,0
time
45.88
soc
78
f1,f2,first_soc,front
104.015,21.0483,100,0
time
44.52
soc
67
f1,f2,first_soc,front
104.52,20.4708,100,0
time
44.52
soc
68
f1,f2,first_soc,front
111.755,12.6872,100,0
time
45.88,73.4565
soc
58,65
f1,f2,first_soc,front
111.25,13.2647,100,0
time
45.88,73.4565
soc
58,64
f1,f2,first_soc,front
108.561,15.8509,100,0
time
44.52
soc
76
f1,f2,first_soc,front
108.055,16.4284,100,0
time
44.52
soc
75
f1,f2,first_soc,front
109.747,14.4947,100,0
time
45.88
soc
76
f1,f2,first_soc,front
107.222,17.3822,100,0
time
45.88
soc
71
f1,f2,first_soc,front
105.53,19.3158,100,0
time
44.52
soc
70
f1,f2,first_soc,front
105.025,19.8933,100,0
time
44.52
soc
69
f1,f2,first_soc,front
111.25,13.2647,100,0
time
45.88,73.4565
soc
58,64
f1,f2,first_soc,front
111.755,12.6872,100,0
time
45.88,73.4565
soc
58,65
f1,f2,first_soc,front
104.015,21.0483,100,0
time
44.52
soc
67
f1,f2,first_soc,front
105.53,19.3158,100,0
time
44.52
soc
70
f1,f2,first_soc,front
112.896,11.563,100,0
time
45.88,95.8371
soc
70,39
f1,f2,first_soc,front
112.618,11.7025,100,0
time
37.72,77.626
soc
75,62
f1,f2,first_soc,front
109.571,14.6959,100,0
time
44.52
soc
78
f1,f2,first_soc,front
107.045,17.5834,100,0
time
44.52
soc
73
f1,f2,first_soc,front
106.358,18.3705,100,0
time
43.16
soc
74
f1,f2,first_soc,front
106.54,18.1609,100,0
time
44.52
soc
72
f1,f2,first_soc,front
106.54,18.1609,100,0
time
44.52
soc
72
f1,f2,first_soc,front
104.697,20.2697,100,0
time
45.88
soc
66
f1,f2,first_soc,front
108.055,16.4284,100,0
time
44.52
soc
75
f1,f2,first_soc,front
109.747,14.4947,100,0
time
45.88
soc
76
f1,f2,first_soc,front
110.252,13.9172,100,0
time
45.88
soc
77
f1,f2,first_soc,front
107.222,17.3822,100,0
time
45.88
soc
71
f1,f2,first_soc,front
106.212,18.5372,100,0
time
45.88
soc
69
f1,f2,first_soc,front
106.035,18.7383,100,0
time
44.52
soc
71
f1,f2,first_soc,front
109.066,15.2734,100,0
time
44.52
soc
77
f1,f2,first_soc,front
110.581,13.5409,100,0
time
44.52
soc
80
f1,f2,first_soc,front
106.717,17.9597,100,0
time
45.88
soc
70
f1,f2,first_soc,front
108.232,16.2272,100,0
time
45.88
soc
73
f1,f2,first_soc,front
107.045,17.5834,100,0
time
44.52
soc
73
f1,f2,first_soc,front
109.571,14.6959,100,0
time
44.52
soc
78
f1,f2,first_soc,front
107.55,17.0059,100,0
time
44.52
soc
74
f1,f2,first_soc,front
107.727,16.8047,100,0
time
45.88
soc
72
f1,f2,first_soc,front
108.737,15.6497,100,0
time
45.88
soc
74
f1,f2,first_soc,front
110.076,14.1184,100,0
time
44.52
soc
79
f1,f2,first_soc,front
109.242,15.0722,100,0
time
45.88
soc
75
f1,f2,first_soc,front
105.677,19.149,100,0
time
41.8
soc
75
f1,f2,first_soc,front
106.864,17.793,100,0
time
43.16
soc
75
f1,f2,first_soc,front
108.884,15.4831,100,0
time
43.16
soc
79
f1,f2,first_soc,front
109.389,14.9056,100,0
time
43.16
soc
80
f1,f2,first_soc,front
108.561,15.8509,100,0
time
44.52
soc
76
f1,f2,first_soc,front
104.697,20.2697,100,0
time
45.88
soc
66
f1,f2,first_soc,front
105.025,19.8933,100,0
time
44.52
soc
69
f1,f2,first_soc,front
110.252,13.9172,100,0
time
45.88
soc
77
f1,f2,first_soc,front
112.391,11.9595,100,0
time
45.88,95.8371
soc
70,38
f1,f2,first_soc,front
105.172,19.7265,100,0
time
41.8
soc
74
f1,f2,first_soc,front
106.358,18.3705,100,0
time
43.16
soc
74
f1,f2,first_soc,front
106.212,18.5372,100,0
time
45.88
soc
69
f1,f2,first_soc,front
108.737,15.6497,100,0
time
45.88
soc
74
f1,f2,first_soc,front
106.717,17.9597,100,0
time
45.88
soc
70
f1,f2,first_soc,front
109.242,15.0722,100,0
time
45.88
soc
75
f1,f2,first_soc,front
111.768,12.1847,100,0
time
45.88
soc
80
f1,f2,first_soc,front
109.389,14.9056,100,0
time
43.16
soc
80
f1,f2,first_soc,front
108.884,15.4831,100,0
time
43.16
soc
79
f1,f2,first_soc,front
109.066,15.2734,100,0
time
44.52
soc
77
f1,f2,first_soc,front
104.697,20.2697,100,0
time
45.88
soc
66
f1,f2,first_soc,front
108.561,15.8509,100,0
time
44.52
soc
76
f1,f2,first_soc,front
110.252,13.9172,100,0
time
45.88
soc
77
f1,f2,first_soc,front
112.538,11.7921,100,0
time
45.88,96.1474
soc
76,43
f1,f2,first_soc,front
106.864,17.793,100,0
time
43.16
soc
75
f1,f2,first_soc,front
109.066,15.2734,100,0
time
44.52
soc
77
f1,f2,first_soc,front
109.747,14.4947,100,0
time
45.88
soc
76
f1,f2,first_soc,front
104.52,20.4708,100,0
time
44.52
soc
68
f1,f2,first_soc,front
110.757,13.3397,100,0
time
45.88
soc
78
f1,f2,first_soc,front
107.222,17.3822,100,0
time
45.88
soc
71
f1,f2,first_soc,front
108.055,16.4284,100,0
time
44.52
soc
75
f1,f2,first_soc,front
104.697,20.2697,100,0
time
45.88
soc
66
f1,f2,first_soc,front
110.252,13.9172,100,0
time
45.88
soc
77
f1,f2,first_soc,front
105.025,19.8933,100,0
time
44.52
soc
69
f1,f2,first_soc,front
106.864,17.793,100,0
time
43.16
soc
75
f1,f2,first_soc,front
112.538,11.7921,100,0
time
45.88,96.1474
soc
76,43
f1,f2,first_soc,front
109.389,14.9056,100,0
time
43.16
soc
80
f1,f2,first_soc,front
108.884,15.4831,100,0
time
43.16
soc
79
f1,f2,first_soc,front
112.553,11.7747,100,0
time
45.88,73.067
soc
68,76
f1,f2,first_soc,front
111.263,12.7622,100,0
time
45.88
soc
79
f1,f2,first_soc,front
110.757,13.3397,100,0
time
45.88
soc
78
f1,f2,first_soc,front
112.618,11.7025,100,0
time
37.72,77.626
soc
75,62
f1,f2,first_soc,front
112.618,11.7025,100,0
time
37.72,77.626
soc
75,62
f1,f2,first_soc,front
105.172,19.7265,100,0
time
41.8
soc
74
f1,f2,first_soc,front
105.707,19.1147,100,0
time
45.88
soc
68
f1,f2,first_soc,front
105.202,19.6922,100,0
time
45.88
soc
67
f1,f2,first_soc,front
112.553,11.7747,100,0
time
45.88,73.067
soc
68,76
f1,f2,first_soc,front
112.538,11.7921,100,0
time
45.88,96.1474
soc
76,43
f1,f2,first_soc,front
111.768,12.1847,100,0
time
45.88
soc
80
f1,f2,first_soc,front
111.263,12.7622,100,0
time
45.88
soc
79
f1,f2,first_soc,front
104.697,20.2697,100,0
time
45.88
soc
66
f1,f2,first_soc,front
104.697,20.2697,100,0
time
45.88
soc
66
f1,f2,first_soc,front
104.697,20.2697,100,0
time
45.88
soc
66
f1,f2,first_soc,front
104.697,20.2697,100,0
time
45.88
soc
66
f1,f2,first_soc,front
104.697,20.2697,100,0
time
45.88
soc
66
f1,f2,first_soc,front
104.697,20.2697,100,0
time
45.88
soc
66
f1,f2,first_soc,front
104.697,20.2697,100,0
time
45.88
soc
66
f1,f2,first_soc,front
104.697,20.2697,100,0
time
45.88
soc
66
f1,f2,first_soc,front
104.697,20.2697,100,0
time
45.88
soc
66
f1,f2,first_soc,front
104.697,20.2697,100,0
time
45.88
soc
66
f1,f2,first_soc,front
104.697,20.2697,100,0
time
45.88
soc
66
f1,f2,first_soc,front
104.697,20.2697,100,0
time
45.88
soc
66
f1,f2,first_soc,front
104.697,20.2697,100,0
time
45.88
soc
66
f1,f2,first_soc,front
104.697,20.2697,100,0
time
45.88
soc
66
f1,f2,first_soc,front
104.697,20.2697,100,0
time
45.88
soc
66
f1,f2,first_soc,front
104.697,20.2697,100,0
time
45.88
soc
66
f1,f2,first_soc,front
104.697,20.2697,100,0
time
45.88
soc
66
f1,f2,first_soc,front
104.697,20.2697,100,0
time
45.88
soc
66
f1,f2,first_soc,front
104.697,20.2697,100,0
time
45.88
soc
66
f1,f2,first_soc,front
104.697,20.2697,100,0
time
45.88
soc
66
f1,f2,first_soc,front
104.697,20.2697,100,0
time
45.88
soc
66
f1,f2,first_soc,front
104.697,20.2697,100,0
time
45.88
soc
66
f1,f2,first_soc,front
104.697,20.2697,100,0
time
45.88
soc
66
f1,f2,first_soc,front
104.697,20.2697,100,0
time
45.88
soc
66
f1,f2,first_soc,front
104.697,20.2697,100,0
time
45.88
soc
66
f1,f2,first_soc,front
104.697,20.2697,100,0
time
45.88
soc
66
f1,f2,first_soc,front
104.697,20.2697,100,0
time
45.88
soc
66
f1,f2,first_soc,front
106.035,18.7383,100,0
time
44.52
soc
71
f1,f2,first_soc,front
104.697,20.2697,100,0
time
45.88
soc
66
f1,f2,first_soc,front
104.697,20.2697,100,0
time
45.88
soc
66
f1,f2,first_soc,front
104.697,20.2697,100,0
time
45.88
soc
66
f1,f2,first_soc,front
104.697,20.2697,100,0
time
45.88
soc
66
f1,f2,first_soc,front
104.697,20.2697,100,0
time
45.88
soc
66
f1,f2,first_soc,front
104.697,20.2697,100,0
time
45.88
soc
66
f1,f2,first_soc,front
104.697,20.2697,100,0
time
45.88
soc
66
f1,f2,first_soc,front
104.697,20.2697,100,0
time
45.88
soc
66
f1,f2,first_soc,front
104.697,20.2697,100,0
time
45.88
soc
66
f1,f2,first_soc,front
104.697,20.2697,100,0
time
45.88
soc
66
f1,f2,first_soc,front
104.697,20.2697,100,0
time
45.88
soc
66
f1,f2,first_soc,front
104.697,20.2697,100,0
time
45.88
soc
66
f1,f2,first_soc,front
104.697,20.2697,100,0
time
45.88
soc
66
f1,f2,first_soc,front
104.697,20.2697,100,0
time
45.88
soc
66
f1,f2,first_soc,front
104.697,20.2697,100,0
time
45.88
soc
66
f1,f2,first_soc,front
104.697,20.2697,100,0
time
45.88
soc
66
f1,f2,first_soc,front
104.697,20.2697,100,0
time
45.88
soc
66
f1,f2,first_soc,front
104.697,20.2697,100,0
time
45.88
soc
66
f1,f2,first_soc,front
104.697,20.2697,100,0
time
45.88
soc
66
f1,f2,first_soc,front
104.015,21.0483,100,0
time
44.52
soc
67
f1,f2,first_soc,front
104.015,21.0483,100,0
time
44.52
soc
67
f1,f2,first_soc,front
104.015,21.0483,100,0
time
44.52
soc
67
f1,f2,first_soc,front
104.015,21.0483,100,0
time
44.52
soc
67
f1,f2,first_soc,front
104.015,21.0483,100,0
time
44.52
soc
67
f1,f2,first_soc,front
104.015,21.0483,100,0
time
44.52
soc
67
f1,f2,first_soc,front
104.015,21.0483,100,0
time
44.52
soc
67
f1,f2,first_soc,front
104.015,21.0483,100,0
time
44.52
soc
67
f1,f2,first_soc,front
104.015,21.0483,100,0
time
44.52
soc
67
f1,f2,first_soc,front
104.015,21.0483,100,0
time
44.52
soc
67
f1,f2,first_soc,front
104.015,21.0483,100,0
time
44.52
soc
67
f1,f2,first_soc,front
104.015,21.0483,100,0
time
44.52
soc
67
f1,f2,first_soc,front
104.015,21.0483,100,0
time
44.52
soc
67
f1,f2,first_soc,front
104.015,21.0483,100,0
time
44.52
soc
67
f1,f2,first_soc,front
104.015,21.0483,100,0
time
44.52
soc
67
f1,f2,first_soc,front
104.015,21.0483,100,0
time
44.52
soc
67
f1,f2,first_soc,front
104.015,21.0483,100,0
time
44.52
soc
67
f1,f2,first_soc,front
104.015,21.0483,100,0
time
44.52
soc
67
f1,f2,first_soc,front
104.015,21.0483,100,0
time
44.52
soc
67
f1,f2,first_soc,front
104.015,21.0483,100,0
time
44.52
soc
67
f1,f2,first_soc,front
104.015,21.0483,100,0
time
44.52
soc
67
f1,f2,first_soc,front
104.015,21.0483,100,0
time
44.52
soc
67
f1,f2,first_soc,front
104.015,21.0483,100,0
time
44.52
soc
67
f1,f2,first_soc,front
104.015,21.0483,100,0
time
44.52
soc
67
f1,f2,first_soc,front
104.015,21.0483,100,0
time
44.52
soc
67
f1,f2,first_soc,front
104.015,21.0483,100,0
time
44.52
soc
67
f1,f2,first_soc,front
104.015,21.0483,100,0
time
44.52
soc
67
f1,f2,first_soc,front
104.015,21.0483,100,0
time
44.52
soc
67
f1,f2,first_soc,front
104.015,21.0483,100,0
time
44.52
soc
67
f1,f2,first_soc,front
104.015,21.0483,100,0
time
44.52
soc
67
f1,f2,first_soc,front
104.015,21.0483,100,0
time
44.52
soc
67
f1,f2,first_soc,front
104.015,21.0483,100,0
time
44.52
soc
67
f1,f2,first_soc,front
104.015,21.0483,100,0
time
44.52
soc
67
f1,f2,first_soc,front
104.015,21.0483,100,0
time
44.52
soc
67
f1,f2,first_soc,front
104.015,21.0483,100,0
time
44.52
soc
67
f1,f2,first_soc,front
104.015,21.0483,100,0
time
44.52
soc
67
f1,f2,first_soc,front
104.015,21.0483,100,0
time
44.52
soc
67
f1,f2,first_soc,front
104.697,20.2697,100,0
time
45.88
soc
66
f1,f2,first_soc,front
104.52,20.4708,100,0
time
44.52
soc
68
f1,f2,first_soc,front
104.52,20.4708,100,0
time
44.52
soc
68
f1,f2,first_soc,front
104.52,20.4708,100,0
time
44.52
soc
68
f1,f2,first_soc,front
104.52,20.4708,100,0
time
44.52
soc
68
f1,f2,first_soc,front
104.697,20.2697,100,0
time
45.88
soc
66
f1,f2,first_soc,front
104.697,20.2697,100,0
time
45.88
soc
66
f1,f2,first_soc,front
104.697,20.2697,100,0
time
45.88
soc
66
f1,f2,first_soc,front
104.697,20.2697,100,0
time
45.88
soc
66
f1,f2,first_soc,front
104.697,20.2697,100,0
time
45.88
soc
66
第53世代
f1,f2,first_soc,front
104.015,21.0483,100,0
time
44.52
soc
67
f1,f2,first_soc,front
104.015,21.0483,100,0
time
44.52
soc
67
f1,f2,first_soc,front
113.735,11.5601,100,0
time
44.52,96.3205
soc
76,43
f1,f2,first_soc,front
111.263,12.7622,100,0
time
45.88
soc
79
f1,f2,first_soc,front
112.896,11.563,100,0
time
45.88,95.8371
soc
70,39
f1,f2,first_soc,front
111.768,12.1847,100,0
time
45.88
soc
80
f1,f2,first_soc,front
113.735,11.5601,100,0
time
44.52,96.3205
soc
76,43
f1,f2,first_soc,front
112.391,11.9595,100,0
time
45.88,96.3421
soc
71,38
f1,f2,first_soc,front
108.055,16.4284,100,0
time
44.52
soc
75
f1,f2,first_soc,front
105.53,19.3158,100,0
time
44.52
soc
70
f1,f2,first_soc,front
110.076,14.1184,100,0
time
44.52
soc
79
f1,f2,first_soc,front
110.581,13.5409,100,0
time
44.52
soc
80
f1,f2,first_soc,front
107.55,17.0059,100,0
time
44.52
soc
74
f1,f2,first_soc,front
108.561,15.8509,100,0
time
44.52
soc
76
f1,f2,first_soc,front
108.232,16.2272,100,0
time
45.88
soc
73
f1,f2,first_soc,front
105.707,19.1147,100,0
time
45.88
soc
68
f1,f2,first_soc,front
104.52,20.4708,100,0
time
44.52
soc
68
f1,f2,first_soc,front
110.757,13.3397,100,0
time
45.88
soc
78
f1,f2,first_soc,front
104.52,20.4708,100,0
time
44.52
soc
68
f1,f2,first_soc,front
104.015,21.0483,100,0
time
44.52
soc
67
f1,f2,first_soc,front
111.25,13.2647,100,0
time
45.88,73.4565
soc
58,64
f1,f2,first_soc,front
106.035,18.7383,100,0
time
44.52
soc
71
f1,f2,first_soc,front
107.222,17.3822,100,0
time
45.88
soc
71
f1,f2,first_soc,front
109.747,14.4947,100,0
time
45.88
soc
76
f1,f2,first_soc,front
110.252,13.9172,100,0
time
45.88
soc
77
f1,f2,first_soc,front
107.727,16.8047,100,0
time
45.88
soc
72
f1,f2,first_soc,front
105.025,19.8933,100,0
time
44.52
soc
69
f1,f2,first_soc,front
111.25,13.2647,100,0
time
45.88,73.4565
soc
58,64
f1,f2,first_soc,front
111.768,12.1847,100,0
time
45.88
soc
80
f1,f2,first_soc,front
111.755,12.6872,100,0
time
45.88,73.9615
soc
59,65
f1,f2,first_soc,front
104.015,21.0483,100,0
time
44.52
soc
67
f1,f2,first_soc,front
105.025,19.8933,100,0
time
44.52
soc
69
f1,f2,first_soc,front
111.755,12.6872,100,0
time
45.88,73.4565
soc
58,65
f1,f2,first_soc,front
112.618,11.7025,100,0
time
37.72,77.626
soc
75,62
f1,f2,first_soc,front
109.389,14.9056,100,0
time
43.16
soc
80
f1,f2,first_soc,front
109.571,14.6959,100,0
time
44.52
soc
78
f1,f2,first_soc,front
109.066,15.2734,100,0
time
44.52
soc
77
f1,f2,first_soc,front
107.045,17.5834,100,0
time
44.52
soc
73
f1,f2,first_soc,front
106.358,18.3705,100,0
time
43.16
soc
74
f1,f2,first_soc,front
106.54,18.1609,100,0
time
44.52
soc
72
f1,f2,first_soc,front
104.697,20.2697,100,0
time
45.88
soc
66
f1,f2,first_soc,front
107.727,16.8047,100,0
time
45.88
soc
72
f1,f2,first_soc,front
105.202,19.6922,100,0
time
45.88
soc
67
f1,f2,first_soc,front
109.747,14.4947,100,0
time
45.88
soc
76
f1,f2,first_soc,front
110.252,13.9172,100,0
time
45.88
soc
77
f1,f2,first_soc,front
106.212,18.5372,100,0
time
45.88
soc
69
f1,f2,first_soc,front
105.677,19.149,100,0
time
41.8
soc
75
f1,f2,first_soc,front
109.066,15.2734,100,0
time
44.52
soc
77
f1,f2,first_soc,front
106.717,17.9597,100,0
time
45.88
soc
70
f1,f2,first_soc,front
108.737,15.6497,100,0
time
45.88
soc
74
f1,f2,first_soc,front
108.561,15.8509,100,0
time
44.52
soc
76
f1,f2,first_soc,front
110.581,13.5409,100,0
time
44.52
soc
80
f1,f2,first_soc,front
107.045,17.5834,100,0
time
44.52
soc
73
f1,f2,first_soc,front
108.055,16.4284,100,0
time
44.52
soc
75
f1,f2,first_soc,front
109.571,14.6959,100,0
time
44.52
soc
78
f1,f2,first_soc,front
107.55,17.0059,100,0
time
44.52
soc
74
f1,f2,first_soc,front
110.076,14.1184,100,0
time
44.52
soc
79
f1,f2,first_soc,front
112.391,11.9595,100,0
time
45.88,95.8371
soc
70,38
f1,f2,first_soc,front
105.202,19.6922,100,0
time
45.88
soc
67
f1,f2,first_soc,front
106.864,17.793,100,0
time
43.16
soc
75
f1,f2,first_soc,front
108.884,15.4831,100,0
time
43.16
soc
79
f1,f2,first_soc,front
109.242,15.0722,100,0
time
45.88
soc
75
f1,f2,first_soc,front
106.035,18.7383,100,0
time
44.52
soc
71
f1,f2,first_soc,front
104.697,20.2697,100,0
time
45.88
soc
66
f1,f2,first_soc,front
107.222,17.3822,100,0
time
45.88
soc
71
f1,f2,first_soc,front
112.538,11.7921,100,0
time
45.88,96.1474
soc
76,43
f1,f2,first_soc,front
105.53,19.3158,100,0
time
44.52
soc
70
f1,f2,first_soc,front
105.172,19.7265,100,0
time
41.8
soc
74
f1,f2,first_soc,front
106.358,18.3705,100,0
time
43.16
soc
74
f1,f2,first_soc,front
106.212,18.5372,100,0
time
45.88
soc
69
f1,f2,first_soc,front
106.717,17.9597,100,0
time
45.88
soc
70
f1,f2,first_soc,front
108.737,15.6497,100,0
time
45.88
soc
74
f1,f2,first_soc,front
112.896,11.563,100,0
time
45.88,95.8371
soc
70,39
f1,f2,first_soc,front
108.884,15.4831,100,0
time
43.16
soc
79
f1,f2,first_soc,front
106.864,17.793,100,0
time
43.16
soc
75
f1,f2,first_soc,front
106.035,18.7383,100,0
time
44.52
soc
71
f1,f2,first_soc,front
106.54,18.1609,100,0
time
44.52
soc
72
f1,f2,first_soc,front
108.232,16.2272,100,0
time
45.88
soc
73
f1,f2,first_soc,front
104.697,20.2697,100,0
time
45.88
soc
66
f1,f2,first_soc,front
109.242,15.0722,100,0
time
45.88
soc
75
f1,f2,first_soc,front
107.222,17.3822,100,0
time
45.88
soc
71
f1,f2,first_soc,front
106.54,18.1609,100,0
time
44.52
soc
72
f1,f2,first_soc,front
109.747,14.4947,100,0
time
45.88
soc
76
f1,f2,first_soc,front
110.757,13.3397,100,0
time
45.88
soc
78
f1,f2,first_soc,front
104.697,20.2697,100,0
time
45.88
soc
66
f1,f2,first_soc,front
107.727,16.8047,100,0
time
45.88
soc
72
f1,f2,first_soc,front
104.52,20.4708,100,0
time
44.52
soc
68
f1,f2,first_soc,front
110.252,13.9172,100,0
time
45.88
soc
77
f1,f2,first_soc,front
108.232,16.2272,100,0
time
45.88
soc
73
f1,f2,first_soc,front
109.389,14.9056,100,0
time
43.16
soc
80
f1,f2,first_soc,front
109.242,15.0722,100,0
time
45.88
soc
75
f1,f2,first_soc,front
109.389,14.9056,100,0
time
43.16
soc
80
f1,f2,first_soc,front
108.884,15.4831,100,0
time
43.16
soc
79
f1,f2,first_soc,front
106.864,17.793,100,0
time
43.16
soc
75
f1,f2,first_soc,front
112.618,11.7025,100,0
time
37.72,77.626
soc
75,62
f1,f2,first_soc,front
111.755,12.6872,100,0
time
45.88,73.4565
soc
58,65
f1,f2,first_soc,front
112.553,11.7747,100,0
time
45.88,73.067
soc
68,76
f1,f2,first_soc,front
112.553,11.7747,100,0
time
45.88,73.067
soc
68,76
f1,f2,first_soc,front
111.263,12.7622,100,0
time
45.88
soc
79
f1,f2,first_soc,front
110.757,13.3397,100,0
time
45.88
soc
78
f1,f2,first_soc,front
105.172,19.7265,100,0
time
41.8
soc
74
f1,f2,first_soc,front
105.707,19.1147,100,0
time
45.88
soc
68
f1,f2,first_soc,front
112.538,11.7921,100,0
time
45.88,96.1474
soc
76,43
f1,f2,first_soc,front
105.202,19.6922,100,0
time
45.88
soc
67
f1,f2,first_soc,front
111.263,12.7622,100,0
time
45.88
soc
79
f1,f2,first_soc,front
112.896,11.563,100,0
time
45.88,95.8371
soc
70,39
f1,f2,first_soc,front
104.015,21.0483,100,0
time
44.52
soc
67
f1,f2,first_soc,front
104.697,20.2697,100,0
time
45.88
soc
66
f1,f2,first_soc,front
104.015,21.0483,100,0
time
44.52
soc
67
f1,f2,first_soc,front
104.697,20.2697,100,0
time
45.88
soc
66
f1,f2,first_soc,front
104.697,20.2697,100,0
time
45.88
soc
66
f1,f2,first_soc,front
104.015,21.0483,100,0
time
44.52
soc
67
f1,f2,first_soc,front
104.697,20.2697,100,0
time
45.88
soc
66
f1,f2,first_soc,front
104.697,20.2697,100,0
time
45.88
soc
66
f1,f2,first_soc,front
104.015,21.0483,100,0
time
44.52
soc
67
f1,f2,first_soc,front
104.697,20.2697,100,0
time
45.88
soc
66
f1,f2,first_soc,front
104.697,20.2697,100,0
time
45.88
soc
66
f1,f2,first_soc,front
104.015,21.0483,100,0
time
44.52
soc
67
f1,f2,first_soc,front
104.015,21.0483,100,0
time
44.52
soc
67
f1,f2,first_soc,front
104.015,21.0483,100,0
time
44.52
soc
67
f1,f2,first_soc,front
104.697,20.2697,100,0
time
45.88
soc
66
f1,f2,first_soc,front
104.697,20.2697,100,0
time
45.88
soc
66
f1,f2,first_soc,front
104.697,20.2697,100,0
time
45.88
soc
66
f1,f2,first_soc,front
104.015,21.0483,100,0
time
44.52
soc
67
f1,f2,first_soc,front
104.015,21.0483,100,0
time
44.52
soc
67
f1,f2,first_soc,front
104.697,20.2697,100,0
time
45.88
soc
66
f1,f2,first_soc,front
104.697,20.2697,100,0
time
45.88
soc
66
f1,f2,first_soc,front
104.015,21.0483,100,0
time
44.52
soc
67
f1,f2,first_soc,front
104.015,21.0483,100,0
time
44.52
soc
67
f1,f2,first_soc,front
104.015,21.0483,100,0
time
44.52
soc
67
f1,f2,first_soc,front
104.697,20.2697,100,0
time
45.88
soc
66
f1,f2,first_soc,front
104.697,20.2697,100,0
time
45.88
soc
66
f1,f2,first_soc,front
104.697,20.2697,100,0
time
45.88
soc
66
f1,f2,first_soc,front
104.697,20.2697,100,0
time
45.88
soc
66
f1,f2,first_soc,front
104.697,20.2697,100,0
time
45.88
soc
66
f1,f2,first_soc,front
104.697,20.2697,100,0
time
45.88
soc
66
f1,f2,first_soc,front
104.697,20.2697,100,0
time
45.88
soc
66
f1,f2,first_soc,front
104.697,20.2697,100,0
time
45.88
soc
66
f1,f2,first_soc,front
104.697,20.2697,100,0
time
45.88
soc
66
f1,f2,first_soc,front
104.697,20.2697,100,0
time
45.88
soc
66
f1,f2,first_soc,front
104.015,21.0483,100,0
time
44.52
soc
67
f1,f2,first_soc,front
104.015,21.0483,100,0
time
44.52
soc
67
f1,f2,first_soc,front
104.697,20.2697,100,0
time
45.88
soc
66
f1,f2,first_soc,front
104.697,20.2697,100,0
time
45.88
soc
66
f1,f2,first_soc,front
104.697,20.2697,100,0
time
45.88
soc
66
f1,f2,first_soc,front
104.015,21.0483,100,0
time
44.52
soc
67
f1,f2,first_soc,front
104.015,21.0483,100,0
time
44.52
soc
67
f1,f2,first_soc,front
104.697,20.2697,100,0
time
45.88
soc
66
f1,f2,first_soc,front
104.697,20.2697,100,0
time
45.88
soc
66
f1,f2,first_soc,front
104.697,20.2697,100,0
time
45.88
soc
66
f1,f2,first_soc,front
104.015,21.0483,100,0
time
44.52
soc
67
f1,f2,first_soc,front
104.015,21.0483,100,0
time
44.52
soc
67
f1,f2,first_soc,front
104.697,20.2697,100,0
time
45.88
soc
66
f1,f2,first_soc,front
104.015,21.0483,100,0
time
44.52
soc
67
f1,f2,first_soc,front
104.015,21.0483,100,0
time
44.52
soc
67
f1,f2,first_soc,front
104.015,21.0483,100,0
time
44.52
soc
67
f1,f2,first_soc,front
104.697,20.2697,100,0
time
45.88
soc
66
f1,f2,first_soc,front
104.697,20.2697,100,0
time
45.88
soc
66
f1,f2,first_soc,front
104.015,21.0483,100,0
time
44.52
soc
67
f1,f2,first_soc,front
104.015,21.0483,100,0
time
44.52
soc
67
f1,f2,first_soc,front
104.697,20.2697,100,0
time
45.88
soc
66
f1,f2,first_soc,front
104.697,20.2697,100,0
time
45.88
soc
66
f1,f2,first_soc,front
104.015,21.0483,100,0
time
44.52
soc
67
f1,f2,first_soc,front
104.697,20.2697,100,0
time
45.88
soc
66
f1,f2,first_soc,front
104.697,20.2697,100,0
time
45.88
soc
66
f1,f2,first_soc,front
104.697,20.2697,100,0
time
45.88
soc
66
f1,f2,first_soc,front
104.697,20.2697,100,0
time
45.88
soc
66
f1,f2,first_soc,front
104.697,20.2697,100,0
time
45.88
soc
66
f1,f2,first_soc,front
104.697,20.2697,100,0
time
45.88
soc
66
f1,f2,first_soc,front
106.54,18.1609,100,0
time
44.52
soc
72
f1,f2,first_soc,front
104.015,21.0483,100,0
time
44.52
soc
67
f1,f2,first_soc,front
104.015,21.0483,100,0
time
44.52
soc
67
f1,f2,first_soc,front
104.697,20.2697,100,0
time
45.88
soc
66
f1,f2,first_soc,front
104.52,20.4708,100,0
time
44.52
soc
68
f1,f2,first_soc,front
104.697,20.2697,100,0
time
45.88
soc
66
f1,f2,first_soc,front
104.015,21.0483,100,0
time
44.52
soc
67
f1,f2,first_soc,front
104.015,21.0483,100,0
time
44.52
soc
67
f1,f2,first_soc,front
104.015,21.0483,100,0
time
44.52
soc
67
f1,f2,first_soc,front
104.697,20.2697,100,0
time
45.88
soc
66
f1,f2,first_soc,front
104.697,20.2697,100,0
time
45.88
soc
66
f1,f2,first_soc,front
104.015,21.0483,100,0
time
44.52
soc
67
f1,f2,first_soc,front
104.015,21.0483,100,0
time
44.52
soc
67
f1,f2,first_soc,front
104.52,20.4708,100,0
time
44.52
soc
68
f1,f2,first_soc,front
104.697,20.2697,100,0
time
45.88
soc
66
f1,f2,first_soc,front
104.697,20.2697,100,0
time
45.88
soc
66
f1,f2,first_soc,front
104.697,20.2697,100,0
time
45.88
soc
66
f1,f2,first_soc,front
104.697,20.2697,100,0
time
45.88
soc
66
f1,f2,first_soc,front
104.52,20.4708,100,0
time
44.52
soc
68
f1,f2,first_soc,front
104.52,20.4708,100,0
time
44.52
soc
68
f1,f2,first_soc,front
104.52,20.4708,100,0
time
44.52
soc
68
f1,f2,first_soc,front
104.697,20.2697,100,0
time
45.88
soc
66
f1,f2,first_soc,front
104.697,20.2697,100,0
time
45.88
soc
66
f1,f2,first_soc,front
104.697,20.2697,100,0
time
45.88
soc
66
f1,f2,first_soc,front
104.52,20.4708,100,0
time
44.52
soc
68
f1,f2,first_soc,front
104.697,20.2697,100,0
time
45.88
soc
66
f1,f2,first_soc,front
104.697,20.2697,100,0
time
45.88
soc
66
f1,f2,first_soc,front
104.697,20.2697,100,0
time
45.88
soc
66
f1,f2,first_soc,front
104.015,21.0483,100,0
time
44.52
soc
67
f1,f2,first_soc,front
104.015,21.0483,100,0
time
44.52
soc
67
f1,f2,first_soc,front
104.015,21.0483,100,0
time
44.52
soc
67
第54世代
f1,f2,first_soc,front
104.015,21.0483,100,0
time
44.52
soc
67
f1,f2,first_soc,front
104.015,21.0483,100,0
time
44.52
soc
67
f1,f2,first_soc,front
113.735,11.5601,100,0
time
44.52,96.3205
soc
76,43
f1,f2,first_soc,front
111.768,12.1847,100,0
time
45.88
soc
80
f1,f2,first_soc,front
112.896,11.563,100,0
time
45.88,95.8371
soc
70,39
f1,f2,first_soc,front
112.391,11.9595,100,0
time
45.88,95.8371
soc
70,38
f1,f2,first_soc,front
113.735,11.5601,100,0
time
44.52,96.3205
soc
76,43
f1,f2,first_soc,front
105.202,19.6922,100,0
time
45.88
soc
67
f1,f2,first_soc,front
105.025,19.8933,100,0
time
44.52
soc
69
f1,f2,first_soc,front
108.055,16.4284,100,0
time
44.52
soc
75
f1,f2,first_soc,front
110.581,13.5409,100,0
time
44.52
soc
80
f1,f2,first_soc,front
110.076,14.1184,100,0
time
44.52
soc
79
f1,f2,first_soc,front
107.55,17.0059,100,0
time
44.52
soc
74
f1,f2,first_soc,front
108.379,16.0606,100,0
time
43.16
soc
78
f1,f2,first_soc,front
105.707,19.1147,100,0
time
45.88
soc
68
f1,f2,first_soc,front
106.035,18.7383,100,0
time
44.52
soc
71
f1,f2,first_soc,front
104.52,20.4708,100,0
time
44.52
soc
68
f1,f2,first_soc,front
110.757,13.3397,100,0
time
45.88
soc
78
f1,f2,first_soc,front
104.015,21.0483,100,0
time
44.52
soc
67
f1,f2,first_soc,front
104.52,20.4708,100,0
time
44.52
soc
68
f1,f2,first_soc,front
111.755,12.6872,100,0
time
45.88,73.4565
soc
58,65
f1,f2,first_soc,front
111.25,13.2647,100,0
time
45.88,73.4565
soc
58,64
f1,f2,first_soc,front
109.747,14.4947,100,0
time
45.88
soc
76
f1,f2,first_soc,front
107.222,17.3822,100,0
time
45.88
soc
71
f1,f2,first_soc,front
107.727,16.8047,100,0
time
45.88
soc
72
f1,f2,first_soc,front
111.25,13.2647,100,0
time
45.88,73.4565
soc
58,64
f1,f2,first_soc,front
111.755,12.6872,100,0
time
45.88,73.9615
soc
59,65
f1,f2,first_soc,front
111.263,12.7622,100,0
time
45.88
soc
79
f1,f2,first_soc,front
104.015,21.0483,100,0
time
44.52
soc
67
f1,f2,first_soc,front
111.263,12.7622,100,0
time
45.88
soc
79
f1,f2,first_soc,front
112.618,11.7025,100,0
time
37.72,77.626
soc
75,62
f1,f2,first_soc,front
109.571,14.6959,100,0
time
44.52
soc
78
f1,f2,first_soc,front
108.884,15.4831,100,0
time
43.16
soc
79
f1,f2,first_soc,front
108.561,15.8509,100,0
time
44.52
soc
76
f1,f2,first_soc,front
107.045,17.5834,100,0
time
44.52
soc
73
f1,f2,first_soc,front
106.358,18.3705,100,0
time
43.16
soc
74
f1,f2,first_soc,front
106.54,18.1609,100,0
time
44.52
soc
72
f1,f2,first_soc,front
109.066,15.2734,100,0
time
44.52
soc
77
f1,f2,first_soc,front
105.53,19.3158,100,0
time
44.52
soc
70
f1,f2,first_soc,front
104.697,20.2697,100,0
time
45.88
soc
66
f1,f2,first_soc,front
107.727,16.8047,100,0
time
45.88
soc
72
f1,f2,first_soc,front
110.252,13.9172,100,0
time
45.88
soc
77
f1,f2,first_soc,front
109.747,14.4947,100,0
time
45.88
soc
76
f1,f2,first_soc,front
107.222,17.3822,100,0
time
45.88
soc
71
f1,f2,first_soc,front
106.035,18.7383,100,0
time
44.52
soc
71
f1,f2,first_soc,front
106.212,18.5372,100,0
time
45.88
soc
69
f1,f2,first_soc,front
106.717,17.9597,100,0
time
45.88
soc
70
f1,f2,first_soc,front
110.076,14.1184,100,0
time
44.52
soc
79
f1,f2,first_soc,front
110.581,13.5409,100,0
time
44.52
soc
80
f1,f2,first_soc,front
108.561,15.8509,100,0
time
44.52
soc
76
f1,f2,first_soc,front
107.045,17.5834,100,0
time
44.52
soc
73
f1,f2,first_soc,front
106.54,18.1609,100,0
time
44.52
soc
72
f1,f2,first_soc,front
105.677,19.149,100,0
time
41.8
soc
75
f1,f2,first_soc,front
107.55,17.0059,100,0
time
44.52
soc
74
f1,f2,first_soc,front
109.571,14.6959,100,0
time
44.52
soc
78
f1,f2,first_soc,front
108.055,16.4284,100,0
time
44.52
soc
75
f1,f2,first_soc,front
109.242,15.0722,100,0
time
45.88
soc
75
f1,f2,first_soc,front
106.864,17.793,100,0
time
43.16
soc
75
f1,f2,first_soc,front
109.389,14.9056,100,0
time
43.16
soc
80
f1,f2,first_soc,front
108.232,16.2272,100,0
time
45.88
soc
73
f1,f2,first_soc,front
108.737,15.6497,100,0
time
45.88
soc
74
f1,f2,first_soc,front
108.737,15.6497,100,0
time
45.88
soc
74
f1,f2,first_soc,front
110.252,13.9172,100,0
time
45.88
soc
77
f1,f2,first_soc,front
104.697,20.2697,100,0
time
45.88
soc
66
f1,f2,first_soc,front
105.53,19.3158,100,0
time
44.52
soc
70
f1,f2,first_soc,front
112.391,11.9595,100,0
time
45.88,95.8371
soc
70,38
f1,f2,first_soc,front
105.53,19.3158,100,0
time
44.52
soc
70
f1,f2,first_soc,front
105.025,19.8933,100,0
time
44.52
soc
69
f1,f2,first_soc,front
106.212,18.5372,100,0
time
45.88
soc
69
f1,f2,first_soc,front
108.884,15.4831,100,0
time
43.16
soc
79
f1,f2,first_soc,front
106.717,17.9597,100,0
time
45.88
soc
70
f1,f2,first_soc,front
109.242,15.0722,100,0
time
45.88
soc
75
f1,f2,first_soc,front
112.896,11.563,100,0
time
45.88,95.8371
soc
70,39
f1,f2,first_soc,front
111.768,12.1847,100,0
time
45.88
soc
80
f1,f2,first_soc,front
109.389,14.9056,100,0
time
43.16
soc
80
f1,f2,first_soc,front
104.697,20.2697,100,0
time
45.88
soc
66
f1,f2,first_soc,front
109.066,15.2734,100,0
time
44.52
soc
77
f1,f2,first_soc,front
110.252,13.9172,100,0
time
45.88
soc
77
f1,f2,first_soc,front
112.538,11.7921,100,0
time
45.88,96.1474
soc
76,43
f1,f2,first_soc,front
106.864,17.793,100,0
time
43.16
soc
75
f1,f2,first_soc,front
109.066,15.2734,100,0
time
44.52
soc
77
f1,f2,first_soc,front
110.757,13.3397,100,0
time
45.88
soc
78
f1,f2,first_soc,front
107.727,16.8047,100,0
time
45.88
soc
72
f1,f2,first_soc,front
104.697,20.2697,100,0
time
45.88
soc
66
f1,f2,first_soc,front
108.232,16.2272,100,0
time
45.88
soc
73
f1,f2,first_soc,front
110.252,13.9172,100,0
time
45.88
soc
77
f1,f2,first_soc,front
107.222,17.3822,100,0
time
45.88
soc
71
f1,f2,first_soc,front
104.52,20.4708,100,0
time
44.52
soc
68
f1,f2,first_soc,front
109.747,14.4947,100,0
time
45.88
soc
76
f1,f2,first_soc,front
105.172,19.7265,100,0
time
41.8
soc
74
f1,f2,first_soc,front
106.864,17.793,100,0
time
43.16
soc
75
f1,f2,first_soc,front
106.358,18.3705,100,0
time
43.16
soc
74
f1,f2,first_soc,front
108.232,16.2272,100,0
time
45.88
soc
73
f1,f2,first_soc,front
112.538,11.7921,100,0
time
45.88,96.1474
soc
76,43
f1,f2,first_soc,front
106.358,18.3705,100,0
time
43.16
soc
74
f1,f2,first_soc,front
105.172,19.7265,100,0
time
41.8
soc
74
f1,f2,first_soc,front
109.389,14.9056,100,0
time
43.16
soc
80
f1,f2,first_soc,front
112.553,11.7747,100,0
time
45.88,73.067
soc
68,76
f1,f2,first_soc,front
112.618,11.7025,100,0
time
37.72,77.626
soc
75,62
f1,f2,first_soc,front
111.263,12.7622,100,0
time
45.88
soc
79
f1,f2,first_soc,front
110.757,13.3397,100,0
time
45.88
soc
78
f1,f2,first_soc,front
105.202,19.6922,100,0
time
45.88
soc
67
f1,f2,first_soc,front
105.707,19.1147,100,0
time
45.88
soc
68
f1,f2,first_soc,front
105.172,19.7265,100,0
time
41.8
soc
74
f1,f2,first_soc,front
112.553,11.7747,100,0
time
45.88,73.067
soc
68,76
f1,f2,first_soc,front
105.172,19.7265,100,0
time
41.8
soc
74
f1,f2,first_soc,front
112.538,11.7921,100,0
time
45.88,96.1474
soc
76,43
f1,f2,first_soc,front
112.896,11.563,100,0
time
45.88,95.8371
soc
70,39
f1,f2,first_soc,front
104.697,20.2697,100,0
time
45.88
soc
66
f1,f2,first_soc,front
104.697,20.2697,100,0
time
45.88
soc
66
f1,f2,first_soc,front
104.697,20.2697,100,0
time
45.88
soc
66
f1,f2,first_soc,front
104.697,20.2697,100,0
time
45.88
soc
66
f1,f2,first_soc,front
104.697,20.2697,100,0
time
45.88
soc
66
f1,f2,first_soc,front
104.697,20.2697,100,0
time
45.88
soc
66
f1,f2,first_soc,front
104.697,20.2697,100,0
time
45.88
soc
66
f1,f2,first_soc,front
104.697,20.2697,100,0
time
45.88
soc
66
f1,f2,first_soc,front
104.697,20.2697,100,0
time
45.88
soc
66
f1,f2,first_soc,front
104.697,20.2697,100,0
time
45.88
soc
66
f1,f2,first_soc,front
106.035,18.7383,100,0
time
44.52
soc
71
f1,f2,first_soc,front
104.697,20.2697,100,0
time
45.88
soc
66
f1,f2,first_soc,front
104.697,20.2697,100,0
time
45.88
soc
66
f1,f2,first_soc,front
104.697,20.2697,100,0
time
45.88
soc
66
f1,f2,first_soc,front
104.697,20.2697,100,0
time
45.88
soc
66
f1,f2,first_soc,front
104.697,20.2697,100,0
time
45.88
soc
66
f1,f2,first_soc,front
104.697,20.2697,100,0
time
45.88
soc
66
f1,f2,first_soc,front
104.697,20.2697,100,0
time
45.88
soc
66
f1,f2,first_soc,front
104.697,20.2697,100,0
time
45.88
soc
66
f1,f2,first_soc,front
104.697,20.2697,100,0
time
45.88
soc
66
f1,f2,first_soc,front
104.697,20.2697,100,0
time
45.88
soc
66
f1,f2,first_soc,front
104.697,20.2697,100,0
time
45.88
soc
66
f1,f2,first_soc,front
104.697,20.2697,100,0
time
45.88
soc
66
f1,f2,first_soc,front
104.697,20.2697,100,0
time
45.88
soc
66
f1,f2,first_soc,front
104.697,20.2697,100,0
time
45.88
soc
66
f1,f2,first_soc,front
104.697,20.2697,100,0
time
45.88
soc
66
f1,f2,first_soc,front
104.697,20.2697,100,0
time
45.88
soc
66
f1,f2,first_soc,front
104.697,20.2697,100,0
time
45.88
soc
66
f1,f2,first_soc,front
104.697,20.2697,100,0
time
45.88
soc
66
f1,f2,first_soc,front
104.697,20.2697,100,0
time
45.88
soc
66
f1,f2,first_soc,front
104.697,20.2697,100,0
time
45.88
soc
66
f1,f2,first_soc,front
104.697,20.2697,100,0
time
45.88
soc
66
f1,f2,first_soc,front
104.697,20.2697,100,0
time
45.88
soc
66
f1,f2,first_soc,front
104.697,20.2697,100,0
time
45.88
soc
66
f1,f2,first_soc,front
104.697,20.2697,100,0
time
45.88
soc
66
f1,f2,first_soc,front
104.697,20.2697,100,0
time
45.88
soc
66
f1,f2,first_soc,front
104.697,20.2697,100,0
time
45.88
soc
66
f1,f2,first_soc,front
104.697,20.2697,100,0
time
45.88
soc
66
f1,f2,first_soc,front
104.697,20.2697,100,0
time
45.88
soc
66
f1,f2,first_soc,front
104.697,20.2697,100,0
time
45.88
soc
66
f1,f2,first_soc,front
104.697,20.2697,100,0
time
45.88
soc
66
f1,f2,first_soc,front
104.697,20.2697,100,0
time
45.88
soc
66
f1,f2,first_soc,front
104.697,20.2697,100,0
time
45.88
soc
66
f1,f2,first_soc,front
104.697,20.2697,100,0
time
45.88
soc
66
f1,f2,first_soc,front
104.697,20.2697,100,0
time
45.88
soc
66
f1,f2,first_soc,front
104.015,21.0483,100,0
time
44.52
soc
67
f1,f2,first_soc,front
104.015,21.0483,100,0
time
44.52
soc
67
f1,f2,first_soc,front
104.015,21.0483,100,0
time
44.52
soc
67
f1,f2,first_soc,front
104.015,21.0483,100,0
time
44.52
soc
67
f1,f2,first_soc,front
104.015,21.0483,100,0
time
44.52
soc
67
f1,f2,first_soc,front
104.015,21.0483,100,0
time
44.52
soc
67
f1,f2,first_soc,front
104.015,21.0483,100,0
time
44.52
soc
67
f1,f2,first_soc,front
104.015,21.0483,100,0
time
44.52
soc
67
f1,f2,first_soc,front
104.015,21.0483,100,0
time
44.52
soc
67
f1,f2,first_soc,front
104.015,21.0483,100,0
time
44.52
soc
67
f1,f2,first_soc,front
104.015,21.0483,100,0
time
44.52
soc
67
f1,f2,first_soc,front
104.015,21.0483,100,0
time
44.52
soc
67
f1,f2,first_soc,front
104.015,21.0483,100,0
time
44.52
soc
67
f1,f2,first_soc,front
104.015,21.0483,100,0
time
44.52
soc
67
f1,f2,first_soc,front
104.015,21.0483,100,0
time
44.52
soc
67
f1,f2,first_soc,front
104.015,21.0483,100,0
time
44.52
soc
67
f1,f2,first_soc,front
104.015,21.0483,100,0
time
44.52
soc
67
f1,f2,first_soc,front
104.015,21.0483,100,0
time
44.52
soc
67
f1,f2,first_soc,front
104.015,21.0483,100,0
time
44.52
soc
67
f1,f2,first_soc,front
104.015,21.0483,100,0
time
44.52
soc
67
f1,f2,first_soc,front
104.015,21.0483,100,0
time
44.52
soc
67
f1,f2,first_soc,front
104.015,21.0483,100,0
time
44.52
soc
67
f1,f2,first_soc,front
104.015,21.0483,100,0
time
44.52
soc
67
f1,f2,first_soc,front
104.015,21.0483,100,0
time
44.52
soc
67
f1,f2,first_soc,front
104.015,21.0483,100,0
time
44.52
soc
67
f1,f2,first_soc,front
104.015,21.0483,100,0
time
44.52
soc
67
f1,f2,first_soc,front
104.015,21.0483,100,0
time
44.52
soc
67
f1,f2,first_soc,front
104.015,21.0483,100,0
time
44.52
soc
67
f1,f2,first_soc,front
104.015,21.0483,100,0
time
44.52
soc
67
f1,f2,first_soc,front
104.015,21.0483,100,0
time
44.52
soc
67
f1,f2,first_soc,front
104.015,21.0483,100,0
time
44.52
soc
67
f1,f2,first_soc,front
104.015,21.0483,100,0
time
44.52
soc
67
f1,f2,first_soc,front
104.015,21.0483,100,0
time
44.52
soc
67
f1,f2,first_soc,front
104.015,21.0483,100,0
time
44.52
soc
67
f1,f2,first_soc,front
104.015,21.0483,100,0
time
44.52
soc
67
f1,f2,first_soc,front
104.015,21.0483,100,0
time
44.52
soc
67
f1,f2,first_soc,front
104.015,21.0483,100,0
time
44.52
soc
67
f1,f2,first_soc,front
104.015,21.0483,100,0
time
44.52
soc
67
f1,f2,first_soc,front
104.697,20.2697,100,0
time
45.88
soc
66
f1,f2,first_soc,front
104.52,20.4708,100,0
time
44.52
soc
68
f1,f2,first_soc,front
104.52,20.4708,100,0
time
44.52
soc
68
f1,f2,first_soc,front
104.52,20.4708,100,0
time
44.52
soc
68
f1,f2,first_soc,front
104.697,20.2697,100,0
time
45.88
soc
66
f1,f2,first_soc,front
104.697,20.2697,100,0
time
45.88
soc
66
f1,f2,first_soc,front
104.697,20.2697,100,0
time
45.88
soc
66
f1,f2,first_soc,front
104.697,20.2697,100,0
time
45.88
soc
66
f1,f2,first_soc,front
104.697,20.2697,100,0
time
45.88
soc
66
第55世代
f1,f2,first_soc,front
104.015,21.0483,100,0
time
44.52
soc
67
f1,f2,first_soc,front
113.735,11.5601,100,0
time
44.52,96.3205
soc
76,43
f1,f2,first_soc,front
104.015,21.0483,100,0
time
44.52
soc
67
f1,f2,first_soc,front
111.768,12.1847,100,0
time
45.88
soc
80
f1,f2,first_soc,front
112.896,11.563,100,0
time
45.88,95.8371
soc
70,39
f1,f2,first_soc,front
113.735,11.5601,100,0
time
44.52,96.3205
soc
76,43
f1,f2,first_soc,front
105.53,19.3158,100,0
time
44.52
soc
70
f1,f2,first_soc,front
110.076,14.1184,100,0
time
44.52
soc
79
f1,f2,first_soc,front
110.581,13.5409,100,0
time
44.52
soc
80
f1,f2,first_soc,front
107.55,17.0059,100,0
time
44.52
soc
74
f1,f2,first_soc,front
104.52,20.4708,100,0
time
44.52
soc
68
f1,f2,first_soc,front
110.757,13.3397,100,0
time
45.88
soc
78
f1,f2,first_soc,front
112.391,11.9595,100,0
time
45.88,95.8371
soc
70,38
f1,f2,first_soc,front
104.015,21.0483,100,0
time
44.52
soc
67
f1,f2,first_soc,front
104.52,20.4708,100,0
time
44.52
soc
68
f1,f2,first_soc,front
111.755,12.6872,100,0
time
45.88,73.4565
soc
58,65
f1,f2,first_soc,front
111.25,13.2647,100,0
time
45.88,73.4565
soc
58,64
f1,f2,first_soc,front
108.055,16.4284,100,0
time
44.52
soc
75
f1,f2,first_soc,front
107.222,17.3822,100,0
time
45.88
soc
71
f1,f2,first_soc,front
106.035,18.7383,100,0
time
44.52
soc
71
f1,f2,first_soc,front
109.747,14.4947,100,0
time
45.88
soc
76
f1,f2,first_soc,front
107.727,16.8047,100,0
time
45.88
soc
72
f1,f2,first_soc,front
108.055,16.4284,100,0
time
44.52
soc
75
f1,f2,first_soc,front
105.025,19.8933,100,0
time
44.52
soc
69
f1,f2,first_soc,front
111.25,13.2647,100,0
time
45.88,73.4565
soc
58,64
f1,f2,first_soc,front
111.755,12.6872,100,0
time
45.88,73.9615
soc
59,65
f1,f2,first_soc,front
111.768,12.1847,100,0
time
45.88
soc
80
f1,f2,first_soc,front
111.263,12.7622,100,0
time
45.88
soc
79
f1,f2,first_soc,front
104.015,21.0483,100,0
time
44.52
soc
67
f1,f2,first_soc,front
111.263,12.7622,100,0
time
45.88
soc
79
f1,f2,first_soc,front
112.618,11.7025,100,0
time
37.72,77.626
soc
75,62
f1,f2,first_soc,front
105.202,19.6922,100,0
time
45.88
soc
67
f1,f2,first_soc,front
105.707,19.1147,100,0
time
45.88
soc
68
f1,f2,first_soc,front
109.389,14.9056,100,0
time
43.16
soc
80
f1,f2,first_soc,front
109.571,14.6959,100,0
time
44.52
soc
78
f1,f2,first_soc,front
108.379,16.0606,100,0
time
43.16
soc
78
f1,f2,first_soc,front
109.066,15.2734,100,0
time
44.52
soc
77
f1,f2,first_soc,front
107.045,17.5834,100,0
time
44.52
soc
73
f1,f2,first_soc,front
106.358,18.3705,100,0
time
43.16
soc
74
f1,f2,first_soc,front
106.54,18.1609,100,0
time
44.52
soc
72
f1,f2,first_soc,front
108.561,15.8509,100,0
time
44.52
soc
76
f1,f2,first_soc,front
107.727,16.8047,100,0
time
45.88
soc
72
f1,f2,first_soc,front
104.697,20.2697,100,0
time
45.88
soc
66
f1,f2,first_soc,front
110.252,13.9172,100,0
time
45.88
soc
77
f1,f2,first_soc,front
109.747,14.4947,100,0
time
45.88
soc
76
f1,f2,first_soc,front
106.035,18.7383,100,0
time
44.52
soc
71
f1,f2,first_soc,front
106.212,18.5372,100,0
time
45.88
soc
69
f1,f2,first_soc,front
110.581,13.5409,100,0
time
44.52
soc
80
f1,f2,first_soc,front
108.232,16.2272,100,0
time
45.88
soc
73
f1,f2,first_soc,front
109.571,14.6959,100,0
time
44.52
soc
78
f1,f2,first_soc,front
110.076,14.1184,100,0
time
44.52
soc
79
f1,f2,first_soc,front
106.54,18.1609,100,0
time
44.52
soc
72
f1,f2,first_soc,front
108.737,15.6497,100,0
time
45.88
soc
74
f1,f2,first_soc,front
106.717,17.9597,100,0
time
45.88
soc
70
f1,f2,first_soc,front
107.045,17.5834,100,0
time
44.52
soc
73
f1,f2,first_soc,front
107.55,17.0059,100,0
time
44.52
soc
74
f1,f2,first_soc,front
109.066,15.2734,100,0
time
44.52
soc
77
f1,f2,first_soc,front
112.391,11.9595,100,0
time
45.88,95.8371
soc
70,38
f1,f2,first_soc,front
105.707,19.1147,100,0
time
45.88
soc
68
f1,f2,first_soc,front
108.884,15.4831,100,0
time
43.16
soc
79
f1,f2,first_soc,front
106.864,17.793,100,0
time
43.16
soc
75
f1,f2,first_soc,front
109.242,15.0722,100,0
time
45.88
soc
75
f1,f2,first_soc,front
110.252,13.9172,100,0
time
45.88
soc
77
f1,f2,first_soc,front
105.025,19.8933,100,0
time
44.52
soc
69
f1,f2,first_soc,front
107.222,17.3822,100,0
time
45.88
soc
71
f1,f2,first_soc,front
105.202,19.6922,100,0
time
45.88
soc
67
f1,f2,first_soc,front
104.697,20.2697,100,0
time
45.88
soc
66
f1,f2,first_soc,front
112.538,11.7921,100,0
time
45.88,96.1474
soc
76,43
f1,f2,first_soc,front
105.677,19.149,100,0
time
41.8
soc
75
f1,f2,first_soc,front
105.53,19.3158,100,0
time
44.52
soc
70
f1,f2,first_soc,front
105.172,19.7265,100,0
time
41.8
soc
74
f1,f2,first_soc,front
106.212,18.5372,100,0
time
45.88
soc
69
f1,f2,first_soc,front
106.358,18.3705,100,0
time
43.16
soc
74
f1,f2,first_soc,front
106.717,17.9597,100,0
time
45.88
soc
70
f1,f2,first_soc,front
108.737,15.6497,100,0
time
45.88
soc
74
f1,f2,first_soc,front
108.379,16.0606,100,0
time
43.16
soc
78
f1,f2,first_soc,front
109.389,14.9056,100,0
time
43.16
soc
80
f1,f2,first_soc,front
108.232,16.2272,100,0
time
45.88
soc
73
f1,f2,first_soc,front
112.896,11.563,100,0
time
45.88,95.8371
soc
70,39
f1,f2,first_soc,front
108.884,15.4831,100,0
time
43.16
soc
79
f1,f2,first_soc,front
106.864,17.793,100,0
time
43.16
soc
75
f1,f2,first_soc,front
104.697,20.2697,100,0
time
45.88
soc
66
f1,f2,first_soc,front
110.252,13.9172,100,0
time
45.88
soc
77
f1,f2,first_soc,front
108.561,15.8509,100,0
time
44.52
soc
76
f1,f2,first_soc,front
107.222,17.3822,100,0
time
45.88
soc
71
f1,f2,first_soc,front
108.561,15.8509,100,0
time
44.52
soc
76
f1,f2,first_soc,front
107.727,16.8047,100,0
time
45.88
soc
72
f1,f2,first_soc,front
109.242,15.0722,100,0
time
45.88
soc
75
f1,f2,first_soc,front
104.52,20.4708,100,0
time
44.52
soc
68
f1,f2,first_soc,front
109.747,14.4947,100,0
time
45.88
soc
76
f1,f2,first_soc,front
104.697,20.2697,100,0
time
45.88
soc
66
f1,f2,first_soc,front
110.757,13.3397,100,0
time
45.88
soc
78
f1,f2,first_soc,front
110.252,13.9172,100,0
time
45.88
soc
77
f1,f2,first_soc,front
106.035,18.7383,100,0
time
44.52
soc
71
f1,f2,first_soc,front
112.391,11.9595,100,0
time
45.88,95.8371
soc
70,38
f1,f2,first_soc,front
105.025,19.8933,100,0
time
44.52
soc
69
f1,f2,first_soc,front
109.242,15.0722,100,0
time
45.88
soc
75
f1,f2,first_soc,front
106.864,17.793,100,0
time
43.16
soc
75
f1,f2,first_soc,front
108.884,15.4831,100,0
time
43.16
soc
79
f1,f2,first_soc,front
112.896,11.563,100,0
time
45.88,95.8371
soc
70,39
f1,f2,first_soc,front
112.618,11.7025,100,0
time
37.72,77.626
soc
75,62
f1,f2,first_soc,front
112.553,11.7747,100,0
time
45.88,73.067
soc
68,76
f1,f2,first_soc,front
112.553,11.7747,100,0
time
45.88,73.067
soc
68,76
f1,f2,first_soc,front
111.263,12.7622,100,0
time
45.88
soc
79
f1,f2,first_soc,front
110.757,13.3397,100,0
time
45.88
soc
78
f1,f2,first_soc,front
105.677,19.149,100,0
time
41.8
soc
75
f1,f2,first_soc,front
105.172,19.7265,100,0
time
41.8
soc
74
f1,f2,first_soc,front
105.202,19.6922,100,0
time
45.88
soc
67
f1,f2,first_soc,front
112.538,11.7921,100,0
time
45.88,96.1474
soc
76,43
f1,f2,first_soc,front
111.263,12.7622,100,0
time
45.88
soc
79
f1,f2,first_soc,front
104.697,20.2697,100,0
time
45.88
soc
66
f1,f2,first_soc,front
104.697,20.2697,100,0
time
45.88
soc
66
f1,f2,first_soc,front
104.697,20.2697,100,0
time
45.88
soc
66
f1,f2,first_soc,front
104.697,20.2697,100,0
time
45.88
soc
66
f1,f2,first_soc,front
104.697,20.2697,100,0
time
45.88
soc
66
f1,f2,first_soc,front
104.697,20.2697,100,0
time
45.88
soc
66
f1,f2,first_soc,front
104.697,20.2697,100,0
time
45.88
soc
66
f1,f2,first_soc,front
104.697,20.2697,100,0
time
45.88
soc
66
f1,f2,first_soc,front
104.697,20.2697,100,0
time
45.88
soc
66
f1,f2,first_soc,front
104.697,20.2697,100,0
time
45.88
soc
66
f1,f2,first_soc,front
104.697,20.2697,100,0
time
45.88
soc
66
f1,f2,first_soc,front
104.697,20.2697,100,0
time
45.88
soc
66
f1,f2,first_soc,front
104.697,20.2697,100,0
time
45.88
soc
66
f1,f2,first_soc,front
104.697,20.2697,100,0
time
45.88
soc
66
f1,f2,first_soc,front
104.697,20.2697,100,0
time
45.88
soc
66
f1,f2,first_soc,front
104.697,20.2697,100,0
time
45.88
soc
66
f1,f2,first_soc,front
104.697,20.2697,100,0
time
45.88
soc
66
f1,f2,first_soc,front
104.697,20.2697,100,0
time
45.88
soc
66
f1,f2,first_soc,front
104.697,20.2697,100,0
time
45.88
soc
66
f1,f2,first_soc,front
104.697,20.2697,100,0
time
45.88
soc
66
f1,f2,first_soc,front
104.697,20.2697,100,0
time
45.88
soc
66
f1,f2,first_soc,front
104.697,20.2697,100,0
time
45.88
soc
66
f1,f2,first_soc,front
104.697,20.2697,100,0
time
45.88
soc
66
f1,f2,first_soc,front
104.697,20.2697,100,0
time
45.88
soc
66
f1,f2,first_soc,front
104.697,20.2697,100,0
time
45.88
soc
66
f1,f2,first_soc,front
104.697,20.2697,100,0
time
45.88
soc
66
f1,f2,first_soc,front
104.697,20.2697,100,0
time
45.88
soc
66
f1,f2,first_soc,front
104.697,20.2697,100,0
time
45.88
soc
66
f1,f2,first_soc,front
104.697,20.2697,100,0
time
45.88
soc
66
f1,f2,first_soc,front
104.697,20.2697,100,0
time
45.88
soc
66
f1,f2,first_soc,front
104.697,20.2697,100,0
time
45.88
soc
66
f1,f2,first_soc,front
104.697,20.2697,100,0
time
45.88
soc
66
f1,f2,first_soc,front
104.697,20.2697,100,0
time
45.88
soc
66
f1,f2,first_soc,front
104.697,20.2697,100,0
time
45.88
soc
66
f1,f2,first_soc,front
104.697,20.2697,100,0
time
45.88
soc
66
f1,f2,first_soc,front
104.697,20.2697,100,0
time
45.88
soc
66
f1,f2,first_soc,front
104.697,20.2697,100,0
time
45.88
soc
66
f1,f2,first_soc,front
106.358,18.3705,100,0
time
43.16
soc
74
f1,f2,first_soc,front
104.697,20.2697,100,0
time
45.88
soc
66
f1,f2,first_soc,front
104.697,20.2697,100,0
time
45.88
soc
66
f1,f2,first_soc,front
104.697,20.2697,100,0
time
45.88
soc
66
f1,f2,first_soc,front
104.697,20.2697,100,0
time
45.88
soc
66
f1,f2,first_soc,front
104.015,21.0483,100,0
time
44.52
soc
67
f1,f2,first_soc,front
104.015,21.0483,100,0
time
44.52
soc
67
f1,f2,first_soc,front
104.015,21.0483,100,0
time
44.52
soc
67
f1,f2,first_soc,front
104.015,21.0483,100,0
time
44.52
soc
67
f1,f2,first_soc,front
104.015,21.0483,100,0
time
44.52
soc
67
f1,f2,first_soc,front
104.015,21.0483,100,0
time
44.52
soc
67
f1,f2,first_soc,front
104.015,21.0483,100,0
time
44.52
soc
67
f1,f2,first_soc,front
104.015,21.0483,100,0
time
44.52
soc
67
f1,f2,first_soc,front
104.015,21.0483,100,0
time
44.52
soc
67
f1,f2,first_soc,front
104.015,21.0483,100,0
time
44.52
soc
67
f1,f2,first_soc,front
104.015,21.0483,100,0
time
44.52
soc
67
f1,f2,first_soc,front
104.015,21.0483,100,0
time
44.52
soc
67
f1,f2,first_soc,front
104.015,21.0483,100,0
time
44.52
soc
67
f1,f2,first_soc,front
104.015,21.0483,100,0
time
44.52
soc
67
f1,f2,first_soc,front
104.015,21.0483,100,0
time
44.52
soc
67
f1,f2,first_soc,front
104.015,21.0483,100,0
time
44.52
soc
67
f1,f2,first_soc,front
104.015,21.0483,100,0
time
44.52
soc
67
f1,f2,first_soc,front
104.015,21.0483,100,0
time
44.52
soc
67
f1,f2,first_soc,front
104.015,21.0483,100,0
time
44.52
soc
67
f1,f2,first_soc,front
104.015,21.0483,100,0
time
44.52
soc
67
f1,f2,first_soc,front
104.015,21.0483,100,0
time
44.52
soc
67
f1,f2,first_soc,front
104.015,21.0483,100,0
time
44.52
soc
67
f1,f2,first_soc,front
104.015,21.0483,100,0
time
44.52
soc
67
f1,f2,first_soc,front
104.015,21.0483,100,0
time
44.52
soc
67
f1,f2,first_soc,front
104.015,21.0483,100,0
time
44.52
soc
67
f1,f2,first_soc,front
104.015,21.0483,100,0
time
44.52
soc
67
f1,f2,first_soc,front
104.015,21.0483,100,0
time
44.52
soc
67
f1,f2,first_soc,front
104.015,21.0483,100,0
time
44.52
soc
67
f1,f2,first_soc,front
104.015,21.0483,100,0
time
44.52
soc
67
f1,f2,first_soc,front
104.015,21.0483,100,0
time
44.52
soc
67
f1,f2,first_soc,front
104.015,21.0483,100,0
time
44.52
soc
67
f1,f2,first_soc,front
104.015,21.0483,100,0
time
44.52
soc
67
f1,f2,first_soc,front
104.015,21.0483,100,0
time
44.52
soc
67
f1,f2,first_soc,front
104.015,21.0483,100,0
time
44.52
soc
67
f1,f2,first_soc,front
104.015,21.0483,100,0
time
44.52
soc
67
f1,f2,first_soc,front
104.015,21.0483,100,0
time
44.52
soc
67
f1,f2,first_soc,front
104.015,21.0483,100,0
time
44.52
soc
67
f1,f2,first_soc,front
104.015,21.0483,100,0
time
44.52
soc
67
f1,f2,first_soc,front
104.697,20.2697,100,0
time
45.88
soc
66
f1,f2,first_soc,front
104.697,20.2697,100,0
time
45.88
soc
66
f1,f2,first_soc,front
104.697,20.2697,100,0
time
45.88
soc
66
f1,f2,first_soc,front
104.697,20.2697,100,0
time
45.88
soc
66
f1,f2,first_soc,front
104.697,20.2697,100,0
time
45.88
soc
66
f1,f2,first_soc,front
104.697,20.2697,100,0
time
45.88
soc
66
f1,f2,first_soc,front
104.697,20.2697,100,0
time
45.88
soc
66
f1,f2,first_soc,front
104.697,20.2697,100,0
time
45.88
soc
66
f1,f2,first_soc,front
104.697,20.2697,100,0
time
45.88
soc
66
f1,f2,first_soc,front
104.697,20.2697,100,0
time
45.88
soc
66
第56世代
f1,f2,first_soc,front
104.015,21.0483,100,0
time
44.52
soc
67
f1,f2,first_soc,front
104.015,21.0483,100,0
time
44.52
soc
67
f1,f2,first_soc,front
113.735,11.5601,100,0
time
44.52,96.3205
soc
76,43
f1,f2,first_soc,front
111.768,12.1847,100,0
time
45.88
soc
80
f1,f2,first_soc,front
111.263,12.7622,100,0
time
45.88
soc
79
f1,f2,first_soc,front
113.735,11.5601,100,0
time
44.52,96.3205
soc
76,43
f1,f2,first_soc,front
112.896,11.563,100,0
time
45.88,95.8371
soc
70,39
f1,f2,first_soc,front
105.025,19.8933,100,0
time
44.52
soc
69
f1,f2,first_soc,front
105.202,19.6922,100,0
time
45.88
soc
67
f1,f2,first_soc,front
107.874,16.6381,100,0
time
43.16
soc
77
f1,f2,first_soc,front
110.581,13.5409,100,0
time
44.52
soc
80
f1,f2,first_soc,front
110.076,14.1184,100,0
time
44.52
soc
79
f1,f2,first_soc,front
107.55,17.0059,100,0
time
44.52
soc
74
f1,f2,first_soc,front
105.707,19.1147,100,0
time
45.88
soc
68
f1,f2,first_soc,front
106.035,18.7383,100,0
time
44.52
soc
71
f1,f2,first_soc,front
104.52,20.4708,100,0
time
44.52
soc
68
f1,f2,first_soc,front
112.391,11.9595,100,0
time
45.88,95.8371
soc
70,38
f1,f2,first_soc,front
104.52,20.4708,100,0
time
44.52
soc
68
f1,f2,first_soc,front
104.015,21.0483,100,0
time
44.52
soc
67
f1,f2,first_soc,front
111.755,12.6872,100,0
time
45.88,73.9615
soc
59,65
f1,f2,first_soc,front
111.25,13.2647,100,0
time
45.88,73.4565
soc
58,64
f1,f2,first_soc,front
110.757,13.3397,100,0
time
45.88
soc
78
f1,f2,first_soc,front
109.747,14.4947,100,0
time
45.88
soc
76
f1,f2,first_soc,front
107.222,17.3822,100,0
time
45.88
soc
71
f1,f2,first_soc,front
111.25,13.2647,100,0
time
45.88,73.9615
soc
59,64
f1,f2,first_soc,front
111.755,12.6872,100,0
time
45.88,73.4565
soc
58,65
f1,f2,first_soc,front
104.015,21.0483,100,0
time
44.52
soc
67
f1,f2,first_soc,front
112.618,11.7025,100,0
time
37.72,77.626
soc
75,62
f1,f2,first_soc,front
112.896,11.563,100,0
time
45.88,95.8371
soc
70,39
f1,f2,first_soc,front
109.571,14.6959,100,0
time
44.52
soc
78
f1,f2,first_soc,front
109.389,14.9056,100,0
time
43.16
soc
80
f1,f2,first_soc,front
109.066,15.2734,100,0
time
44.52
soc
77
f1,f2,first_soc,front
108.884,15.4831,100,0
time
43.16
soc
79
f1,f2,first_soc,front
108.379,16.0606,100,0
time
43.16
soc
78
f1,f2,first_soc,front
108.055,16.4284,100,0
time
44.52
soc
75
f1,f2,first_soc,front
107.045,17.5834,100,0
time
44.52
soc
73
f1,f2,first_soc,front
106.864,17.793,100,0
time
43.16
soc
75
f1,f2,first_soc,front
106.54,18.1609,100,0
time
44.52
soc
72
f1,f2,first_soc,front
108.561,15.8509,100,0
time
44.52
soc
76
f1,f2,first_soc,front
104.697,20.2697,100,0
time
45.88
soc
66
f1,f2,first_soc,front
105.53,19.3158,100,0
time
44.52
soc
70
f1,f2,first_soc,front
110.252,13.9172,100,0
time
45.88
soc
77
f1,f2,first_soc,front
109.747,14.4947,100,0
time
45.88
soc
76
f1,f2,first_soc,front
107.222,17.3822,100,0
time
45.88
soc
71
f1,f2,first_soc,front
106.212,18.5372,100,0
time
45.88
soc
69
f1,f2,first_soc,front
106.035,18.7383,100,0
time
44.52
soc
71
f1,f2,first_soc,front
108.737,15.6497,100,0
time
45.88
soc
74
f1,f2,first_soc,front
107.045,17.5834,100,0
time
44.52
soc
73
f1,f2,first_soc,front
110.581,13.5409,100,0
time
44.52
soc
80
f1,f2,first_soc,front
109.571,14.6959,100,0
time
44.52
soc
78
f1,f2,first_soc,front
110.076,14.1184,100,0
time
44.52
soc
79
f1,f2,first_soc,front
106.54,18.1609,100,0
time
44.52
soc
72
f1,f2,first_soc,front
107.55,17.0059,100,0
time
44.52
soc
74
f1,f2,first_soc,front
109.242,15.0722,100,0
time
45.88
soc
75
f1,f2,first_soc,front
109.066,15.2734,100,0
time
44.52
soc
77
f1,f2,first_soc,front
108.055,16.4284,100,0
time
44.52
soc
75
f1,f2,first_soc,front
106.358,18.3705,100,0
time
43.16
soc
74
f1,f2,first_soc,front
108.232,16.2272,100,0
time
45.88
soc
73
f1,f2,first_soc,front
107.727,16.8047,100,0
time
45.88
soc
72
f1,f2,first_soc,front
106.717,17.9597,100,0
time
45.88
soc
70
f1,f2,first_soc,front
104.697,20.2697,100,0
time
45.88
soc
66
f1,f2,first_soc,front
110.252,13.9172,100,0
time
45.88
soc
77
f1,f2,first_soc,front
105.53,19.3158,100,0
time
44.52
soc
70
f1,f2,first_soc,front
112.538,11.7921,100,0
time
45.88,96.1474
soc
76,43
f1,f2,first_soc,front
112.391,11.9595,100,0
time
45.88,95.8371
soc
70,38
f1,f2,first_soc,front
105.53,19.3158,100,0
time
44.52
soc
70
f1,f2,first_soc,front
105.677,19.149,100,0
time
41.8
soc
75
f1,f2,first_soc,front
105.025,19.8933,100,0
time
44.52
soc
69
f1,f2,first_soc,front
106.212,18.5372,100,0
time
45.88
soc
69
f1,f2,first_soc,front
106.864,17.793,100,0
time
43.16
soc
75
f1,f2,first_soc,front
108.737,15.6497,100,0
time
45.88
soc
74
f1,f2,first_soc,front
108.379,16.0606,100,0
time
43.16
soc
78
f1,f2,first_soc,front
109.242,15.0722,100,0
time
45.88
soc
75
f1,f2,first_soc,front
111.768,12.1847,100,0
time
45.88
soc
80
f1,f2,first_soc,front
112.391,11.9595,100,0
time
45.88,95.8371
soc
70,38
f1,f2,first_soc,front
106.358,18.3705,100,0
time
43.16
soc
74
f1,f2,first_soc,front
108.561,15.8509,100,0
time
44.52
soc
76
f1,f2,first_soc,front
110.252,13.9172,100,0
time
45.88
soc
77
f1,f2,first_soc,front
110.757,13.3397,100,0
time
45.88
soc
78
f1,f2,first_soc,front
104.697,20.2697,100,0
time
45.88
soc
66
f1,f2,first_soc,front
108.561,15.8509,100,0
time
44.52
soc
76
f1,f2,first_soc,front
108.232,16.2272,100,0
time
45.88
soc
73
f1,f2,first_soc,front
107.727,16.8047,100,0
time
45.88
soc
72
f1,f2,first_soc,front
104.697,20.2697,100,0
time
45.88
soc
66
f1,f2,first_soc,front
107.222,17.3822,100,0
time
45.88
soc
71
f1,f2,first_soc,front
106.717,17.9597,100,0
time
45.88
soc
70
f1,f2,first_soc,front
104.52,20.4708,100,0
time
44.52
soc
68
f1,f2,first_soc,front
110.252,13.9172,100,0
time
45.88
soc
77
f1,f2,first_soc,front
109.747,14.4947,100,0
time
45.88
soc
76
f1,f2,first_soc,front
110.757,13.3397,100,0
time
45.88
soc
78
f1,f2,first_soc,front
105.172,19.7265,100,0
time
41.8
soc
74
f1,f2,first_soc,front
106.717,17.9597,100,0
time
45.88
soc
70
f1,f2,first_soc,front
108.884,15.4831,100,0
time
43.16
soc
79
f1,f2,first_soc,front
107.727,16.8047,100,0
time
45.88
soc
72
f1,f2,first_soc,front
108.232,16.2272,100,0
time
45.88
soc
73
f1,f2,first_soc,front
109.389,14.9056,100,0
time
43.16
soc
80
f1,f2,first_soc,front
106.358,18.3705,100,0
time
43.16
soc
74
f1,f2,first_soc,front
109.389,14.9056,100,0
time
43.16
soc
80
f1,f2,first_soc,front
105.172,19.7265,100,0
time
41.8
soc
74
f1,f2,first_soc,front
108.884,15.4831,100,0
time
43.16
soc
79
f1,f2,first_soc,front
112.553,11.7747,100,0
time
45.88,73.067
soc
68,76
f1,f2,first_soc,front
111.263,12.7622,100,0
time
45.88
soc
79
f1,f2,first_soc,front
112.618,11.7025,100,0
time
37.72,77.626
soc
75,62
f1,f2,first_soc,front
112.618,11.7025,100,0
time
37.72,77.626
soc
75,62
f1,f2,first_soc,front
105.172,19.7265,100,0
time
41.8
soc
74
f1,f2,first_soc,front
105.707,19.1147,100,0
time
45.88
soc
68
f1,f2,first_soc,front
105.677,19.149,100,0
time
41.8
soc
75
f1,f2,first_soc,front
105.202,19.6922,100,0
time
45.88
soc
67
f1,f2,first_soc,front
112.553,11.7747,100,0
time
45.88,73.067
soc
68,76
f1,f2,first_soc,front
112.538,11.7921,100,0
time
45.88,96.1474
soc
76,43
f1,f2,first_soc,front
111.263,12.7622,100,0
time
45.88
soc
79
f1,f2,first_soc,front
104.697,20.2697,100,0
time
45.88
soc
66
f1,f2,first_soc,front
104.697,20.2697,100,0
time
45.88
soc
66
f1,f2,first_soc,front
104.697,20.2697,100,0
time
45.88
soc
66
f1,f2,first_soc,front
104.697,20.2697,100,0
time
45.88
soc
66
f1,f2,first_soc,front
104.697,20.2697,100,0
time
45.88
soc
66
f1,f2,first_soc,front
104.697,20.2697,100,0
time
45.88
soc
66
f1,f2,first_soc,front
104.697,20.2697,100,0
time
45.88
soc
66
f1,f2,first_soc,front
104.697,20.2697,100,0
time
45.88
soc
66
f1,f2,first_soc,front
104.697,20.2697,100,0
time
45.88
soc
66
f1,f2,first_soc,front
104.697,20.2697,100,0
time
45.88
soc
66
f1,f2,first_soc,front
104.697,20.2697,100,0
time
45.88
soc
66
f1,f2,first_soc,front
104.697,20.2697,100,0
time
45.88
soc
66
f1,f2,first_soc,front
104.697,20.2697,100,0
time
45.88
soc
66
f1,f2,first_soc,front
104.697,20.2697,100,0
time
45.88
soc
66
f1,f2,first_soc,front
104.697,20.2697,100,0
time
45.88
soc
66
f1,f2,first_soc,front
104.697,20.2697,100,0
time
45.88
soc
66
f1,f2,first_soc,front
104.697,20.2697,100,0
time
45.88
soc
66
f1,f2,first_soc,front
106.035,18.7383,100,0
time
44.52
soc
71
f1,f2,first_soc,front
104.697,20.2697,100,0
time
45.88
soc
66
f1,f2,first_soc,front
104.697,20.2697,100,0
time
45.88
soc
66
f1,f2,first_soc,front
104.697,20.2697,100,0
time
45.88
soc
66
f1,f2,first_soc,front
104.697,20.2697,100,0
time
45.88
soc
66
f1,f2,first_soc,front
104.697,20.2697,100,0
time
45.88
soc
66
f1,f2,first_soc,front
104.697,20.2697,100,0
time
45.88
soc
66
f1,f2,first_soc,front
104.697,20.2697,100,0
time
45.88
soc
66
f1,f2,first_soc,front
104.697,20.2697,100,0
time
45.88
soc
66
f1,f2,first_soc,front
104.697,20.2697,100,0
time
45.88
soc
66
f1,f2,first_soc,front
104.697,20.2697,100,0
time
45.88
soc
66
f1,f2,first_soc,front
104.697,20.2697,100,0
time
45.88
soc
66
f1,f2,first_soc,front
104.697,20.2697,100,0
time
45.88
soc
66
f1,f2,first_soc,front
104.697,20.2697,100,0
time
45.88
soc
66
f1,f2,first_soc,front
104.697,20.2697,100,0
time
45.88
soc
66
f1,f2,first_soc,front
104.697,20.2697,100,0
time
45.88
soc
66
f1,f2,first_soc,front
104.697,20.2697,100,0
time
45.88
soc
66
f1,f2,first_soc,front
104.697,20.2697,100,0
time
45.88
soc
66
f1,f2,first_soc,front
104.697,20.2697,100,0
time
45.88
soc
66
f1,f2,first_soc,front
104.697,20.2697,100,0
time
45.88
soc
66
f1,f2,first_soc,front
104.697,20.2697,100,0
time
45.88
soc
66
f1,f2,first_soc,front
104.697,20.2697,100,0
time
45.88
soc
66
f1,f2,first_soc,front
104.697,20.2697,100,0
time
45.88
soc
66
f1,f2,first_soc,front
104.697,20.2697,100,0
time
45.88
soc
66
f1,f2,first_soc,front
104.697,20.2697,100,0
time
45.88
soc
66
f1,f2,first_soc,front
104.697,20.2697,100,0
time
45.88
soc
66
f1,f2,first_soc,front
104.697,20.2697,100,0
time
45.88
soc
66
f1,f2,first_soc,front
104.697,20.2697,100,0
time
45.88
soc
66
f1,f2,first_soc,front
104.015,21.0483,100,0
time
44.52
soc
67
f1,f2,first_soc,front
104.015,21.0483,100,0
time
44.52
soc
67
f1,f2,first_soc,front
104.015,21.0483,100,0
time
44.52
soc
67
f1,f2,first_soc,front
104.015,21.0483,100,0
time
44.52
soc
67
f1,f2,first_soc,front
104.015,21.0483,100,0
time
44.52
soc
67
f1,f2,first_soc,front
104.015,21.0483,100,0
time
44.52
soc
67
f1,f2,first_soc,front
104.015,21.0483,100,0
time
44.52
soc
67
f1,f2,first_soc,front
104.015,21.0483,100,0
time
44.52
soc
67
f1,f2,first_soc,front
104.015,21.0483,100,0
time
44.52
soc
67
f1,f2,first_soc,front
104.015,21.0483,100,0
time
44.52
soc
67
f1,f2,first_soc,front
104.015,21.0483,100,0
time
44.52
soc
67
f1,f2,first_soc,front
104.015,21.0483,100,0
time
44.52
soc
67
f1,f2,first_soc,front
104.015,21.0483,100,0
time
44.52
soc
67
f1,f2,first_soc,front
104.015,21.0483,100,0
time
44.52
soc
67
f1,f2,first_soc,front
104.015,21.0483,100,0
time
44.52
soc
67
f1,f2,first_soc,front
104.015,21.0483,100,0
time
44.52
soc
67
f1,f2,first_soc,front
104.015,21.0483,100,0
time
44.52
soc
67
f1,f2,first_soc,front
104.015,21.0483,100,0
time
44.52
soc
67
f1,f2,first_soc,front
104.015,21.0483,100,0
time
44.52
soc
67
f1,f2,first_soc,front
104.015,21.0483,100,0
time
44.52
soc
67
f1,f2,first_soc,front
104.015,21.0483,100,0
time
44.52
soc
67
f1,f2,first_soc,front
104.015,21.0483,100,0
time
44.52
soc
67
f1,f2,first_soc,front
104.015,21.0483,100,0
time
44.52
soc
67
f1,f2,first_soc,front
104.015,21.0483,100,0
time
44.52
soc
67
f1,f2,first_soc,front
104.015,21.0483,100,0
time
44.52
soc
67
f1,f2,first_soc,front
104.015,21.0483,100,0
time
44.52
soc
67
f1,f2,first_soc,front
104.015,21.0483,100,0
time
44.52
soc
67
f1,f2,first_soc,front
104.015,21.0483,100,0
time
44.52
soc
67
f1,f2,first_soc,front
104.015,21.0483,100,0
time
44.52
soc
67
f1,f2,first_soc,front
104.015,21.0483,100,0
time
44.52
soc
67
f1,f2,first_soc,front
104.015,21.0483,100,0
time
44.52
soc
67
f1,f2,first_soc,front
104.015,21.0483,100,0
time
44.52
soc
67
f1,f2,first_soc,front
104.015,21.0483,100,0
time
44.52
soc
67
f1,f2,first_soc,front
104.015,21.0483,100,0
time
44.52
soc
67
f1,f2,first_soc,front
104.015,21.0483,100,0
time
44.52
soc
67
f1,f2,first_soc,front
104.015,21.0483,100,0
time
44.52
soc
67
f1,f2,first_soc,front
104.015,21.0483,100,0
time
44.52
soc
67
f1,f2,first_soc,front
104.697,20.2697,100,0
time
45.88
soc
66
f1,f2,first_soc,front
104.697,20.2697,100,0
time
45.88
soc
66
f1,f2,first_soc,front
104.697,20.2697,100,0
time
45.88
soc
66
f1,f2,first_soc,front
104.697,20.2697,100,0
time
45.88
soc
66
f1,f2,first_soc,front
104.697,20.2697,100,0
time
45.88
soc
66
f1,f2,first_soc,front
104.697,20.2697,100,0
time
45.88
soc
66
f1,f2,first_soc,front
104.697,20.2697,100,0
time
45.88
soc
66
第57世代
f1,f2,first_soc,front
104.015,21.0483,100,0
time
44.52
soc
67
f1,f2,first_soc,front
113.735,11.5601,100,0
time
44.52,96.3205
soc
76,43
f1,f2,first_soc,front
104.015,21.0483,100,0
time
44.52
soc
67
f1,f2,first_soc,front
111.768,12.1847,100,0
time
45.88
soc
80
f1,f2,first_soc,front
113.735,11.5601,100,0
time
44.52,96.3205
soc
76,43
f1,f2,first_soc,front
112.896,11.563,100,0
time
45.88,95.8371
soc
70,39
f1,f2,first_soc,front
112.391,11.9595,100,0
time
45.88,95.8371
soc
70,38
f1,f2,first_soc,front
104.52,20.4708,100,0
time
44.52
soc
68
f1,f2,first_soc,front
105.202,19.6922,100,0
time
45.88
soc
67
f1,f2,first_soc,front
105.53,19.3158,100,0
time
44.52
soc
70
f1,f2,first_soc,front
110.581,13.5409,100,0
time
44.52
soc
80
f1,f2,first_soc,front
110.076,14.1184,100,0
time
44.52
soc
79
f1,f2,first_soc,front
109.747,14.4947,100,0
time
45.88
soc
76
f1,f2,first_soc,front
107.55,17.0059,100,0
time
44.52
soc
74
f1,f2,first_soc,front
106.035,18.7383,100,0
time
44.52
soc
71
f1,f2,first_soc,front
104.52,20.4708,100,0
time
44.52
soc
68
f1,f2,first_soc,front
110.757,13.3397,100,0
time
45.88
soc
78
f1,f2,first_soc,front
104.015,21.0483,100,0
time
44.52
soc
67
f1,f2,first_soc,front
111.755,12.6872,100,0
time
45.88,73.4565
soc
58,65
f1,f2,first_soc,front
111.25,13.2647,100,0
time
45.88,73.9615
soc
59,64
f1,f2,first_soc,front
110.252,13.9172,100,0
time
45.88
soc
77
f1,f2,first_soc,front
105.025,19.8933,100,0
time
44.52
soc
69
f1,f2,first_soc,front
111.25,13.2647,100,0
time
45.88,73.9615
soc
59,64
f1,f2,first_soc,front
111.755,12.6872,100,0
time
45.88,73.9615
soc
59,65
f1,f2,first_soc,front
111.768,12.1847,100,0
time
45.88
soc
80
f1,f2,first_soc,front
111.263,12.7622,100,0
time
45.88
soc
79
f1,f2,first_soc,front
104.015,21.0483,100,0
time
44.52
soc
67
f1,f2,first_soc,front
111.263,12.7622,100,0
time
45.88
soc
79
f1,f2,first_soc,front
112.896,11.563,100,0
time
45.88,95.8371
soc
70,39
f1,f2,first_soc,front
109.389,14.9056,100,0
time
43.16
soc
80
f1,f2,first_soc,front
108.561,15.8509,100,0
time
44.52
soc
76
f1,f2,first_soc,front
109.066,15.2734,100,0
time
44.52
soc
77
f1,f2,first_soc,front
108.379,16.0606,100,0
time
43.16
soc
78
f1,f2,first_soc,front
108.055,16.4284,100,0
time
44.52
soc
75
f1,f2,first_soc,front
107.874,16.6381,100,0
time
43.16
soc
77
f1,f2,first_soc,front
106.864,17.793,100,0
time
43.16
soc
75
f1,f2,first_soc,front
106.54,18.1609,100,0
time
44.52
soc
72
f1,f2,first_soc,front
109.571,14.6959,100,0
time
44.52
soc
78
f1,f2,first_soc,front
107.045,17.5834,100,0
time
44.52
soc
73
f1,f2,first_soc,front
107.045,17.5834,100,0
time
44.52
soc
73
f1,f2,first_soc,front
104.697,20.2697,100,0
time
45.88
soc
66
f1,f2,first_soc,front
105.707,19.1147,100,0
time
45.88
soc
68
f1,f2,first_soc,front
107.222,17.3822,100,0
time
45.88
soc
71
f1,f2,first_soc,front
106.035,18.7383,100,0
time
44.52
soc
71
f1,f2,first_soc,front
106.212,18.5372,100,0
time
45.88
soc
69
f1,f2,first_soc,front
110.076,14.1184,100,0
time
44.52
soc
79
f1,f2,first_soc,front
106.717,17.9597,100,0
time
45.88
soc
70
f1,f2,first_soc,front
109.066,15.2734,100,0
time
44.52
soc
77
f1,f2,first_soc,front
108.561,15.8509,100,0
time
44.52
soc
76
f1,f2,first_soc,front
110.581,13.5409,100,0
time
44.52
soc
80
f1,f2,first_soc,front
108.055,16.4284,100,0
time
44.52
soc
75
f1,f2,first_soc,front
107.55,17.0059,100,0
time
44.52
soc
74
f1,f2,first_soc,front
106.54,18.1609,100,0
time
44.52
soc
72
f1,f2,first_soc,front
112.391,11.9595,100,0
time
45.88,95.8371
soc
70,38
f1,f2,first_soc,front
105.707,19.1147,100,0
time
45.88
soc
68
f1,f2,first_soc,front
108.884,15.4831,100,0
time
43.16
soc
79
f1,f2,first_soc,front
106.358,18.3705,100,0
time
43.16
soc
74
f1,f2,first_soc,front
109.242,15.0722,100,0
time
45.88
soc
75
f1,f2,first_soc,front
108.737,15.6497,100,0
time
45.88
soc
74
f1,f2,first_soc,front
107.727,16.8047,100,0
time
45.88
soc
72
f1,f2,first_soc,front
112.618,11.7025,100,0
time
37.72,77.626
soc
75,62
f1,f2,first_soc,front
108.737,15.6497,100,0
time
45.88
soc
74
f1,f2,first_soc,front
108.232,16.2272,100,0
time
45.88
soc
73
f1,f2,first_soc,front
107.222,17.3822,100,0
time
45.88
soc
71
f1,f2,first_soc,front
104.697,20.2697,100,0
time
45.88
soc
66
f1,f2,first_soc,front
105.025,19.8933,100,0
time
44.52
soc
69
f1,f2,first_soc,front
110.252,13.9172,100,0
time
45.88
soc
77
f1,f2,first_soc,front
105.677,19.149,100,0
time
41.8
soc
75
f1,f2,first_soc,front
105.53,19.3158,100,0
time
44.52
soc
70
f1,f2,first_soc,front
105.172,19.7265,100,0
time
41.8
soc
74
f1,f2,first_soc,front
106.212,18.5372,100,0
time
45.88
soc
69
f1,f2,first_soc,front
106.717,17.9597,100,0
time
45.88
soc
70
f1,f2,first_soc,front
106.864,17.793,100,0
time
43.16
soc
75
f1,f2,first_soc,front
107.874,16.6381,100,0
time
43.16
soc
77
f1,f2,first_soc,front
108.379,16.0606,100,0
time
43.16
soc
78
f1,f2,first_soc,front
109.389,14.9056,100,0
time
43.16
soc
80
f1,f2,first_soc,front
108.884,15.4831,100,0
time
43.16
soc
79
f1,f2,first_soc,front
106.358,18.3705,100,0
time
43.16
soc
74
f1,f2,first_soc,front
108.232,16.2272,100,0
time
45.88
soc
73
f1,f2,first_soc,front
104.697,20.2697,100,0
time
45.88
soc
66
f1,f2,first_soc,front
110.252,13.9172,100,0
time
45.88
soc
77
f1,f2,first_soc,front
107.222,17.3822,100,0
time
45.88
soc
71
f1,f2,first_soc,front
109.747,14.4947,100,0
time
45.88
soc
76
f1,f2,first_soc,front
109.571,14.6959,100,0
time
44.52
soc
78
f1,f2,first_soc,front
112.538,11.7921,100,0
time
45.88,96.1474
soc
76,43
f1,f2,first_soc,front
109.571,14.6959,100,0
time
44.52
soc
78
f1,f2,first_soc,front
107.727,16.8047,100,0
time
45.88
soc
72
f1,f2,first_soc,front
107.222,17.3822,100,0
time
45.88
soc
71
f1,f2,first_soc,front
104.697,20.2697,100,0
time
45.88
soc
66
f1,f2,first_soc,front
109.242,15.0722,100,0
time
45.88
soc
75
f1,f2,first_soc,front
110.757,13.3397,100,0
time
45.88
soc
78
f1,f2,first_soc,front
109.747,14.4947,100,0
time
45.88
soc
76
f1,f2,first_soc,front
105.025,19.8933,100,0
time
44.52
soc
69
f1,f2,first_soc,front
107.727,16.8047,100,0
time
45.88
soc
72
f1,f2,first_soc,front
109.242,15.0722,100,0
time
45.88
soc
75
f1,f2,first_soc,front
112.538,11.7921,100,0
time
45.88,96.1474
soc
76,43
f1,f2,first_soc,front
106.358,18.3705,100,0
time
43.16
soc
74
f1,f2,first_soc,front
108.232,16.2272,100,0
time
45.88
soc
73
f1,f2,first_soc,front
108.884,15.4831,100,0
time
43.16
soc
79
f1,f2,first_soc,front
112.618,11.7025,100,0
time
37.72,77.626
soc
75,62
f1,f2,first_soc,front
112.553,11.7747,100,0
time
45.88,73.067
soc
68,76
f1,f2,first_soc,front
111.263,12.7622,100,0
time
45.88
soc
79
f1,f2,first_soc,front
110.757,13.3397,100,0
time
45.88
soc
78
f1,f2,first_soc,front
112.618,11.7025,100,0
time
37.72,77.626
soc
75,62
f1,f2,first_soc,front
105.172,19.7265,100,0
time
41.8
soc
74
f1,f2,first_soc,front
105.677,19.149,100,0
time
41.8
soc
75
f1,f2,first_soc,front
105.202,19.6922,100,0
time
45.88
soc
67
f1,f2,first_soc,front
112.553,11.7747,100,0
time
45.88,73.067
soc
68,76
f1,f2,first_soc,front
105.202,19.6922,100,0
time
45.88
soc
67
f1,f2,first_soc,front
105.707,19.1147,100,0
time
45.88
soc
68
f1,f2,first_soc,front
112.538,11.7921,100,0
time
45.88,96.1474
soc
76,43
f1,f2,first_soc,front
111.263,12.7622,100,0
time
45.88
soc
79
f1,f2,first_soc,front
104.697,20.2697,100,0
time
45.88
soc
66
f1,f2,first_soc,front
104.697,20.2697,100,0
time
45.88
soc
66
f1,f2,first_soc,front
104.697,20.2697,100,0
time
45.88
soc
66
f1,f2,first_soc,front
104.697,20.2697,100,0
time
45.88
soc
66
f1,f2,first_soc,front
104.697,20.2697,100,0
time
45.88
soc
66
f1,f2,first_soc,front
104.697,20.2697,100,0
time
45.88
soc
66
f1,f2,first_soc,front
104.015,21.0483,100,0
time
44.52
soc
67
f1,f2,first_soc,front
104.015,21.0483,100,0
time
44.52
soc
67
f1,f2,first_soc,front
104.697,20.2697,100,0
time
45.88
soc
66
f1,f2,first_soc,front
104.697,20.2697,100,0
time
45.88
soc
66
f1,f2,first_soc,front
104.697,20.2697,100,0
time
45.88
soc
66
f1,f2,first_soc,front
104.697,20.2697,100,0
time
45.88
soc
66
f1,f2,first_soc,front
104.015,21.0483,100,0
time
44.52
soc
67
f1,f2,first_soc,front
104.697,20.2697,100,0
time
45.88
soc
66
f1,f2,first_soc,front
104.697,20.2697,100,0
time
45.88
soc
66
f1,f2,first_soc,front
104.697,20.2697,100,0
time
45.88
soc
66
f1,f2,first_soc,front
104.697,20.2697,100,0
time
45.88
soc
66
f1,f2,first_soc,front
104.697,20.2697,100,0
time
45.88
soc
66
f1,f2,first_soc,front
104.697,20.2697,100,0
time
45.88
soc
66
f1,f2,first_soc,front
104.015,21.0483,100,0
time
44.52
soc
67
f1,f2,first_soc,front
104.697,20.2697,100,0
time
45.88
soc
66
f1,f2,first_soc,front
104.697,20.2697,100,0
time
45.88
soc
66
f1,f2,first_soc,front
104.697,20.2697,100,0
time
45.88
soc
66
f1,f2,first_soc,front
104.697,20.2697,100,0
time
45.88
soc
66
f1,f2,first_soc,front
104.697,20.2697,100,0
time
45.88
soc
66
f1,f2,first_soc,front
104.697,20.2697,100,0
time
45.88
soc
66
f1,f2,first_soc,front
104.697,20.2697,100,0
time
45.88
soc
66
f1,f2,first_soc,front
104.697,20.2697,100,0
time
45.88
soc
66
f1,f2,first_soc,front
104.697,20.2697,100,0
time
45.88
soc
66
f1,f2,first_soc,front
104.697,20.2697,100,0
time
45.88
soc
66
f1,f2,first_soc,front
104.697,20.2697,100,0
time
45.88
soc
66
f1,f2,first_soc,front
104.697,20.2697,100,0
time
45.88
soc
66
f1,f2,first_soc,front
104.697,20.2697,100,0
time
45.88
soc
66
f1,f2,first_soc,front
104.697,20.2697,100,0
time
45.88
soc
66
f1,f2,first_soc,front
113.735,11.5601,100,0
time
44.52,96.3205
soc
76,43
f1,f2,first_soc,front
104.697,20.2697,100,0
time
45.88
soc
66
f1,f2,first_soc,front
104.015,21.0483,100,0
time
44.52
soc
67
f1,f2,first_soc,front
104.697,20.2697,100,0
time
45.88
soc
66
f1,f2,first_soc,front
104.697,20.2697,100,0
time
45.88
soc
66
f1,f2,first_soc,front
104.015,21.0483,100,0
time
44.52
soc
67
f1,f2,first_soc,front
104.697,20.2697,100,0
time
45.88
soc
66
f1,f2,first_soc,front
104.697,20.2697,100,0
time
45.88
soc
66
f1,f2,first_soc,front
104.697,20.2697,100,0
time
45.88
soc
66
f1,f2,first_soc,front
104.697,20.2697,100,0
time
45.88
soc
66
f1,f2,first_soc,front
104.697,20.2697,100,0
time
45.88
soc
66
f1,f2,first_soc,front
104.015,21.0483,100,0
time
44.52
soc
67
f1,f2,first_soc,front
104.015,21.0483,100,0
time
44.52
soc
67
f1,f2,first_soc,front
104.015,21.0483,100,0
time
44.52
soc
67
f1,f2,first_soc,front
104.697,20.2697,100,0
time
45.88
soc
66
f1,f2,first_soc,front
104.015,21.0483,100,0
time
44.52
soc
67
f1,f2,first_soc,front
104.697,20.2697,100,0
time
45.88
soc
66
f1,f2,first_soc,front
104.697,20.2697,100,0
time
45.88
soc
66
f1,f2,first_soc,front
104.697,20.2697,100,0
time
45.88
soc
66
f1,f2,first_soc,front
104.697,20.2697,100,0
time
45.88
soc
66
f1,f2,first_soc,front
104.015,21.0483,100,0
time
44.52
soc
67
f1,f2,first_soc,front
104.015,21.0483,100,0
time
44.52
soc
67
f1,f2,first_soc,front
104.015,21.0483,100,0
time
44.52
soc
67
f1,f2,first_soc,front
104.015,21.0483,100,0
time
44.52
soc
67
f1,f2,first_soc,front
104.015,21.0483,100,0
time
44.52
soc
67
f1,f2,first_soc,front
104.015,21.0483,100,0
time
44.52
soc
67
f1,f2,first_soc,front
104.015,21.0483,100,0
time
44.52
soc
67
f1,f2,first_soc,front
104.015,21.0483,100,0
time
44.52
soc
67
f1,f2,first_soc,front
104.015,21.0483,100,0
time
44.52
soc
67
f1,f2,first_soc,front
104.015,21.0483,100,0
time
44.52
soc
67
f1,f2,first_soc,front
104.015,21.0483,100,0
time
44.52
soc
67
f1,f2,first_soc,front
104.015,21.0483,100,0
time
44.52
soc
67
f1,f2,first_soc,front
104.015,21.0483,100,0
time
44.52
soc
67
f1,f2,first_soc,front
113.735,11.5601,100,0
time
44.52,96.8256
soc
77,43
f1,f2,first_soc,front
112.896,11.563,100,0
time
45.88,95.8371
soc
70,39
f1,f2,first_soc,front
104.52,20.4708,100,0
time
44.52
soc
68
f1,f2,first_soc,front
104.52,20.4708,100,0
time
44.52
soc
68
f1,f2,first_soc,front
113.735,11.5601,100,0
time
44.52,96.3205
soc
76,43
f1,f2,first_soc,front
104.015,21.0483,100,0
time
44.52
soc
67
f1,f2,first_soc,front
104.015,21.0483,100,0
time
44.52
soc
67
f1,f2,first_soc,front
104.015,21.0483,100,0
time
44.52
soc
67
f1,f2,first_soc,front
104.015,21.0483,100,0
time
44.52
soc
67
f1,f2,first_soc,front
104.015,21.0483,100,0
time
44.52
soc
67
f1,f2,first_soc,front
104.015,21.0483,100,0
time
44.52
soc
67
f1,f2,first_soc,front
104.015,21.0483,100,0
time
44.52
soc
67
f1,f2,first_soc,front
104.015,21.0483,100,0
time
44.52
soc
67
f1,f2,first_soc,front
112.896,11.563,100,0
time
45.88,95.8371
soc
70,39
f1,f2,first_soc,front
104.015,21.0483,100,0
time
44.52
soc
67
f1,f2,first_soc,front
113.735,11.5601,100,0
time
44.52,96.3205
soc
76,43
f1,f2,first_soc,front
104.015,21.0483,100,0
time
44.52
soc
67
f1,f2,first_soc,front
104.015,21.0483,100,0
time
44.52
soc
67
f1,f2,first_soc,front
104.015,21.0483,100,0
time
44.52
soc
67
f1,f2,first_soc,front
104.015,21.0483,100,0
time
44.52
soc
67
f1,f2,first_soc,front
104.015,21.0483,100,0
time
44.52
soc
67
第58世代
f1,f2,first_soc,front
104.015,21.0483,100,0
time
44.52
soc
67
f1,f2,first_soc,front
104.015,21.0483,100,0
time
44.52
soc
67
f1,f2,first_soc,front
113.735,11.5601,100,0
time
44.52,96.3205
soc
76,43
f1,f2,first_soc,front
112.896,11.563,100,0
time
45.88,95.8371
soc
70,39
f1,f2,first_soc,front
111.768,12.1847,100,0
time
45.88
soc
80
f1,f2,first_soc,front
113.735,11.5601,100,0
time
44.52,96.3205
soc
76,43
f1,f2,first_soc,front
105.025,19.8933,100,0
time
44.52
soc
69
f1,f2,first_soc,front
105.202,19.6922,100,0
time
45.88
soc
67
f1,f2,first_soc,front
110.076,14.1184,100,0
time
44.52
soc
79
f1,f2,first_soc,front
110.252,13.9172,100,0
time
45.88
soc
77
f1,f2,first_soc,front
110.581,13.5409,100,0
time
44.52
soc
80
f1,f2,first_soc,front
105.707,19.1147,100,0
time
45.88
soc
68
f1,f2,first_soc,front
107.222,17.3822,100,0
time
45.88
soc
71
f1,f2,first_soc,front
107.55,17.0059,100,0
time
44.52
soc
74
f1,f2,first_soc,front
104.52,20.4708,100,0
time
44.52
soc
68
f1,f2,first_soc,front
112.391,11.9595,100,0
time
45.88,95.8371
soc
70,38
f1,f2,first_soc,front
104.52,20.4708,100,0
time
44.52
soc
68
f1,f2,first_soc,front
104.015,21.0483,100,0
time
44.52
soc
67
f1,f2,first_soc,front
111.263,12.7622,100,0
time
45.88
soc
79
f1,f2,first_soc,front
111.25,13.2647,100,0
time
45.88,74.4666
soc
60,64
f1,f2,first_soc,front
110.757,13.3397,100,0
time
45.88
soc
78
f1,f2,first_soc,front
106.035,18.7383,100,0
time
44.52
soc
71
f1,f2,first_soc,front
109.747,14.4947,100,0
time
45.88
soc
76
f1,f2,first_soc,front
111.25,13.2647,100,0
time
45.88,73.9615
soc
59,64
f1,f2,first_soc,front
111.263,12.7622,100,0
time
45.88
soc
79
f1,f2,first_soc,front
111.768,12.1847,100,0
time
45.88
soc
80
f1,f2,first_soc,front
111.755,12.6872,100,0
time
45.88,73.4565
soc
58,65
f1,f2,first_soc,front
104.015,21.0483,100,0
time
44.52
soc
67
f1,f2,first_soc,front
111.755,12.6872,100,0
time
45.88,73.9615
soc
59,65
f1,f2,first_soc,front
109.389,14.9056,100,0
time
43.16
soc
80
f1,f2,first_soc,front
108.055,16.4284,100,0
time
44.52
soc
75
f1,f2,first_soc,front
107.874,16.6381,100,0
time
43.16
soc
77
f1,f2,first_soc,front
107.045,17.5834,100,0
time
44.52
soc
73
f1,f2,first_soc,front
108.379,16.0606,100,0
time
43.16
soc
78
f1,f2,first_soc,front
108.561,15.8509,100,0
time
44.52
soc
76
f1,f2,first_soc,front
108.884,15.4831,100,0
time
43.16
soc
79
f1,f2,first_soc,front
106.54,18.1609,100,0
time
44.52
soc
72
f1,f2,first_soc,front
109.066,15.2734,100,0
time
44.52
soc
77
f1,f2,first_soc,front
105.53,19.3158,100,0
time
44.52
soc
70
f1,f2,first_soc,front
104.697,20.2697,100,0
time
45.88
soc
66
f1,f2,first_soc,front
109.747,14.4947,100,0
time
45.88
soc
76
f1,f2,first_soc,front
106.212,18.5372,100,0
time
45.88
soc
69
f1,f2,first_soc,front
108.561,15.8509,100,0
time
44.52
soc
76
f1,f2,first_soc,front
110.581,13.5409,100,0
time
44.52
soc
80
f1,f2,first_soc,front
108.055,16.4284,100,0
time
44.52
soc
75
f1,f2,first_soc,front
107.045,17.5834,100,0
time
44.52
soc
73
f1,f2,first_soc,front
106.54,18.1609,100,0
time
44.52
soc
72
f1,f2,first_soc,front
109.571,14.6959,100,0
time
44.52
soc
78
f1,f2,first_soc,front
107.55,17.0059,100,0
time
44.52
soc
74
f1,f2,first_soc,front
110.076,14.1184,100,0
time
44.52
soc
79
f1,f2,first_soc,front
106.864,17.793,100,0
time
43.16
soc
75
f1,f2,first_soc,front
106.358,18.3705,100,0
time
43.16
soc
74
f1,f2,first_soc,front
108.737,15.6497,100,0
time
45.88
soc
74
f1,f2,first_soc,front
109.242,15.0722,100,0
time
45.88
soc
75
f1,f2,first_soc,front
106.717,17.9597,100,0
time
45.88
soc
70
f1,f2,first_soc,front
104.697,20.2697,100,0
time
45.88
soc
66
f1,f2,first_soc,front
106.035,18.7383,100,0
time
44.52
soc
71
f1,f2,first_soc,front
105.53,19.3158,100,0
time
44.52
soc
70
f1,f2,first_soc,front
112.538,11.7921,100,0
time
45.88,96.1474
soc
76,43
f1,f2,first_soc,front
112.391,11.9595,100,0
time
45.88,95.8371
soc
70,38
f1,f2,first_soc,front
105.53,19.3158,100,0
time
44.52
soc
70
f1,f2,first_soc,front
105.677,19.149,100,0
time
41.8
soc
75
f1,f2,first_soc,front
105.025,19.8933,100,0
time
44.52
soc
69
f1,f2,first_soc,front
106.212,18.5372,100,0
time
45.88
soc
69
f1,f2,first_soc,front
107.727,16.8047,100,0
time
45.88
soc
72
f1,f2,first_soc,front
107.874,16.6381,100,0
time
43.16
soc
77
f1,f2,first_soc,front
108.884,15.4831,100,0
time
43.16
soc
79
f1,f2,first_soc,front
108.379,16.0606,100,0
time
43.16
soc
78
f1,f2,first_soc,front
109.389,14.9056,100,0
time
43.16
soc
80
f1,f2,first_soc,front
112.618,11.7025,100,0
time
37.72,77.626
soc
75,62
f1,f2,first_soc,front
112.896,11.563,100,0
time
45.88,95.8371
soc
70,39
f1,f2,first_soc,front
112.391,11.9595,100,0
time
45.88,95.8371
soc
70,38
f1,f2,first_soc,front
109.571,14.6959,100,0
time
44.52
soc
78
f1,f2,first_soc,front
106.358,18.3705,100,0
time
43.16
soc
74
f1,f2,first_soc,front
106.864,17.793,100,0
time
43.16
soc
75
f1,f2,first_soc,front
106.035,18.7383,100,0
time
44.52
soc
71
f1,f2,first_soc,front
109.066,15.2734,100,0
time
44.52
soc
77
f1,f2,first_soc,front
104.697,20.2697,100,0
time
45.88
soc
66
f1,f2,first_soc,front
108.232,16.2272,100,0
time
45.88
soc
73
f1,f2,first_soc,front
107.727,16.8047,100,0
time
45.88
soc
72
f1,f2,first_soc,front
107.222,17.3822,100,0
time
45.88
soc
71
f1,f2,first_soc,front
106.717,17.9597,100,0
time
45.88
soc
70
f1,f2,first_soc,front
110.757,13.3397,100,0
time
45.88
soc
78
f1,f2,first_soc,front
110.252,13.9172,100,0
time
45.88
soc
77
f1,f2,first_soc,front
109.066,15.2734,100,0
time
44.52
soc
77
f1,f2,first_soc,front
109.571,14.6959,100,0
time
44.52
soc
78
f1,f2,first_soc,front
105.172,19.7265,100,0
time
41.8
soc
74
f1,f2,first_soc,front
104.52,20.4708,100,0
time
44.52
soc
68
f1,f2,first_soc,front
104.697,20.2697,100,0
time
45.88
soc
66
f1,f2,first_soc,front
109.242,15.0722,100,0
time
45.88
soc
75
f1,f2,first_soc,front
107.727,16.8047,100,0
time
45.88
soc
72
f1,f2,first_soc,front
107.222,17.3822,100,0
time
45.88
soc
71
f1,f2,first_soc,front
110.252,13.9172,100,0
time
45.88
soc
77
f1,f2,first_soc,front
108.737,15.6497,100,0
time
45.88
soc
74
f1,f2,first_soc,front
109.747,14.4947,100,0
time
45.88
soc
76
f1,f2,first_soc,front
110.757,13.3397,100,0
time
45.88
soc
78
f1,f2,first_soc,front
108.232,16.2272,100,0
time
45.88
soc
73
f1,f2,first_soc,front
105.172,19.7265,100,0
time
41.8
soc
74
f1,f2,first_soc,front
108.737,15.6497,100,0
time
45.88
soc
74
f1,f2,first_soc,front
108.232,16.2272,100,0
time
45.88
soc
73
f1,f2,first_soc,front
109.242,15.0722,100,0
time
45.88
soc
75
f1,f2,first_soc,front
106.358,18.3705,100,0
time
43.16
soc
74
f1,f2,first_soc,front
106.864,17.793,100,0
time
43.16
soc
75
f1,f2,first_soc,front
108.232,16.2272,100,0
time
45.88
soc
73
f1,f2,first_soc,front
106.717,17.9597,100,0
time
45.88
soc
70
f1,f2,first_soc,front
112.618,11.7025,100,0
time
37.72,77.626
soc
75,62
f1,f2,first_soc,front
112.553,11.7747,100,0
time
45.88,73.067
soc
68,76
f1,f2,first_soc,front
111.755,12.6872,100,0
time
45.88,73.9615
soc
59,65
f1,f2,first_soc,front
112.618,11.7025,100,0
time
37.72,77.626
soc
75,62
f1,f2,first_soc,front
112.618,11.7025,100,0
time
37.72,77.626
soc
75,62
f1,f2,first_soc,front
105.202,19.6922,100,0
time
45.88
soc
67
f1,f2,first_soc,front
105.707,19.1147,100,0
time
45.88
soc
68
f1,f2,first_soc,front
105.677,19.149,100,0
time
41.8
soc
75
f1,f2,first_soc,front
112.553,11.7747,100,0
time
45.88,73.067
soc
68,76
f1,f2,first_soc,front
112.538,11.7921,100,0
time
45.88,96.1474
soc
76,43
f1,f2,first_soc,front
105.172,19.7265,100,0
time
41.8
soc
74
f1,f2,first_soc,front
112.896,11.563,100,0
time
45.88,95.8371
soc
70,39
f1,f2,first_soc,front
104.697,20.2697,100,0
time
45.88
soc
66
f1,f2,first_soc,front
104.697,20.2697,100,0
time
45.88
soc
66
f1,f2,first_soc,front
104.697,20.2697,100,0
time
45.88
soc
66
f1,f2,first_soc,front
104.697,20.2697,100,0
time
45.88
soc
66
f1,f2,first_soc,front
104.697,20.2697,100,0
time
45.88
soc
66
f1,f2,first_soc,front
104.697,20.2697,100,0
time
45.88
soc
66
f1,f2,first_soc,front
104.697,20.2697,100,0
time
45.88
soc
66
f1,f2,first_soc,front
104.697,20.2697,100,0
time
45.88
soc
66
f1,f2,first_soc,front
104.697,20.2697,100,0
time
45.88
soc
66
f1,f2,first_soc,front
104.697,20.2697,100,0
time
45.88
soc
66
f1,f2,first_soc,front
104.697,20.2697,100,0
time
45.88
soc
66
f1,f2,first_soc,front
104.697,20.2697,100,0
time
45.88
soc
66
f1,f2,first_soc,front
112.896,11.563,100,0
time
45.88,95.8371
soc
70,39
f1,f2,first_soc,front
104.697,20.2697,100,0
time
45.88
soc
66
f1,f2,first_soc,front
104.697,20.2697,100,0
time
45.88
soc
66
f1,f2,first_soc,front
104.697,20.2697,100,0
time
45.88
soc
66
f1,f2,first_soc,front
104.697,20.2697,100,0
time
45.88
soc
66
f1,f2,first_soc,front
104.697,20.2697,100,0
time
45.88
soc
66
f1,f2,first_soc,front
104.697,20.2697,100,0
time
45.88
soc
66
f1,f2,first_soc,front
104.697,20.2697,100,0
time
45.88
soc
66
f1,f2,first_soc,front
104.697,20.2697,100,0
time
45.88
soc
66
f1,f2,first_soc,front
104.697,20.2697,100,0
time
45.88
soc
66
f1,f2,first_soc,front
104.697,20.2697,100,0
time
45.88
soc
66
f1,f2,first_soc,front
104.697,20.2697,100,0
time
45.88
soc
66
f1,f2,first_soc,front
104.697,20.2697,100,0
time
45.88
soc
66
f1,f2,first_soc,front
104.697,20.2697,100,0
time
45.88
soc
66
f1,f2,first_soc,front
104.697,20.2697,100,0
time
45.88
soc
66
f1,f2,first_soc,front
104.697,20.2697,100,0
time
45.88
soc
66
f1,f2,first_soc,front
104.697,20.2697,100,0
time
45.88
soc
66
f1,f2,first_soc,front
104.697,20.2697,100,0
time
45.88
soc
66
f1,f2,first_soc,front
104.697,20.2697,100,0
time
45.88
soc
66
f1,f2,first_soc,front
104.697,20.2697,100,0
time
45.88
soc
66
f1,f2,first_soc,front
104.697,20.2697,100,0
time
45.88
soc
66
f1,f2,first_soc,front
104.697,20.2697,100,0
time
45.88
soc
66
f1,f2,first_soc,front
104.697,20.2697,100,0
time
45.88
soc
66
f1,f2,first_soc,front
104.697,20.2697,100,0
time
45.88
soc
66
f1,f2,first_soc,front
104.697,20.2697,100,0
time
45.88
soc
66
f1,f2,first_soc,front
104.697,20.2697,100,0
time
45.88
soc
66
f1,f2,first_soc,front
104.697,20.2697,100,0
time
45.88
soc
66
f1,f2,first_soc,front
104.697,20.2697,100,0
time
45.88
soc
66
f1,f2,first_soc,front
104.697,20.2697,100,0
time
45.88
soc
66
f1,f2,first_soc,front
104.697,20.2697,100,0
time
45.88
soc
66
f1,f2,first_soc,front
104.697,20.2697,100,0
time
45.88
soc
66
f1,f2,first_soc,front
104.697,20.2697,100,0
time
45.88
soc
66
f1,f2,first_soc,front
104.697,20.2697,100,0
time
45.88
soc
66
f1,f2,first_soc,front
104.697,20.2697,100,0
time
45.88
soc
66
f1,f2,first_soc,front
104.697,20.2697,100,0
time
45.88
soc
66
f1,f2,first_soc,front
104.697,20.2697,100,0
time
45.88
soc
66
f1,f2,first_soc,front
104.697,20.2697,100,0
time
45.88
soc
66
f1,f2,first_soc,front
104.697,20.2697,100,0
time
45.88
soc
66
f1,f2,first_soc,front
104.697,20.2697,100,0
time
45.88
soc
66
f1,f2,first_soc,front
104.697,20.2697,100,0
time
45.88
soc
66
f1,f2,first_soc,front
104.697,20.2697,100,0
time
45.88
soc
66
f1,f2,first_soc,front
104.015,21.0483,100,0
time
44.52
soc
67
f1,f2,first_soc,front
104.015,21.0483,100,0
time
44.52
soc
67
f1,f2,first_soc,front
104.015,21.0483,100,0
time
44.52
soc
67
f1,f2,first_soc,front
104.015,21.0483,100,0
time
44.52
soc
67
f1,f2,first_soc,front
104.015,21.0483,100,0
time
44.52
soc
67
f1,f2,first_soc,front
104.015,21.0483,100,0
time
44.52
soc
67
f1,f2,first_soc,front
104.015,21.0483,100,0
time
44.52
soc
67
f1,f2,first_soc,front
113.735,11.5601,100,0
time
44.52,96.3205
soc
76,43
f1,f2,first_soc,front
113.735,11.5601,100,0
time
44.52,96.3205
soc
76,43
f1,f2,first_soc,front
104.015,21.0483,100,0
time
44.52
soc
67
f1,f2,first_soc,front
104.015,21.0483,100,0
time
44.52
soc
67
f1,f2,first_soc,front
104.015,21.0483,100,0
time
44.52
soc
67
f1,f2,first_soc,front
104.015,21.0483,100,0
time
44.52
soc
67
f1,f2,first_soc,front
104.015,21.0483,100,0
time
44.52
soc
67
f1,f2,first_soc,front
104.015,21.0483,100,0
time
44.52
soc
67
f1,f2,first_soc,front
104.015,21.0483,100,0
time
44.52
soc
67
f1,f2,first_soc,front
104.015,21.0483,100,0
time
44.52
soc
67
f1,f2,first_soc,front
104.015,21.0483,100,0
time
44.52
soc
67
f1,f2,first_soc,front
113.735,11.5601,100,0
time
44.52,96.3205
soc
76,43
f1,f2,first_soc,front
104.015,21.0483,100,0
time
44.52
soc
67
f1,f2,first_soc,front
104.015,21.0483,100,0
time
44.52
soc
67
f1,f2,first_soc,front
104.015,21.0483,100,0
time
44.52
soc
67
f1,f2,first_soc,front
104.015,21.0483,100,0
time
44.52
soc
67
f1,f2,first_soc,front
104.015,21.0483,100,0
time
44.52
soc
67
f1,f2,first_soc,front
104.015,21.0483,100,0
time
44.52
soc
67
f1,f2,first_soc,front
104.015,21.0483,100,0
time
44.52
soc
67
f1,f2,first_soc,front
104.015,21.0483,100,0
time
44.52
soc
67
f1,f2,first_soc,front
104.015,21.0483,100,0
time
44.52
soc
67
f1,f2,first_soc,front
104.015,21.0483,100,0
time
44.52
soc
67
f1,f2,first_soc,front
104.015,21.0483,100,0
time
44.52
soc
67
第59世代
f1,f2,first_soc,front
104.015,21.0483,100,0
time
44.52
soc
67
f1,f2,first_soc,front
104.015,21.0483,100,0
time
44.52
soc
67
f1,f2,first_soc,front
113.735,11.5601,100,0
time
44.52,96.3205
soc
76,43
f1,f2,first_soc,front
111.768,12.1847,100,0
time
45.88
soc
80
f1,f2,first_soc,front
112.896,11.563,100,0
time
45.88,95.8371
soc
70,39
f1,f2,first_soc,front
113.735,11.5601,100,0
time
44.52,96.3205
soc
76,43
f1,f2,first_soc,front
105.025,19.8933,100,0
time
44.52
soc
69
f1,f2,first_soc,front
105.202,19.6922,100,0
time
45.88
soc
67
f1,f2,first_soc,front
110.581,13.5409,100,0
time
44.52
soc
80
f1,f2,first_soc,front
110.252,13.9172,100,0
time
45.88
soc
77
f1,f2,first_soc,front
110.076,14.1184,100,0
time
44.52
soc
79
f1,f2,first_soc,front
105.707,19.1147,100,0
time
45.88
soc
68
f1,f2,first_soc,front
107.55,17.0059,100,0
time
44.52
soc
74
f1,f2,first_soc,front
104.52,20.4708,100,0
time
44.52
soc
68
f1,f2,first_soc,front
110.757,13.3397,100,0
time
45.88
soc
78
f1,f2,first_soc,front
112.391,11.9595,100,0
time
45.88,95.8371
soc
70,38
f1,f2,first_soc,front
104.015,21.0483,100,0
time
44.52
soc
67
f1,f2,first_soc,front
104.52,20.4708,100,0
time
44.52
soc
68
f1,f2,first_soc,front
111.25,13.2647,100,0
time
45.88,74.4666
soc
60,64
f1,f2,first_soc,front
109.747,14.4947,100,0
time
45.88
soc
76
f1,f2,first_soc,front
107.222,17.3822,100,0
time
45.88
soc
71
f1,f2,first_soc,front
105.53,19.3158,100,0
time
44.52
soc
70
f1,f2,first_soc,front
111.25,13.2647,100,0
time
45.88,73.9615
soc
59,64
f1,f2,first_soc,front
111.263,12.7622,100,0
time
45.88
soc
79
f1,f2,first_soc,front
111.755,12.6872,100,0
time
45.88,73.4565
soc
58,65
f1,f2,first_soc,front
104.015,21.0483,100,0
time
44.52
soc
67
f1,f2,first_soc,front
111.263,12.7622,100,0
time
45.88
soc
79
f1,f2,first_soc,front
111.755,12.6872,100,0
time
45.88,73.9615
soc
59,65
f1,f2,first_soc,front
109.389,14.9056,100,0
time
43.16
soc
80
f1,f2,first_soc,front
107.045,17.5834,100,0
time
44.52
soc
73
f1,f2,first_soc,front
108.884,15.4831,100,0
time
43.16
soc
79
f1,f2,first_soc,front
108.561,15.8509,100,0
time
44.52
soc
76
f1,f2,first_soc,front
107.874,16.6381,100,0
time
43.16
soc
77
f1,f2,first_soc,front
106.54,18.1609,100,0
time
44.52
soc
72
f1,f2,first_soc,front
109.571,14.6959,100,0
time
44.52
soc
78
f1,f2,first_soc,front
108.055,16.4284,100,0
time
44.52
soc
75
f1,f2,first_soc,front
109.066,15.2734,100,0
time
44.52
soc
77
f1,f2,first_soc,front
104.697,20.2697,100,0
time
45.88
soc
66
f1,f2,first_soc,front
109.747,14.4947,100,0
time
45.88
soc
76
f1,f2,first_soc,front
107.222,17.3822,100,0
time
45.88
soc
71
f1,f2,first_soc,front
106.035,18.7383,100,0
time
44.52
soc
71
f1,f2,first_soc,front
106.212,18.5372,100,0
time
45.88
soc
69
f1,f2,first_soc,front
106.035,18.7383,100,0
time
44.52
soc
71
f1,f2,first_soc,front
106.54,18.1609,100,0
time
44.52
soc
72
f1,f2,first_soc,front
106.717,17.9597,100,0
time
45.88
soc
70
f1,f2,first_soc,front
107.045,17.5834,100,0
time
44.52
soc
73
f1,f2,first_soc,front
110.581,13.5409,100,0
time
44.52
soc
80
f1,f2,first_soc,front
110.252,13.9172,100,0
time
45.88
soc
77
f1,f2,first_soc,front
110.076,14.1184,100,0
time
44.52
soc
79
f1,f2,first_soc,front
107.55,17.0059,100,0
time
44.52
soc
74
f1,f2,first_soc,front
108.561,15.8509,100,0
time
44.52
soc
76
f1,f2,first_soc,front
108.232,16.2272,100,0
time
45.88
soc
73
f1,f2,first_soc,front
108.379,16.0606,100,0
time
43.16
soc
78
f1,f2,first_soc,front
106.358,18.3705,100,0
time
43.16
soc
74
f1,f2,first_soc,front
109.242,15.0722,100,0
time
45.88
soc
75
f1,f2,first_soc,front
112.618,11.7025,100,0
time
37.72,77.626
soc
75,62
f1,f2,first_soc,front
107.727,16.8047,100,0
time
45.88
soc
72
f1,f2,first_soc,front
106.035,18.7383,100,0
time
44.52
soc
71
f1,f2,first_soc,front
104.697,20.2697,100,0
time
45.88
soc
66
f1,f2,first_soc,front
105.53,19.3158,100,0
time
44.52
soc
70
f1,f2,first_soc,front
112.538,11.7921,100,0
time
45.88,96.1474
soc
76,43
f1,f2,first_soc,front
112.391,11.9595,100,0
time
45.88,95.8371
soc
70,38
f1,f2,first_soc,front
105.677,19.149,100,0
time
41.8
soc
75
f1,f2,first_soc,front
105.025,19.8933,100,0
time
44.52
soc
69
f1,f2,first_soc,front
106.212,18.5372,100,0
time
45.88
soc
69
f1,f2,first_soc,front
107.874,16.6381,100,0
time
43.16
soc
77
f1,f2,first_soc,front
106.864,17.793,100,0
time
43.16
soc
75
f1,f2,first_soc,front
106.717,17.9597,100,0
time
45.88
soc
70
f1,f2,first_soc,front
108.884,15.4831,100,0
time
43.16
soc
79
f1,f2,first_soc,front
108.737,15.6497,100,0
time
45.88
soc
74
f1,f2,first_soc,front
109.389,14.9056,100,0
time
43.16
soc
80
f1,f2,first_soc,front
108.232,16.2272,100,0
time
45.88
soc
73
f1,f2,first_soc,front
112.896,11.563,100,0
time
45.88,95.8371
soc
70,39
f1,f2,first_soc,front
110.757,13.3397,100,0
time
45.88
soc
78
f1,f2,first_soc,front
112.391,11.9595,100,0
time
45.88,95.8371
soc
70,38
f1,f2,first_soc,front
111.768,12.1847,100,0
time
45.88
soc
80
f1,f2,first_soc,front
106.864,17.793,100,0
time
43.16
soc
75
f1,f2,first_soc,front
109.066,15.2734,100,0
time
44.52
soc
77
f1,f2,first_soc,front
106.358,18.3705,100,0
time
43.16
soc
74
f1,f2,first_soc,front
108.055,16.4284,100,0
time
44.52
soc
75
f1,f2,first_soc,front
104.697,20.2697,100,0
time
45.88
soc
66
f1,f2,first_soc,front
107.727,16.8047,100,0
time
45.88
soc
72
f1,f2,first_soc,front
109.571,14.6959,100,0
time
44.52
soc
78
f1,f2,first_soc,front
108.737,15.6497,100,0
time
45.88
soc
74
f1,f2,first_soc,front
106.864,17.793,100,0
time
43.16
soc
75
f1,f2,first_soc,front
108.379,16.0606,100,0
time
43.16
soc
78
f1,f2,first_soc,front
109.571,14.6959,100,0
time
44.52
soc
78
f1,f2,first_soc,front
108.055,16.4284,100,0
time
44.52
soc
75
f1,f2,first_soc,front
104.697,20.2697,100,0
time
45.88
soc
66
f1,f2,first_soc,front
109.242,15.0722,100,0
time
45.88
soc
75
f1,f2,first_soc,front
109.066,15.2734,100,0
time
44.52
soc
77
f1,f2,first_soc,front
109.747,14.4947,100,0
time
45.88
soc
76
f1,f2,first_soc,front
107.222,17.3822,100,0
time
45.88
soc
71
f1,f2,first_soc,front
108.737,15.6497,100,0
time
45.88
soc
74
f1,f2,first_soc,front
104.52,20.4708,100,0
time
44.52
soc
68
f1,f2,first_soc,front
105.53,19.3158,100,0
time
44.52
soc
70
f1,f2,first_soc,front
105.172,19.7265,100,0
time
41.8
soc
74
f1,f2,first_soc,front
108.379,16.0606,100,0
time
43.16
soc
78
f1,f2,first_soc,front
109.242,15.0722,100,0
time
45.88
soc
75
f1,f2,first_soc,front
106.358,18.3705,100,0
time
43.16
soc
74
f1,f2,first_soc,front
107.727,16.8047,100,0
time
45.88
soc
72
f1,f2,first_soc,front
105.172,19.7265,100,0
time
41.8
soc
74
f1,f2,first_soc,front
112.618,11.7025,100,0
time
37.72,77.626
soc
75,62
f1,f2,first_soc,front
112.553,11.7747,100,0
time
45.88,73.067
soc
68,76
f1,f2,first_soc,front
111.263,12.7622,100,0
time
45.88
soc
79
f1,f2,first_soc,front
111.755,12.6872,100,0
time
45.88,73.4565
soc
58,65
f1,f2,first_soc,front
112.618,11.7025,100,0
time
37.72,77.626
soc
75,62
f1,f2,first_soc,front
105.202,19.6922,100,0
time
45.88
soc
67
f1,f2,first_soc,front
105.172,19.7265,100,0
time
41.8
soc
74
f1,f2,first_soc,front
105.707,19.1147,100,0
time
45.88
soc
68
f1,f2,first_soc,front
105.677,19.149,100,0
time
41.8
soc
75
f1,f2,first_soc,front
112.553,11.7747,100,0
time
45.88,73.067
soc
68,76
f1,f2,first_soc,front
112.538,11.7921,100,0
time
45.88,96.1474
soc
76,43
f1,f2,first_soc,front
111.768,12.1847,100,0
time
45.88
soc
80
f1,f2,first_soc,front
112.896,11.563,100,0
time
45.88,95.8371
soc
70,39
f1,f2,first_soc,front
104.697,20.2697,100,0
time
45.88
soc
66
f1,f2,first_soc,front
104.697,20.2697,100,0
time
45.88
soc
66
f1,f2,first_soc,front
104.697,20.2697,100,0
time
45.88
soc
66
f1,f2,first_soc,front
104.697,20.2697,100,0
time
45.88
soc
66
f1,f2,first_soc,front
104.697,20.2697,100,0
time
45.88
soc
66
f1,f2,first_soc,front
104.697,20.2697,100,0
time
45.88
soc
66
f1,f2,first_soc,front
104.697,20.2697,100,0
time
45.88
soc
66
f1,f2,first_soc,front
104.697,20.2697,100,0
time
45.88
soc
66
f1,f2,first_soc,front
104.697,20.2697,100,0
time
45.88
soc
66
f1,f2,first_soc,front
104.015,21.0483,100,0
time
44.52
soc
67
f1,f2,first_soc,front
104.697,20.2697,100,0
time
45.88
soc
66
f1,f2,first_soc,front
104.697,20.2697,100,0
time
45.88
soc
66
f1,f2,first_soc,front
104.697,20.2697,100,0
time
45.88
soc
66
f1,f2,first_soc,front
104.015,21.0483,100,0
time
44.52
soc
67
f1,f2,first_soc,front
104.697,20.2697,100,0
time
45.88
soc
66
f1,f2,first_soc,front
104.697,20.2697,100,0
time
45.88
soc
66
f1,f2,first_soc,front
104.697,20.2697,100,0
time
45.88
soc
66
f1,f2,first_soc,front
104.697,20.2697,100,0
time
45.88
soc
66
f1,f2,first_soc,front
104.015,21.0483,100,0
time
44.52
soc
67
f1,f2,first_soc,front
104.697,20.2697,100,0
time
45.88
soc
66
f1,f2,first_soc,front
104.697,20.2697,100,0
time
45.88
soc
66
f1,f2,first_soc,front
104.697,20.2697,100,0
time
45.88
soc
66
f1,f2,first_soc,front
104.015,21.0483,100,0
time
44.52
soc
67
f1,f2,first_soc,front
104.697,20.2697,100,0
time
45.88
soc
66
f1,f2,first_soc,front
104.697,20.2697,100,0
time
45.88
soc
66
f1,f2,first_soc,front
104.015,21.0483,100,0
time
44.52
soc
67
f1,f2,first_soc,front
104.015,21.0483,100,0
time
44.52
soc
67
f1,f2,first_soc,front
104.697,20.2697,100,0
time
45.88
soc
66
f1,f2,first_soc,front
104.015,21.0483,100,0
time
44.52
soc
67
f1,f2,first_soc,front
104.015,21.0483,100,0
time
44.52
soc
67
f1,f2,first_soc,front
105.025,19.8933,100,0
time
44.52
soc
69
f1,f2,first_soc,front
106.864,17.793,100,0
time
43.16
soc
75
f1,f2,first_soc,front
104.697,20.2697,100,0
time
45.88
soc
66
f1,f2,first_soc,front
104.015,21.0483,100,0
time
44.52
soc
67
f1,f2,first_soc,front
104.015,21.0483,100,0
time
44.52
soc
67
f1,f2,first_soc,front
104.015,21.0483,100,0
time
44.52
soc
67
f1,f2,first_soc,front
104.697,20.2697,100,0
time
45.88
soc
66
f1,f2,first_soc,front
104.697,20.2697,100,0
time
45.88
soc
66
f1,f2,first_soc,front
104.697,20.2697,100,0
time
45.88
soc
66
f1,f2,first_soc,front
104.697,20.2697,100,0
time
45.88
soc
66
f1,f2,first_soc,front
104.697,20.2697,100,0
time
45.88
soc
66
f1,f2,first_soc,front
104.015,21.0483,100,0
time
44.52
soc
67
f1,f2,first_soc,front
104.015,21.0483,100,0
time
44.52
soc
67
f1,f2,first_soc,front
104.697,20.2697,100,0
time
45.88
soc
66
f1,f2,first_soc,front
104.015,21.0483,100,0
time
44.52
soc
67
f1,f2,first_soc,front
104.697,20.2697,100,0
time
45.88
soc
66
f1,f2,first_soc,front
104.697,20.2697,100,0
time
45.88
soc
66
f1,f2,first_soc,front
104.015,21.0483,100,0
time
44.52
soc
67
f1,f2,first_soc,front
104.015,21.0483,100,0
time
44.52
soc
67
f1,f2,first_soc,front
104.697,20.2697,100,0
time
45.88
soc
66
f1,f2,first_soc,front
104.697,20.2697,100,0
time
45.88
soc
66
f1,f2,first_soc,front
104.697,20.2697,100,0
time
45.88
soc
66
f1,f2,first_soc,front
104.015,21.0483,100,0
time
44.52
soc
67
f1,f2,first_soc,front
104.697,20.2697,100,0
time
45.88
soc
66
f1,f2,first_soc,front
104.697,20.2697,100,0
time
45.88
soc
66
f1,f2,first_soc,front
104.697,20.2697,100,0
time
45.88
soc
66
f1,f2,first_soc,front
104.015,21.0483,100,0
time
44.52
soc
67
f1,f2,first_soc,front
104.697,20.2697,100,0
time
45.88
soc
66
f1,f2,first_soc,front
104.697,20.2697,100,0
time
45.88
soc
66
f1,f2,first_soc,front
104.697,20.2697,100,0
time
45.88
soc
66
f1,f2,first_soc,front
104.697,20.2697,100,0
time
45.88
soc
66
f1,f2,first_soc,front
104.697,20.2697,100,0
time
45.88
soc
66
f1,f2,first_soc,front
104.697,20.2697,100,0
time
45.88
soc
66
f1,f2,first_soc,front
104.697,20.2697,100,0
time
45.88
soc
66
f1,f2,first_soc,front
104.015,21.0483,100,0
time
44.52
soc
67
f1,f2,first_soc,front
104.697,20.2697,100,0
time
45.88
soc
66
f1,f2,first_soc,front
104.697,20.2697,100,0
time
45.88
soc
66
f1,f2,first_soc,front
104.52,20.4708,100,0
time
44.52
soc
68
f1,f2,first_soc,front
104.52,20.4708,100,0
time
44.52
soc
68
f1,f2,first_soc,front
104.52,20.4708,100,0
time
44.52
soc
68
f1,f2,first_soc,front
104.52,20.4708,100,0
time
44.52
soc
68
f1,f2,first_soc,front
104.52,20.4708,100,0
time
44.52
soc
68
f1,f2,first_soc,front
104.015,21.0483,100,0
time
44.52
soc
67
f1,f2,first_soc,front
104.697,20.2697,100,0
time
45.88
soc
66
f1,f2,first_soc,front
104.697,20.2697,100,0
time
45.88
soc
66
f1,f2,first_soc,front
104.015,21.0483,100,0
time
44.52
soc
67
f1,f2,first_soc,front
104.015,21.0483,100,0
time
44.52
soc
67
f1,f2,first_soc,front
104.015,21.0483,100,0
time
44.52
soc
67
f1,f2,first_soc,front
104.697,20.2697,100,0
time
45.88
soc
66
f1,f2,first_soc,front
104.015,21.0483,100,0
time
44.52
soc
67
f1,f2,first_soc,front
104.015,21.0483,100,0
time
44.52
soc
67
f1,f2,first_soc,front
104.697,20.2697,100,0
time
45.88
soc
66
f1,f2,first_soc,front
104.697,20.2697,100,0
time
45.88
soc
66
f1,f2,first_soc,front
104.697,20.2697,100,0
time
45.88
soc
66
f1,f2,first_soc,front
104.697,20.2697,100,0
time
45.88
soc
66
第60世代
f1,f2,first_soc,front
104.015,21.0483,100,0
time
44.52
soc
67
f1,f2,first_soc,front
113.735,11.5601,100,0
time
44.52,96.3205
soc
76,43
f1,f2,first_soc,front
104.015,21.0483,100,0
time
44.52
soc
67
f1,f2,first_soc,front
112.896,11.563,100,0
time
45.88,95.8371
soc
70,39
f1,f2,first_soc,front
112.26,12.1097,100,0
time
45.88,73.9615
soc
59,66
f1,f2,first_soc,front
113.735,11.5601,100,0
time
44.52,96.3205
soc
76,43
f1,f2,first_soc,front
105.025,19.8933,100,0
time
44.52
soc
69
f1,f2,first_soc,front
105.348,19.5255,100,0
time
43.16
soc
72
f1,f2,first_soc,front
110.581,13.5409,100,0
time
44.52
soc
80
f1,f2,first_soc,front
110.076,14.1184,100,0
time
44.52
soc
79
f1,f2,first_soc,front
107.369,17.2156,100,0
time
43.16
soc
76
f1,f2,first_soc,front
106.035,18.7383,100,0
time
44.52
soc
71
f1,f2,first_soc,front
104.52,20.4708,100,0
time
44.52
soc
68
f1,f2,first_soc,front
104.52,20.4708,100,0
time
44.52
soc
68
f1,f2,first_soc,front
104.015,21.0483,100,0
time
44.52
soc
67
f1,f2,first_soc,front
111.263,12.7622,100,0
time
45.88
soc
79
f1,f2,first_soc,front
111.768,12.1847,100,0
time
45.88
soc
80
f1,f2,first_soc,front
110.252,13.9172,100,0
time
45.88
soc
77
f1,f2,first_soc,front
109.747,14.4947,100,0
time
45.88
soc
76
f1,f2,first_soc,front
111.263,12.7622,100,0
time
45.88
soc
79
f1,f2,first_soc,front
111.768,12.1847,100,0
time
45.88
soc
80
f1,f2,first_soc,front
111.25,13.2647,100,0
time
45.88,73.9615
soc
59,64
f1,f2,first_soc,front
111.755,12.6872,100,0
time
45.88,73.9615
soc
59,65
f1,f2,first_soc,front
104.015,21.0483,100,0
time
44.52
soc
67
f1,f2,first_soc,front
111.25,13.2647,100,0
time
45.88,73.9615
soc
59,64
f1,f2,first_soc,front
111.755,12.6872,100,0
time
45.88,73.9615
soc
59,65
f1,f2,first_soc,front
110.757,13.3397,100,0
time
45.88
soc
78
f1,f2,first_soc,front
112.618,11.7025,100,0
time
37.72,77.626
soc
75,62
f1,f2,first_soc,front
109.571,14.6959,100,0
time
44.52
soc
78
f1,f2,first_soc,front
107.874,16.6381,100,0
time
43.16
soc
77
f1,f2,first_soc,front
107.045,17.5834,100,0
time
44.52
soc
73
f1,f2,first_soc,front
108.884,15.4831,100,0
time
43.16
soc
79
f1,f2,first_soc,front
108.055,16.4284,100,0
time
44.52
soc
75
f1,f2,first_soc,front
107.55,17.0059,100,0
time
44.52
soc
74
f1,f2,first_soc,front
108.561,15.8509,100,0
time
44.52
soc
76
f1,f2,first_soc,front
108.379,16.0606,100,0
time
43.16
soc
78
f1,f2,first_soc,front
105.53,19.3158,100,0
time
44.52
soc
70
f1,f2,first_soc,front
106.54,18.1609,100,0
time
44.52
soc
72
f1,f2,first_soc,front
106.358,18.3705,100,0
time
43.16
soc
74
f1,f2,first_soc,front
109.066,15.2734,100,0
time
44.52
soc
77
f1,f2,first_soc,front
104.697,20.2697,100,0
time
45.88
soc
66
f1,f2,first_soc,front
109.747,14.4947,100,0
time
45.88
soc
76
f1,f2,first_soc,front
110.252,13.9172,100,0
time
45.88
soc
77
f1,f2,first_soc,front
105.707,19.1147,100,0
time
45.88
soc
68
f1,f2,first_soc,front
106.035,18.7383,100,0
time
44.52
soc
71
f1,f2,first_soc,front
109.242,15.0722,100,0
time
45.88
soc
75
f1,f2,first_soc,front
110.581,13.5409,100,0
time
44.52
soc
80
f1,f2,first_soc,front
110.076,14.1184,100,0
time
44.52
soc
79
f1,f2,first_soc,front
109.571,14.6959,100,0
time
44.52
soc
78
f1,f2,first_soc,front
107.045,17.5834,100,0
time
44.52
soc
73
f1,f2,first_soc,front
107.222,17.3822,100,0
time
45.88
soc
71
f1,f2,first_soc,front
107.55,17.0059,100,0
time
44.52
soc
74
f1,f2,first_soc,front
108.561,15.8509,100,0
time
44.52
soc
76
f1,f2,first_soc,front
108.055,16.4284,100,0
time
44.52
soc
75
f1,f2,first_soc,front
106.54,18.1609,100,0
time
44.52
soc
72
f1,f2,first_soc,front
106.717,17.9597,100,0
time
45.88
soc
70
f1,f2,first_soc,front
105.707,19.1147,100,0
time
45.88
soc
68
f1,f2,first_soc,front
106.864,17.793,100,0
time
43.16
soc
75
f1,f2,first_soc,front
109.389,14.9056,100,0
time
43.16
soc
80
f1,f2,first_soc,front
106.212,18.5372,100,0
time
45.88
soc
69
f1,f2,first_soc,front
108.232,16.2272,100,0
time
45.88
soc
73
f1,f2,first_soc,front
108.737,15.6497,100,0
time
45.88
soc
74
f1,f2,first_soc,front
104.697,20.2697,100,0
time
45.88
soc
66
f1,f2,first_soc,front
112.538,11.7921,100,0
time
45.88,96.1474
soc
76,43
f1,f2,first_soc,front
105.677,19.149,100,0
time
41.8
soc
75
f1,f2,first_soc,front
105.53,19.3158,100,0
time
44.52
soc
70
f1,f2,first_soc,front
105.025,19.8933,100,0
time
44.52
soc
69
f1,f2,first_soc,front
105.202,19.6922,100,0
time
45.88
soc
67
f1,f2,first_soc,front
106.358,18.3705,100,0
time
43.16
soc
74
f1,f2,first_soc,front
108.884,15.4831,100,0
time
43.16
soc
79
f1,f2,first_soc,front
106.717,17.9597,100,0
time
45.88
soc
70
f1,f2,first_soc,front
107.727,16.8047,100,0
time
45.88
soc
72
f1,f2,first_soc,front
107.874,16.6381,100,0
time
43.16
soc
77
f1,f2,first_soc,front
108.379,16.0606,100,0
time
43.16
soc
78
f1,f2,first_soc,front
109.242,15.0722,100,0
time
45.88
soc
75
f1,f2,first_soc,front
107.222,17.3822,100,0
time
45.88
soc
71
f1,f2,first_soc,front
112.391,11.9595,100,0
time
45.88,95.8371
soc
70,38
f1,f2,first_soc,front
112.896,11.563,100,0
time
45.88,95.8371
soc
70,39
f1,f2,first_soc,front
109.389,14.9056,100,0
time
43.16
soc
80
f1,f2,first_soc,front
106.864,17.793,100,0
time
43.16
soc
75
f1,f2,first_soc,front
104.697,20.2697,100,0
time
45.88
soc
66
f1,f2,first_soc,front
110.757,13.3397,100,0
time
45.88
soc
78
f1,f2,first_soc,front
109.066,15.2734,100,0
time
44.52
soc
77
f1,f2,first_soc,front
107.727,16.8047,100,0
time
45.88
soc
72
f1,f2,first_soc,front
109.066,15.2734,100,0
time
44.52
soc
77
f1,f2,first_soc,front
110.252,13.9172,100,0
time
45.88
soc
77
f1,f2,first_soc,front
108.232,16.2272,100,0
time
45.88
soc
73
f1,f2,first_soc,front
108.737,15.6497,100,0
time
45.88
soc
74
f1,f2,first_soc,front
107.727,16.8047,100,0
time
45.88
soc
72
f1,f2,first_soc,front
104.697,20.2697,100,0
time
45.88
soc
66
f1,f2,first_soc,front
110.757,13.3397,100,0
time
45.88
soc
78
f1,f2,first_soc,front
104.52,20.4708,100,0
time
44.52
soc
68
f1,f2,first_soc,front
109.747,14.4947,100,0
time
45.88
soc
76
f1,f2,first_soc,front
106.212,18.5372,100,0
time
45.88
soc
69
f1,f2,first_soc,front
112.391,11.9595,100,0
time
45.88,95.8371
soc
70,38
f1,f2,first_soc,front
105.172,19.7265,100,0
time
41.8
soc
74
f1,f2,first_soc,front
108.737,15.6497,100,0
time
45.88
soc
74
f1,f2,first_soc,front
108.232,16.2272,100,0
time
45.88
soc
73
f1,f2,first_soc,front
106.212,18.5372,100,0
time
45.88
soc
69
f1,f2,first_soc,front
109.389,14.9056,100,0
time
43.16
soc
80
f1,f2,first_soc,front
105.172,19.7265,100,0
time
41.8
soc
74
f1,f2,first_soc,front
106.864,17.793,100,0
time
43.16
soc
75
f1,f2,first_soc,front
112.618,11.7025,100,0
time
37.72,77.626
soc
75,62
f1,f2,first_soc,front
112.391,11.9595,100,0
time
45.88,95.8371
soc
70,38
f1,f2,first_soc,front
111.755,12.6872,100,0
time
45.88,73.4565
soc
58,65
f1,f2,first_soc,front
111.25,13.2647,100,0
time
45.88,74.4666
soc
60,64
f1,f2,first_soc,front
112.553,11.7747,100,0
time
45.88,73.572
soc
69,76
f1,f2,first_soc,front
110.757,13.3397,100,0
time
45.88
soc
78
f1,f2,first_soc,front
112.553,11.7747,100,0
time
45.88,73.572
soc
69,76
f1,f2,first_soc,front
105.202,19.6922,100,0
time
45.88
soc
67
f1,f2,first_soc,front
105.677,19.149,100,0
time
41.8
soc
75
f1,f2,first_soc,front
105.172,19.7265,100,0
time
41.8
soc
74
f1,f2,first_soc,front
112.538,11.7921,100,0
time
45.88,96.1474
soc
76,43
f1,f2,first_soc,front
105.172,19.7265,100,0
time
41.8
soc
74
f1,f2,first_soc,front
105.707,19.1147,100,0
time
45.88
soc
68
f1,f2,first_soc,front
112.553,11.7747,100,0
time
45.88,73.067
soc
68,76
f1,f2,first_soc,front
112.896,11.563,100,0
time
45.88,95.8371
soc
70,39
f1,f2,first_soc,front
104.697,20.2697,100,0
time
45.88
soc
66
f1,f2,first_soc,front
104.697,20.2697,100,0
time
45.88
soc
66
f1,f2,first_soc,front
104.697,20.2697,100,0
time
45.88
soc
66
f1,f2,first_soc,front
106.54,18.1609,100,0
time
44.52
soc
72
f1,f2,first_soc,front
104.697,20.2697,100,0
time
45.88
soc
66
f1,f2,first_soc,front
104.697,20.2697,100,0
time
45.88
soc
66
f1,f2,first_soc,front
104.697,20.2697,100,0
time
45.88
soc
66
f1,f2,first_soc,front
104.697,20.2697,100,0
time
45.88
soc
66
f1,f2,first_soc,front
104.697,20.2697,100,0
time
45.88
soc
66
f1,f2,first_soc,front
104.697,20.2697,100,0
time
45.88
soc
66
f1,f2,first_soc,front
104.697,20.2697,100,0
time
45.88
soc
66
f1,f2,first_soc,front
104.697,20.2697,100,0
time
45.88
soc
66
f1,f2,first_soc,front
104.697,20.2697,100,0
time
45.88
soc
66
f1,f2,first_soc,front
104.697,20.2697,100,0
time
45.88
soc
66
f1,f2,first_soc,front
104.697,20.2697,100,0
time
45.88
soc
66
f1,f2,first_soc,front
104.697,20.2697,100,0
time
45.88
soc
66
f1,f2,first_soc,front
104.697,20.2697,100,0
time
45.88
soc
66
f1,f2,first_soc,front
104.697,20.2697,100,0
time
45.88
soc
66
f1,f2,first_soc,front
104.697,20.2697,100,0
time
45.88
soc
66
f1,f2,first_soc,front
104.697,20.2697,100,0
time
45.88
soc
66
f1,f2,first_soc,front
104.697,20.2697,100,0
time
45.88
soc
66
f1,f2,first_soc,front
104.697,20.2697,100,0
time
45.88
soc
66
f1,f2,first_soc,front
104.697,20.2697,100,0
time
45.88
soc
66
f1,f2,first_soc,front
104.697,20.2697,100,0
time
45.88
soc
66
f1,f2,first_soc,front
104.697,20.2697,100,0
time
45.88
soc
66
f1,f2,first_soc,front
104.697,20.2697,100,0
time
45.88
soc
66
f1,f2,first_soc,front
104.697,20.2697,100,0
time
45.88
soc
66
f1,f2,first_soc,front
104.697,20.2697,100,0
time
45.88
soc
66
f1,f2,first_soc,front
104.697,20.2697,100,0
time
45.88
soc
66
f1,f2,first_soc,front
104.015,21.0483,100,0
time
44.52
soc
67
f1,f2,first_soc,front
104.015,21.0483,100,0
time
44.52
soc
67
f1,f2,first_soc,front
104.697,20.2697,100,0
time
45.88
soc
66
f1,f2,first_soc,front
104.697,20.2697,100,0
time
45.88
soc
66
f1,f2,first_soc,front
104.697,20.2697,100,0
time
45.88
soc
66
f1,f2,first_soc,front
104.697,20.2697,100,0
time
45.88
soc
66
f1,f2,first_soc,front
104.697,20.2697,100,0
time
45.88
soc
66
f1,f2,first_soc,front
104.697,20.2697,100,0
time
45.88
soc
66
f1,f2,first_soc,front
104.697,20.2697,100,0
time
45.88
soc
66
f1,f2,first_soc,front
104.697,20.2697,100,0
time
45.88
soc
66
f1,f2,first_soc,front
104.697,20.2697,100,0
time
45.88
soc
66
f1,f2,first_soc,front
104.015,21.0483,100,0
time
44.52
soc
67
f1,f2,first_soc,front
104.015,21.0483,100,0
time
44.52
soc
67
f1,f2,first_soc,front
104.015,21.0483,100,0
time
44.52
soc
67
f1,f2,first_soc,front
104.015,21.0483,100,0
time
44.52
soc
67
f1,f2,first_soc,front
104.015,21.0483,100,0
time
44.52
soc
67
f1,f2,first_soc,front
104.015,21.0483,100,0
time
44.52
soc
67
f1,f2,first_soc,front
104.015,21.0483,100,0
time
44.52
soc
67
f1,f2,first_soc,front
104.015,21.0483,100,0
time
44.52
soc
67
f1,f2,first_soc,front
104.015,21.0483,100,0
time
44.52
soc
67
f1,f2,first_soc,front
104.015,21.0483,100,0
time
44.52
soc
67
f1,f2,first_soc,front
104.015,21.0483,100,0
time
44.52
soc
67
f1,f2,first_soc,front
104.52,20.4708,100,0
time
44.52
soc
68
f1,f2,first_soc,front
104.52,20.4708,100,0
time
44.52
soc
68
f1,f2,first_soc,front
104.52,20.4708,100,0
time
44.52
soc
68
f1,f2,first_soc,front
104.52,20.4708,100,0
time
44.52
soc
68
f1,f2,first_soc,front
104.52,20.4708,100,0
time
44.52
soc
68
f1,f2,first_soc,front
104.52,20.4708,100,0
time
44.52
soc
68
f1,f2,first_soc,front
104.52,20.4708,100,0
time
44.52
soc
68
f1,f2,first_soc,front
104.52,20.4708,100,0
time
44.52
soc
68
f1,f2,first_soc,front
104.015,21.0483,100,0
time
44.52
soc
67
f1,f2,first_soc,front
104.015,21.0483,100,0
time
44.52
soc
67
f1,f2,first_soc,front
104.015,21.0483,100,0
time
44.52
soc
67
f1,f2,first_soc,front
104.015,21.0483,100,0
time
44.52
soc
67
f1,f2,first_soc,front
104.015,21.0483,100,0
time
44.52
soc
67
f1,f2,first_soc,front
104.015,21.0483,100,0
time
44.52
soc
67
f1,f2,first_soc,front
104.015,21.0483,100,0
time
44.52
soc
67
f1,f2,first_soc,front
104.015,21.0483,100,0
time
44.52
soc
67
f1,f2,first_soc,front
104.015,21.0483,100,0
time
44.52
soc
67
f1,f2,first_soc,front
104.697,20.2697,100,0
time
45.88
soc
66
f1,f2,first_soc,front
104.015,21.0483,100,0
time
44.52
soc
67
f1,f2,first_soc,front
104.015,21.0483,100,0
time
44.52
soc
67
f1,f2,first_soc,front
104.015,21.0483,100,0
time
44.52
soc
67
f1,f2,first_soc,front
104.015,21.0483,100,0
time
44.52
soc
67
f1,f2,first_soc,front
104.015,21.0483,100,0
time
44.52
soc
67
f1,f2,first_soc,front
104.015,21.0483,100,0
time
44.52
soc
67
f1,f2,first_soc,front
104.015,21.0483,100,0
time
44.52
soc
67
f1,f2,first_soc,front
104.015,21.0483,100,0
time
44.52
soc
67
f1,f2,first_soc,front
104.697,20.2697,100,0
time
45.88
soc
66
f1,f2,first_soc,front
104.697,20.2697,100,0
time
45.88
soc
66
f1,f2,first_soc,front
104.697,20.2697,100,0
time
45.88
soc
66
f1,f2,first_soc,front
104.697,20.2697,100,0
time
45.88
soc
66
f1,f2,first_soc,front
104.697,20.2697,100,0
time
45.88
soc
66
f1,f2,first_soc,front
104.697,20.2697,100,0
time
45.88
soc
66
第61世代
f1,f2,first_soc,front
104.015,21.0483,100,0
time
44.52
soc
67
f1,f2,first_soc,front
104.015,21.0483,100,0
time
44.52
soc
67
f1,f2,first_soc,front
113.735,11.5601,100,0
time
44.52,96.3205
soc
76,43
f1,f2,first_soc,front
112.765,11.563,100,0
time
45.88,73.9615
soc
59,67
f1,f2,first_soc,front
113.735,11.5601,100,0
time
44.52,96.3205
soc
76,43
f1,f2,first_soc,front
112.26,12.1097,100,0
time
45.88,73.9615
soc
59,66
f1,f2,first_soc,front
105.025,19.8933,100,0
time
44.52
soc
69
f1,f2,first_soc,front
105.348,19.5255,100,0
time
43.16
soc
72
f1,f2,first_soc,front
109.747,14.4947,100,0
time
45.88
soc
76
f1,f2,first_soc,front
110.076,14.1184,100,0
time
44.52
soc
79
f1,f2,first_soc,front
110.581,13.5409,100,0
time
44.52
soc
80
f1,f2,first_soc,front
105.707,19.1147,100,0
time
45.88
soc
68
f1,f2,first_soc,front
104.52,20.4708,100,0
time
44.52
soc
68
f1,f2,first_soc,front
110.757,13.3397,100,0
time
45.88
soc
78
f1,f2,first_soc,front
104.52,20.4708,100,0
time
44.52
soc
68
f1,f2,first_soc,front
104.015,21.0483,100,0
time
44.52
soc
67
f1,f2,first_soc,front
111.263,12.7622,100,0
time
45.88
soc
79
f1,f2,first_soc,front
111.768,12.1847,100,0
time
45.88
soc
80
f1,f2,first_soc,front
111.263,12.7622,100,0
time
45.88
soc
79
f1,f2,first_soc,front
111.768,12.1847,100,0
time
45.88
soc
80
f1,f2,first_soc,front
111.25,13.2647,100,0
time
45.88,73.9615
soc
59,64
f1,f2,first_soc,front
111.755,12.6872,100,0
time
45.88,73.9615
soc
59,65
f1,f2,first_soc,front
104.015,21.0483,100,0
time
44.52
soc
67
f1,f2,first_soc,front
111.755,12.6872,100,0
time
45.88,73.9615
soc
59,65
f1,f2,first_soc,front
111.25,13.2647,100,0
time
45.88,74.4666
soc
60,64
f1,f2,first_soc,front
109.389,14.9056,100,0
time
43.16
soc
80
f1,f2,first_soc,front
108.379,16.0606,100,0
time
43.16
soc
78
f1,f2,first_soc,front
107.045,17.5834,100,0
time
44.52
soc
73
f1,f2,first_soc,front
107.369,17.2156,100,0
time
43.16
soc
76
f1,f2,first_soc,front
109.066,15.2734,100,0
time
44.52
soc
77
f1,f2,first_soc,front
108.055,16.4284,100,0
time
44.52
soc
75
f1,f2,first_soc,front
105.53,19.3158,100,0
time
44.52
soc
70
f1,f2,first_soc,front
106.358,18.3705,100,0
time
43.16
soc
74
f1,f2,first_soc,front
106.54,18.1609,100,0
time
44.52
soc
72
f1,f2,first_soc,front
107.55,17.0059,100,0
time
44.52
soc
74
f1,f2,first_soc,front
108.561,15.8509,100,0
time
44.52
soc
76
f1,f2,first_soc,front
104.697,20.2697,100,0
time
45.88
soc
66
f1,f2,first_soc,front
110.252,13.9172,100,0
time
45.88
soc
77
f1,f2,first_soc,front
106.035,18.7383,100,0
time
44.52
soc
71
f1,f2,first_soc,front
106.212,18.5372,100,0
time
45.88
soc
69
f1,f2,first_soc,front
106.035,18.7383,100,0
time
44.52
soc
71
f1,f2,first_soc,front
108.737,15.6497,100,0
time
45.88
soc
74
f1,f2,first_soc,front
109.571,14.6959,100,0
time
44.52
soc
78
f1,f2,first_soc,front
109.747,14.4947,100,0
time
45.88
soc
76
f1,f2,first_soc,front
108.055,16.4284,100,0
time
44.52
soc
75
f1,f2,first_soc,front
110.076,14.1184,100,0
time
44.52
soc
79
f1,f2,first_soc,front
107.727,16.8047,100,0
time
45.88
soc
72
f1,f2,first_soc,front
110.581,13.5409,100,0
time
44.52
soc
80
f1,f2,first_soc,front
109.066,15.2734,100,0
time
44.52
soc
77
f1,f2,first_soc,front
106.717,17.9597,100,0
time
45.88
soc
70
f1,f2,first_soc,front
107.045,17.5834,100,0
time
44.52
soc
73
f1,f2,first_soc,front
106.864,17.793,100,0
time
43.16
soc
75
f1,f2,first_soc,front
107.874,16.6381,100,0
time
43.16
soc
77
f1,f2,first_soc,front
108.884,15.4831,100,0
time
43.16
soc
79
f1,f2,first_soc,front
108.232,16.2272,100,0
time
45.88
soc
73
f1,f2,first_soc,front
106.035,18.7383,100,0
time
44.52
soc
71
f1,f2,first_soc,front
104.697,20.2697,100,0
time
45.88
soc
66
f1,f2,first_soc,front
110.252,13.9172,100,0
time
45.88
soc
77
f1,f2,first_soc,front
112.538,11.7921,100,0
time
45.88,96.1474
soc
76,43
f1,f2,first_soc,front
112.391,11.9595,100,0
time
45.88,95.8371
soc
70,38
f1,f2,first_soc,front
105.53,19.3158,100,0
time
44.52
soc
70
f1,f2,first_soc,front
105.025,19.8933,100,0
time
44.52
soc
69
f1,f2,first_soc,front
105.202,19.6922,100,0
time
45.88
soc
67
f1,f2,first_soc,front
106.212,18.5372,100,0
time
45.88
soc
69
f1,f2,first_soc,front
106.358,18.3705,100,0
time
43.16
soc
74
f1,f2,first_soc,front
106.717,17.9597,100,0
time
45.88
soc
70
f1,f2,first_soc,front
107.727,16.8047,100,0
time
45.88
soc
72
f1,f2,first_soc,front
108.737,15.6497,100,0
time
45.88
soc
74
f1,f2,first_soc,front
109.389,14.9056,100,0
time
43.16
soc
80
f1,f2,first_soc,front
108.379,16.0606,100,0
time
43.16
soc
78
f1,f2,first_soc,front
107.369,17.2156,100,0
time
43.16
soc
76
f1,f2,first_soc,front
109.242,15.0722,100,0
time
45.88
soc
75
f1,f2,first_soc,front
112.618,11.7025,100,0
time
37.72,77.626
soc
75,62
f1,f2,first_soc,front
109.571,14.6959,100,0
time
44.52
soc
78
f1,f2,first_soc,front
108.884,15.4831,100,0
time
43.16
soc
79
f1,f2,first_soc,front
108.561,15.8509,100,0
time
44.52
soc
76
f1,f2,first_soc,front
106.864,17.793,100,0
time
43.16
soc
75
f1,f2,first_soc,front
107.874,16.6381,100,0
time
43.16
soc
77
f1,f2,first_soc,front
107.55,17.0059,100,0
time
44.52
soc
74
f1,f2,first_soc,front
107.222,17.3822,100,0
time
45.88
soc
71
f1,f2,first_soc,front
106.54,18.1609,100,0
time
44.52
soc
72
f1,f2,first_soc,front
109.242,15.0722,100,0
time
45.88
soc
75
f1,f2,first_soc,front
110.252,13.9172,100,0
time
45.88
soc
77
f1,f2,first_soc,front
104.697,20.2697,100,0
time
45.88
soc
66
f1,f2,first_soc,front
109.571,14.6959,100,0
time
44.52
soc
78
f1,f2,first_soc,front
107.55,17.0059,100,0
time
44.52
soc
74
f1,f2,first_soc,front
110.252,13.9172,100,0
time
45.88
soc
77
f1,f2,first_soc,front
108.232,16.2272,100,0
time
45.88
soc
73
f1,f2,first_soc,front
104.52,20.4708,100,0
time
44.52
soc
68
f1,f2,first_soc,front
108.561,15.8509,100,0
time
44.52
soc
76
f1,f2,first_soc,front
104.697,20.2697,100,0
time
45.88
soc
66
f1,f2,first_soc,front
107.222,17.3822,100,0
time
45.88
soc
71
f1,f2,first_soc,front
110.757,13.3397,100,0
time
45.88
soc
78
f1,f2,first_soc,front
109.242,15.0722,100,0
time
45.88
soc
75
f1,f2,first_soc,front
106.54,18.1609,100,0
time
44.52
soc
72
f1,f2,first_soc,front
105.677,19.149,100,0
time
41.8
soc
75
f1,f2,first_soc,front
105.172,19.7265,100,0
time
41.8
soc
74
f1,f2,first_soc,front
108.232,16.2272,100,0
time
45.88
soc
73
f1,f2,first_soc,front
107.222,17.3822,100,0
time
45.88
soc
71
f1,f2,first_soc,front
112.391,11.9595,100,0
time
45.88,95.8371
soc
70,38
f1,f2,first_soc,front
106.864,17.793,100,0
time
43.16
soc
75
f1,f2,first_soc,front
105.677,19.149,100,0
time
41.8
soc
75
f1,f2,first_soc,front
107.222,17.3822,100,0
time
45.88
soc
71
f1,f2,first_soc,front
107.874,16.6381,100,0
time
43.16
soc
77
f1,f2,first_soc,front
105.172,19.7265,100,0
time
41.8
soc
74
f1,f2,first_soc,front
108.884,15.4831,100,0
time
43.16
soc
79
f1,f2,first_soc,front
112.618,11.7025,100,0
time
37.72,77.626
soc
75,62
f1,f2,first_soc,front
112.553,11.7747,100,0
time
45.88,73.067
soc
68,76
f1,f2,first_soc,front
112.391,11.9595,100,0
time
45.88,95.8371
soc
70,38
f1,f2,first_soc,front
111.755,12.6872,100,0
time
45.88,73.4565
soc
58,65
f1,f2,first_soc,front
111.25,13.2647,100,0
time
45.88,73.9615
soc
59,64
f1,f2,first_soc,front
110.757,13.3397,100,0
time
45.88
soc
78
f1,f2,first_soc,front
112.618,11.7025,100,0
time
37.72,77.626
soc
75,62
f1,f2,first_soc,front
105.707,19.1147,100,0
time
45.88
soc
68
f1,f2,first_soc,front
105.677,19.149,100,0
time
41.8
soc
75
f1,f2,first_soc,front
105.202,19.6922,100,0
time
45.88
soc
67
f1,f2,first_soc,front
105.172,19.7265,100,0
time
41.8
soc
74
f1,f2,first_soc,front
112.538,11.7921,100,0
time
45.88,96.1474
soc
76,43
f1,f2,first_soc,front
112.553,11.7747,100,0
time
45.88,73.067
soc
68,76
f1,f2,first_soc,front
105.172,19.7265,100,0
time
41.8
soc
74
f1,f2,first_soc,front
104.697,20.2697,100,0
time
45.88
soc
66
f1,f2,first_soc,front
104.697,20.2697,100,0
time
45.88
soc
66
f1,f2,first_soc,front
104.697,20.2697,100,0
time
45.88
soc
66
f1,f2,first_soc,front
104.697,20.2697,100,0
time
45.88
soc
66
f1,f2,first_soc,front
104.697,20.2697,100,0
time
45.88
soc
66
f1,f2,first_soc,front
104.697,20.2697,100,0
time
45.88
soc
66
f1,f2,first_soc,front
104.697,20.2697,100,0
time
45.88
soc
66
f1,f2,first_soc,front
104.697,20.2697,100,0
time
45.88
soc
66
f1,f2,first_soc,front
104.697,20.2697,100,0
time
45.88
soc
66
f1,f2,first_soc,front
104.697,20.2697,100,0
time
45.88
soc
66
f1,f2,first_soc,front
104.697,20.2697,100,0
time
45.88
soc
66
f1,f2,first_soc,front
104.697,20.2697,100,0
time
45.88
soc
66
f1,f2,first_soc,front
104.697,20.2697,100,0
time
45.88
soc
66
f1,f2,first_soc,front
104.697,20.2697,100,0
time
45.88
soc
66
f1,f2,first_soc,front
104.697,20.2697,100,0
time
45.88
soc
66
f1,f2,first_soc,front
104.697,20.2697,100,0
time
45.88
soc
66
f1,f2,first_soc,front
104.697,20.2697,100,0
time
45.88
soc
66
f1,f2,first_soc,front
104.697,20.2697,100,0
time
45.88
soc
66
f1,f2,first_soc,front
104.697,20.2697,100,0
time
45.88
soc
66
f1,f2,first_soc,front
104.697,20.2697,100,0
time
45.88
soc
66
f1,f2,first_soc,front
104.697,20.2697,100,0
time
45.88
soc
66
f1,f2,first_soc,front
104.697,20.2697,100,0
time
45.88
soc
66
f1,f2,first_soc,front
104.697,20.2697,100,0
time
45.88
soc
66
f1,f2,first_soc,front
104.697,20.2697,100,0
time
45.88
soc
66
f1,f2,first_soc,front
104.697,20.2697,100,0
time
45.88
soc
66
f1,f2,first_soc,front
104.697,20.2697,100,0
time
45.88
soc
66
f1,f2,first_soc,front
104.697,20.2697,100,0
time
45.88
soc
66
f1,f2,first_soc,front
104.697,20.2697,100,0
time
45.88
soc
66
f1,f2,first_soc,front
104.697,20.2697,100,0
time
45.88
soc
66
f1,f2,first_soc,front
104.697,20.2697,100,0
time
45.88
soc
66
f1,f2,first_soc,front
104.697,20.2697,100,0
time
45.88
soc
66
f1,f2,first_soc,front
104.697,20.2697,100,0
time
45.88
soc
66
f1,f2,first_soc,front
104.697,20.2697,100,0
time
45.88
soc
66
f1,f2,first_soc,front
104.697,20.2697,100,0
time
45.88
soc
66
f1,f2,first_soc,front
104.697,20.2697,100,0
time
45.88
soc
66
f1,f2,first_soc,front
104.697,20.2697,100,0
time
45.88
soc
66
f1,f2,first_soc,front
104.697,20.2697,100,0
time
45.88
soc
66
f1,f2,first_soc,front
104.697,20.2697,100,0
time
45.88
soc
66
f1,f2,first_soc,front
104.697,20.2697,100,0
time
45.88
soc
66
f1,f2,first_soc,front
104.697,20.2697,100,0
time
45.88
soc
66
f1,f2,first_soc,front
104.015,21.0483,100,0
time
44.52
soc
67
f1,f2,first_soc,front
104.015,21.0483,100,0
time
44.52
soc
67
f1,f2,first_soc,front
113.735,11.5601,100,0
time
44.52,96.3205
soc
76,43
f1,f2,first_soc,front
113.735,11.5601,100,0
time
44.52,96.3205
soc
76,43
f1,f2,first_soc,front
104.015,21.0483,100,0
time
44.52
soc
67
f1,f2,first_soc,front
104.015,21.0483,100,0
time
44.52
soc
67
f1,f2,first_soc,front
104.015,21.0483,100,0
time
44.52
soc
67
f1,f2,first_soc,front
104.015,21.0483,100,0
time
44.52
soc
67
f1,f2,first_soc,front
104.015,21.0483,100,0
time
44.52
soc
67
f1,f2,first_soc,front
104.015,21.0483,100,0
time
44.52
soc
67
f1,f2,first_soc,front
104.015,21.0483,100,0
time
44.52
soc
67
f1,f2,first_soc,front
104.015,21.0483,100,0
time
44.52
soc
67
f1,f2,first_soc,front
104.015,21.0483,100,0
time
44.52
soc
67
f1,f2,first_soc,front
104.015,21.0483,100,0
time
44.52
soc
67
f1,f2,first_soc,front
104.015,21.0483,100,0
time
44.52
soc
67
f1,f2,first_soc,front
104.015,21.0483,100,0
time
44.52
soc
67
f1,f2,first_soc,front
104.015,21.0483,100,0
time
44.52
soc
67
f1,f2,first_soc,front
104.015,21.0483,100,0
time
44.52
soc
67
f1,f2,first_soc,front
104.015,21.0483,100,0
time
44.52
soc
67
f1,f2,first_soc,front
113.735,11.5601,100,0
time
44.52,96.3205
soc
76,43
f1,f2,first_soc,front
104.015,21.0483,100,0
time
44.52
soc
67
f1,f2,first_soc,front
104.015,21.0483,100,0
time
44.52
soc
67
f1,f2,first_soc,front
104.015,21.0483,100,0
time
44.52
soc
67
f1,f2,first_soc,front
104.015,21.0483,100,0
time
44.52
soc
67
f1,f2,first_soc,front
104.015,21.0483,100,0
time
44.52
soc
67
f1,f2,first_soc,front
104.015,21.0483,100,0
time
44.52
soc
67
f1,f2,first_soc,front
104.015,21.0483,100,0
time
44.52
soc
67
f1,f2,first_soc,front
104.015,21.0483,100,0
time
44.52
soc
67
f1,f2,first_soc,front
104.015,21.0483,100,0
time
44.52
soc
67
f1,f2,first_soc,front
104.015,21.0483,100,0
time
44.52
soc
67
f1,f2,first_soc,front
104.015,21.0483,100,0
time
44.52
soc
67
f1,f2,first_soc,front
104.015,21.0483,100,0
time
44.52
soc
67
f1,f2,first_soc,front
104.015,21.0483,100,0
time
44.52
soc
67
f1,f2,first_soc,front
104.015,21.0483,100,0
time
44.52
soc
67
f1,f2,first_soc,front
104.015,21.0483,100,0
time
44.52
soc
67
f1,f2,first_soc,front
104.015,21.0483,100,0
time
44.52
soc
67
f1,f2,first_soc,front
104.697,20.2697,100,0
time
45.88
soc
66
f1,f2,first_soc,front
104.52,20.4708,100,0
time
44.52
soc
68
f1,f2,first_soc,front
104.697,20.2697,100,0
time
45.88
soc
66
f1,f2,first_soc,front
105.707,19.1147,100,0
time
45.88
soc
68
第62世代
f1,f2,first_soc,front
113.735,11.5601,100,0
time
44.52,96.3205
soc
76,43
f1,f2,first_soc,front
104.015,21.0483,100,0
time
44.52
soc
67
f1,f2,first_soc,front
104.015,21.0483,100,0
time
44.52
soc
67
f1,f2,first_soc,front
111.263,12.7622,100,0
time
45.88
soc
79
f1,f2,first_soc,front
111.768,12.1847,100,0
time
45.88
soc
80
f1,f2,first_soc,front
112.765,11.563,100,0
time
45.88,73.9615
soc
59,67
f1,f2,first_soc,front
113.735,11.5601,100,0
time
44.52,96.3205
soc
76,43
f1,f2,first_soc,front
112.26,12.1097,100,0
time
45.88,73.9615
soc
59,66
f1,f2,first_soc,front
110.076,14.1184,100,0
time
44.52
soc
79
f1,f2,first_soc,front
106.035,18.7383,100,0
time
44.52
soc
71
f1,f2,first_soc,front
104.52,20.4708,100,0
time
44.52
soc
68
f1,f2,first_soc,front
104.52,20.4708,100,0
time
44.52
soc
68
f1,f2,first_soc,front
104.015,21.0483,100,0
time
44.52
soc
67
f1,f2,first_soc,front
111.755,12.6872,100,0
time
45.88,73.4565
soc
58,65
f1,f2,first_soc,front
110.757,13.3397,100,0
time
45.88
soc
78
f1,f2,first_soc,front
110.581,13.5409,100,0
time
44.52
soc
80
f1,f2,first_soc,front
109.747,14.4947,100,0
time
45.88
soc
76
f1,f2,first_soc,front
110.252,13.9172,100,0
time
45.88
soc
77
f1,f2,first_soc,front
105.025,19.8933,100,0
time
44.52
soc
69
f1,f2,first_soc,front
111.755,12.6872,100,0
time
45.88,74.4666
soc
60,65
f1,f2,first_soc,front
111.25,13.2647,100,0
time
45.88,74.4666
soc
60,64
f1,f2,first_soc,front
104.015,21.0483,100,0
time
44.52
soc
67
f1,f2,first_soc,front
105.025,19.8933,100,0
time
44.52
soc
69
f1,f2,first_soc,front
111.25,13.2647,100,0
time
45.88,73.9615
soc
59,64
f1,f2,first_soc,front
109.571,14.6959,100,0
time
44.52
soc
78
f1,f2,first_soc,front
108.561,15.8509,100,0
time
44.52
soc
76
f1,f2,first_soc,front
107.55,17.0059,100,0
time
44.52
soc
74
f1,f2,first_soc,front
109.066,15.2734,100,0
time
44.52
soc
77
f1,f2,first_soc,front
107.045,17.5834,100,0
time
44.52
soc
73
f1,f2,first_soc,front
108.379,16.0606,100,0
time
43.16
soc
78
f1,f2,first_soc,front
107.874,16.6381,100,0
time
43.16
soc
77
f1,f2,first_soc,front
106.358,18.3705,100,0
time
43.16
soc
74
f1,f2,first_soc,front
105.348,19.5255,100,0
time
43.16
soc
72
f1,f2,first_soc,front
105.53,19.3158,100,0
time
44.52
soc
70
f1,f2,first_soc,front
104.697,20.2697,100,0
time
45.88
soc
66
f1,f2,first_soc,front
110.252,13.9172,100,0
time
45.88
soc
77
f1,f2,first_soc,front
109.747,14.4947,100,0
time
45.88
soc
76
f1,f2,first_soc,front
105.707,19.1147,100,0
time
45.88
soc
68
f1,f2,first_soc,front
106.035,18.7383,100,0
time
44.52
soc
71
f1,f2,first_soc,front
108.232,16.2272,100,0
time
45.88
soc
73
f1,f2,first_soc,front
108.737,15.6497,100,0
time
45.88
soc
74
f1,f2,first_soc,front
108.561,15.8509,100,0
time
44.52
soc
76
f1,f2,first_soc,front
109.571,14.6959,100,0
time
44.52
soc
78
f1,f2,first_soc,front
106.54,18.1609,100,0
time
44.52
soc
72
f1,f2,first_soc,front
110.076,14.1184,100,0
time
44.52
soc
79
f1,f2,first_soc,front
107.55,17.0059,100,0
time
44.52
soc
74
f1,f2,first_soc,front
109.242,15.0722,100,0
time
45.88
soc
75
f1,f2,first_soc,front
109.066,15.2734,100,0
time
44.52
soc
77
f1,f2,first_soc,front
110.757,13.3397,100,0
time
45.88
soc
78
f1,f2,first_soc,front
107.045,17.5834,100,0
time
44.52
soc
73
f1,f2,first_soc,front
106.717,17.9597,100,0
time
45.88
soc
70
f1,f2,first_soc,front
108.055,16.4284,100,0
time
44.52
soc
75
f1,f2,first_soc,front
105.707,19.1147,100,0
time
45.88
soc
68
f1,f2,first_soc,front
108.884,15.4831,100,0
time
43.16
soc
79
f1,f2,first_soc,front
109.389,14.9056,100,0
time
43.16
soc
80
f1,f2,first_soc,front
106.212,18.5372,100,0
time
45.88
soc
69
f1,f2,first_soc,front
107.727,16.8047,100,0
time
45.88
soc
72
f1,f2,first_soc,front
107.222,17.3822,100,0
time
45.88
soc
71
f1,f2,first_soc,front
104.697,20.2697,100,0
time
45.88
soc
66
f1,f2,first_soc,front
110.581,13.5409,100,0
time
44.52
soc
80
f1,f2,first_soc,front
112.391,11.9595,100,0
time
45.88,95.8371
soc
70,38
f1,f2,first_soc,front
105.53,19.3158,100,0
time
44.52
soc
70
f1,f2,first_soc,front
105.677,19.149,100,0
time
41.8
soc
75
f1,f2,first_soc,front
105.172,19.7265,100,0
time
41.8
soc
74
f1,f2,first_soc,front
105.348,19.5255,100,0
time
43.16
soc
72
f1,f2,first_soc,front
106.358,18.3705,100,0
time
43.16
soc
74
f1,f2,first_soc,front
108.737,15.6497,100,0
time
45.88
soc
74
f1,f2,first_soc,front
106.717,17.9597,100,0
time
45.88
soc
70
f1,f2,first_soc,front
106.864,17.793,100,0
time
43.16
soc
75
f1,f2,first_soc,front
107.874,16.6381,100,0
time
43.16
soc
77
f1,f2,first_soc,front
109.242,15.0722,100,0
time
45.88
soc
75
f1,f2,first_soc,front
108.232,16.2272,100,0
time
45.88
soc
73
f1,f2,first_soc,front
112.765,11.563,100,0
time
45.88,73.9615
soc
59,67
f1,f2,first_soc,front
112.618,11.7025,100,0
time
37.72,77.626
soc
75,62
f1,f2,first_soc,front
112.391,11.9595,100,0
time
45.88,95.8371
soc
70,38
f1,f2,first_soc,front
109.389,14.9056,100,0
time
43.16
soc
80
f1,f2,first_soc,front
107.369,17.2156,100,0
time
43.16
soc
76
f1,f2,first_soc,front
106.54,18.1609,100,0
time
44.52
soc
72
f1,f2,first_soc,front
108.055,16.4284,100,0
time
44.52
soc
75
f1,f2,first_soc,front
108.884,15.4831,100,0
time
43.16
soc
79
f1,f2,first_soc,front
106.864,17.793,100,0
time
43.16
soc
75
f1,f2,first_soc,front
110.581,13.5409,100,0
time
44.52
soc
80
f1,f2,first_soc,front
104.697,20.2697,100,0
time
45.88
soc
66
f1,f2,first_soc,front
105.202,19.6922,100,0
time
45.88
soc
67
f1,f2,first_soc,front
112.538,11.7921,100,0
time
45.88,96.1474
soc
76,43
f1,f2,first_soc,front
108.055,16.4284,100,0
time
44.52
soc
75
f1,f2,first_soc,front
107.369,17.2156,100,0
time
43.16
soc
76
f1,f2,first_soc,front
106.864,17.793,100,0
time
43.16
soc
75
f1,f2,first_soc,front
106.54,18.1609,100,0
time
44.52
soc
72
f1,f2,first_soc,front
105.202,19.6922,100,0
time
45.88
soc
67
f1,f2,first_soc,front
104.52,20.4708,100,0
time
44.52
soc
68
f1,f2,first_soc,front
107.222,17.3822,100,0
time
45.88
soc
71
f1,f2,first_soc,front
107.727,16.8047,100,0
time
45.88
soc
72
f1,f2,first_soc,front
109.747,14.4947,100,0
time
45.88
soc
76
f1,f2,first_soc,front
104.697,20.2697,100,0
time
45.88
soc
66
f1,f2,first_soc,front
110.252,13.9172,100,0
time
45.88
soc
77
f1,f2,first_soc,front
106.212,18.5372,100,0
time
45.88
soc
69
f1,f2,first_soc,front
107.727,16.8047,100,0
time
45.88
soc
72
f1,f2,first_soc,front
108.379,16.0606,100,0
time
43.16
soc
78
f1,f2,first_soc,front
107.369,17.2156,100,0
time
43.16
soc
76
f1,f2,first_soc,front
107.222,17.3822,100,0
time
45.88
soc
71
f1,f2,first_soc,front
106.212,18.5372,100,0
time
45.88
soc
69
f1,f2,first_soc,front
112.538,11.7921,100,0
time
45.88,96.1474
soc
76,43
f1,f2,first_soc,front
108.379,16.0606,100,0
time
43.16
soc
78
f1,f2,first_soc,front
107.369,17.2156,100,0
time
43.16
soc
76
f1,f2,first_soc,front
109.389,14.9056,100,0
time
43.16
soc
80
f1,f2,first_soc,front
108.884,15.4831,100,0
time
43.16
soc
79
f1,f2,first_soc,front
112.618,11.7025,100,0
time
37.72,77.626
soc
75,62
f1,f2,first_soc,front
112.553,11.7747,100,0
time
45.88,73.067
soc
68,76
f1,f2,first_soc,front
111.25,13.2647,100,0
time
45.88,73.9615
soc
59,64
f1,f2,first_soc,front
111.263,12.7622,100,0
time
45.88
soc
79
f1,f2,first_soc,front
111.768,12.1847,100,0
time
45.88
soc
80
f1,f2,first_soc,front
105.677,19.149,100,0
time
41.8
soc
75
f1,f2,first_soc,front
105.172,19.7265,100,0
time
41.8
soc
74
f1,f2,first_soc,front
112.553,11.7747,100,0
time
45.88,73.067
soc
68,76
f1,f2,first_soc,front
105.707,19.1147,100,0
time
45.88
soc
68
f1,f2,first_soc,front
111.263,12.7622,100,0
time
45.88
soc
79
f1,f2,first_soc,front
111.768,12.1847,100,0
time
45.88
soc
80
f1,f2,first_soc,front
113.735,11.5601,100,0
time
44.52,96.3205
soc
76,43
f1,f2,first_soc,front
104.697,20.2697,100,0
time
45.88
soc
66
f1,f2,first_soc,front
104.697,20.2697,100,0
time
45.88
soc
66
f1,f2,first_soc,front
104.697,20.2697,100,0
time
45.88
soc
66
f1,f2,first_soc,front
104.697,20.2697,100,0
time
45.88
soc
66
f1,f2,first_soc,front
104.697,20.2697,100,0
time
45.88
soc
66
f1,f2,first_soc,front
104.697,20.2697,100,0
time
45.88
soc
66
f1,f2,first_soc,front
104.697,20.2697,100,0
time
45.88
soc
66
f1,f2,first_soc,front
104.697,20.2697,100,0
time
45.88
soc
66
f1,f2,first_soc,front
104.697,20.2697,100,0
time
45.88
soc
66
f1,f2,first_soc,front
104.697,20.2697,100,0
time
45.88
soc
66
f1,f2,first_soc,front
104.697,20.2697,100,0
time
45.88
soc
66
f1,f2,first_soc,front
104.697,20.2697,100,0
time
45.88
soc
66
f1,f2,first_soc,front
104.697,20.2697,100,0
time
45.88
soc
66
f1,f2,first_soc,front
104.697,20.2697,100,0
time
45.88
soc
66
f1,f2,first_soc,front
104.697,20.2697,100,0
time
45.88
soc
66
f1,f2,first_soc,front
104.697,20.2697,100,0
time
45.88
soc
66
f1,f2,first_soc,front
104.697,20.2697,100,0
time
45.88
soc
66
f1,f2,first_soc,front
104.697,20.2697,100,0
time
45.88
soc
66
f1,f2,first_soc,front
104.697,20.2697,100,0
time
45.88
soc
66
f1,f2,first_soc,front
104.697,20.2697,100,0
time
45.88
soc
66
f1,f2,first_soc,front
104.697,20.2697,100,0
time
45.88
soc
66
f1,f2,first_soc,front
104.697,20.2697,100,0
time
45.88
soc
66
f1,f2,first_soc,front
104.697,20.2697,100,0
time
45.88
soc
66
f1,f2,first_soc,front
104.697,20.2697,100,0
time
45.88
soc
66
f1,f2,first_soc,front
104.697,20.2697,100,0
time
45.88
soc
66
f1,f2,first_soc,front
104.697,20.2697,100,0
time
45.88
soc
66
f1,f2,first_soc,front
104.697,20.2697,100,0
time
45.88
soc
66
f1,f2,first_soc,front
104.697,20.2697,100,0
time
45.88
soc
66
f1,f2,first_soc,front
104.697,20.2697,100,0
time
45.88
soc
66
f1,f2,first_soc,front
104.697,20.2697,100,0
time
45.88
soc
66
f1,f2,first_soc,front
104.697,20.2697,100,0
time
45.88
soc
66
f1,f2,first_soc,front
104.697,20.2697,100,0
time
45.88
soc
66
f1,f2,first_soc,front
104.697,20.2697,100,0
time
45.88
soc
66
f1,f2,first_soc,front
104.697,20.2697,100,0
time
45.88
soc
66
f1,f2,first_soc,front
104.697,20.2697,100,0
time
45.88
soc
66
f1,f2,first_soc,front
104.697,20.2697,100,0
time
45.88
soc
66
f1,f2,first_soc,front
104.697,20.2697,100,0
time
45.88
soc
66
f1,f2,first_soc,front
104.697,20.2697,100,0
time
45.88
soc
66
f1,f2,first_soc,front
104.015,21.0483,100,0
time
44.52
soc
67
f1,f2,first_soc,front
113.735,11.5601,100,0
time
44.52,96.3205
soc
76,43
f1,f2,first_soc,front
104.015,21.0483,100,0
time
44.52
soc
67
f1,f2,first_soc,front
104.015,21.0483,100,0
time
44.52
soc
67
f1,f2,first_soc,front
104.015,21.0483,100,0
time
44.52
soc
67
f1,f2,first_soc,front
104.015,21.0483,100,0
time
44.52
soc
67
f1,f2,first_soc,front
104.015,21.0483,100,0
time
44.52
soc
67
f1,f2,first_soc,front
104.015,21.0483,100,0
time
44.52
soc
67
f1,f2,first_soc,front
104.015,21.0483,100,0
time
44.52
soc
67
f1,f2,first_soc,front
104.015,21.0483,100,0
time
44.52
soc
67
f1,f2,first_soc,front
104.015,21.0483,100,0
time
44.52
soc
67
f1,f2,first_soc,front
104.015,21.0483,100,0
time
44.52
soc
67
f1,f2,first_soc,front
104.015,21.0483,100,0
time
44.52
soc
67
f1,f2,first_soc,front
104.015,21.0483,100,0
time
44.52
soc
67
f1,f2,first_soc,front
104.015,21.0483,100,0
time
44.52
soc
67
f1,f2,first_soc,front
104.015,21.0483,100,0
time
44.52
soc
67
f1,f2,first_soc,front
104.015,21.0483,100,0
time
44.52
soc
67
f1,f2,first_soc,front
104.015,21.0483,100,0
time
44.52
soc
67
f1,f2,first_soc,front
104.015,21.0483,100,0
time
44.52
soc
67
f1,f2,first_soc,front
104.015,21.0483,100,0
time
44.52
soc
67
f1,f2,first_soc,front
113.735,11.5601,100,0
time
44.52,96.3205
soc
76,43
f1,f2,first_soc,front
104.015,21.0483,100,0
time
44.52
soc
67
f1,f2,first_soc,front
104.015,21.0483,100,0
time
44.52
soc
67
f1,f2,first_soc,front
104.015,21.0483,100,0
time
44.52
soc
67
f1,f2,first_soc,front
104.015,21.0483,100,0
time
44.52
soc
67
f1,f2,first_soc,front
104.015,21.0483,100,0
time
44.52
soc
67
f1,f2,first_soc,front
104.015,21.0483,100,0
time
44.52
soc
67
f1,f2,first_soc,front
104.015,21.0483,100,0
time
44.52
soc
67
f1,f2,first_soc,front
104.015,21.0483,100,0
time
44.52
soc
67
f1,f2,first_soc,front
104.015,21.0483,100,0
time
44.52
soc
67
f1,f2,first_soc,front
104.015,21.0483,100,0
time
44.52
soc
67
f1,f2,first_soc,front
104.015,21.0483,100,0
time
44.52
soc
67
f1,f2,first_soc,front
104.015,21.0483,100,0
time
44.52
soc
67
f1,f2,first_soc,front
104.015,21.0483,100,0
time
44.52
soc
67
f1,f2,first_soc,front
104.015,21.0483,100,0
time
44.52
soc
67
f1,f2,first_soc,front
104.015,21.0483,100,0
time
44.52
soc
67
f1,f2,first_soc,front
104.015,21.0483,100,0
time
44.52
soc
67
f1,f2,first_soc,front
104.015,21.0483,100,0
time
44.52
soc
67
f1,f2,first_soc,front
104.697,20.2697,100,0
time
45.88
soc
66
f1,f2,first_soc,front
104.697,20.2697,100,0
time
45.88
soc
66
f1,f2,first_soc,front
106.717,17.9597,100,0
time
45.88
soc
70
f1,f2,first_soc,front
104.697,20.2697,100,0
time
45.88
soc
66
f1,f2,first_soc,front
104.697,20.2697,100,0
time
45.88
soc
66
第63世代
f1,f2,first_soc,front
104.015,21.0483,100,0
time
44.52
soc
67
f1,f2,first_soc,front
113.735,11.5601,100,0
time
44.52,96.3205
soc
76,43
f1,f2,first_soc,front
104.015,21.0483,100,0
time
44.52
soc
67
f1,f2,first_soc,front
112.765,11.563,100,0
time
45.88,73.9615
soc
59,67
f1,f2,first_soc,front
111.263,12.7622,100,0
time
45.88
soc
79
f1,f2,first_soc,front
111.768,12.1847,100,0
time
45.88
soc
80
f1,f2,first_soc,front
113.735,11.5601,100,0
time
44.52,96.3205
soc
76,43
f1,f2,first_soc,front
104.52,20.4708,100,0
time
44.52
soc
68
f1,f2,first_soc,front
105.025,19.8933,100,0
time
44.52
soc
69
f1,f2,first_soc,front
110.252,13.9172,100,0
time
45.88
soc
77
f1,f2,first_soc,front
109.747,14.4947,100,0
time
45.88
soc
76
f1,f2,first_soc,front
104.015,21.0483,100,0
time
44.52
soc
67
f1,f2,first_soc,front
111.755,12.6872,100,0
time
45.88,74.4666
soc
60,65
f1,f2,first_soc,front
110.757,13.3397,100,0
time
45.88
soc
78
f1,f2,first_soc,front
112.26,12.1097,100,0
time
45.88,74.4666
soc
60,66
f1,f2,first_soc,front
110.076,14.1184,100,0
time
44.52
soc
79
f1,f2,first_soc,front
106.035,18.7383,100,0
time
44.52
soc
71
f1,f2,first_soc,front
110.076,14.1184,100,0
time
44.52
soc
79
f1,f2,first_soc,front
111.755,12.6872,100,0
time
45.88,74.4666
soc
60,65
f1,f2,first_soc,front
111.25,13.2647,100,0
time
45.88,73.9615
soc
59,64
f1,f2,first_soc,front
104.52,20.4708,100,0
time
44.52
soc
68
f1,f2,first_soc,front
104.015,21.0483,100,0
time
44.52
soc
67
f1,f2,first_soc,front
111.25,13.2647,100,0
time
45.88,74.4666
soc
60,64
f1,f2,first_soc,front
109.066,15.2734,100,0
time
44.52
soc
77
f1,f2,first_soc,front
107.55,17.0059,100,0
time
44.52
soc
74
f1,f2,first_soc,front
108.379,16.0606,100,0
time
43.16
soc
78
f1,f2,first_soc,front
107.874,16.6381,100,0
time
43.16
soc
77
f1,f2,first_soc,front
106.864,17.793,100,0
time
43.16
soc
75
f1,f2,first_soc,front
105.53,19.3158,100,0
time
44.52
soc
70
f1,f2,first_soc,front
106.358,18.3705,100,0
time
43.16
soc
74
f1,f2,first_soc,front
109.571,14.6959,100,0
time
44.52
soc
78
f1,f2,first_soc,front
107.045,17.5834,100,0
time
44.52
soc
73
f1,f2,first_soc,front
108.561,15.8509,100,0
time
44.52
soc
76
f1,f2,first_soc,front
108.055,16.4284,100,0
time
44.52
soc
75
f1,f2,first_soc,front
106.54,18.1609,100,0
time
44.52
soc
72
f1,f2,first_soc,front
108.561,15.8509,100,0
time
44.52
soc
76
f1,f2,first_soc,front
106.54,18.1609,100,0
time
44.52
soc
72
f1,f2,first_soc,front
104.697,20.2697,100,0
time
45.88
soc
66
f1,f2,first_soc,front
110.581,13.5409,100,0
time
44.52
soc
80
f1,f2,first_soc,front
105.707,19.1147,100,0
time
45.88
soc
68
f1,f2,first_soc,front
106.212,18.5372,100,0
time
45.88
soc
69
f1,f2,first_soc,front
110.252,13.9172,100,0
time
45.88
soc
77
f1,f2,first_soc,front
109.747,14.4947,100,0
time
45.88
soc
76
f1,f2,first_soc,front
110.757,13.3397,100,0
time
45.88
soc
78
f1,f2,first_soc,front
108.232,16.2272,100,0
time
45.88
soc
73
f1,f2,first_soc,front
109.066,15.2734,100,0
time
44.52
soc
77
f1,f2,first_soc,front
108.737,15.6497,100,0
time
45.88
soc
74
f1,f2,first_soc,front
106.717,17.9597,100,0
time
45.88
soc
70
f1,f2,first_soc,front
107.222,17.3822,100,0
time
45.88
soc
71
f1,f2,first_soc,front
107.55,17.0059,100,0
time
44.52
soc
74
f1,f2,first_soc,front
109.242,15.0722,100,0
time
45.88
soc
75
f1,f2,first_soc,front
105.707,19.1147,100,0
time
45.88
soc
68
f1,f2,first_soc,front
105.348,19.5255,100,0
time
43.16
soc
72
f1,f2,first_soc,front
109.389,14.9056,100,0
time
43.16
soc
80
f1,f2,first_soc,front
108.884,15.4831,100,0
time
43.16
soc
79
f1,f2,first_soc,front
107.369,17.2156,100,0
time
43.16
soc
76
f1,f2,first_soc,front
109.389,14.9056,100,0
time
43.16
soc
80
f1,f2,first_soc,front
107.727,16.8047,100,0
time
45.88
soc
72
f1,f2,first_soc,front
104.697,20.2697,100,0
time
45.88
soc
66
f1,f2,first_soc,front
106.035,18.7383,100,0
time
44.52
soc
71
f1,f2,first_soc,front
110.581,13.5409,100,0
time
44.52
soc
80
f1,f2,first_soc,front
112.538,11.7921,100,0
time
45.88,96.1474
soc
76,43
f1,f2,first_soc,front
105.677,19.149,100,0
time
41.8
soc
75
f1,f2,first_soc,front
105.53,19.3158,100,0
time
44.52
soc
70
f1,f2,first_soc,front
105.172,19.7265,100,0
time
41.8
soc
74
f1,f2,first_soc,front
105.025,19.8933,100,0
time
44.52
soc
69
f1,f2,first_soc,front
105.202,19.6922,100,0
time
45.88
soc
67
f1,f2,first_soc,front
106.212,18.5372,100,0
time
45.88
soc
69
f1,f2,first_soc,front
106.358,18.3705,100,0
time
43.16
soc
74
f1,f2,first_soc,front
108.737,15.6497,100,0
time
45.88
soc
74
f1,f2,first_soc,front
106.864,17.793,100,0
time
43.16
soc
75
f1,f2,first_soc,front
107.874,16.6381,100,0
time
43.16
soc
77
f1,f2,first_soc,front
107.222,17.3822,100,0
time
45.88
soc
71
f1,f2,first_soc,front
109.242,15.0722,100,0
time
45.88
soc
75
f1,f2,first_soc,front
108.379,16.0606,100,0
time
43.16
soc
78
f1,f2,first_soc,front
108.232,16.2272,100,0
time
45.88
soc
73
f1,f2,first_soc,front
112.391,11.9595,100,0
time
45.88,95.8371
soc
70,38
f1,f2,first_soc,front
112.618,11.7025,100,0
time
37.72,77.626
soc
75,62
f1,f2,first_soc,front
112.26,12.1097,100,0
time
45.88,73.9615
soc
59,66
f1,f2,first_soc,front
107.369,17.2156,100,0
time
43.16
soc
76
f1,f2,first_soc,front
108.884,15.4831,100,0
time
43.16
soc
79
f1,f2,first_soc,front
106.035,18.7383,100,0
time
44.52
soc
71
f1,f2,first_soc,front
108.055,16.4284,100,0
time
44.52
soc
75
f1,f2,first_soc,front
107.045,17.5834,100,0
time
44.52
soc
73
f1,f2,first_soc,front
104.697,20.2697,100,0
time
45.88
soc
66
f1,f2,first_soc,front
110.581,13.5409,100,0
time
44.52
soc
80
f1,f2,first_soc,front
104.52,20.4708,100,0
time
44.52
soc
68
f1,f2,first_soc,front
109.571,14.6959,100,0
time
44.52
soc
78
f1,f2,first_soc,front
109.571,14.6959,100,0
time
44.52
soc
78
f1,f2,first_soc,front
108.055,16.4284,100,0
time
44.52
soc
75
f1,f2,first_soc,front
107.045,17.5834,100,0
time
44.52
soc
73
f1,f2,first_soc,front
105.348,19.5255,100,0
time
43.16
soc
72
f1,f2,first_soc,front
104.697,20.2697,100,0
time
45.88
soc
66
f1,f2,first_soc,front
107.727,16.8047,100,0
time
45.88
soc
72
f1,f2,first_soc,front
110.581,13.5409,100,0
time
44.52
soc
80
f1,f2,first_soc,front
112.391,11.9595,100,0
time
45.88,95.8371
soc
70,38
f1,f2,first_soc,front
105.348,19.5255,100,0
time
43.16
soc
72
f1,f2,first_soc,front
106.717,17.9597,100,0
time
45.88
soc
70
f1,f2,first_soc,front
107.727,16.8047,100,0
time
45.88
soc
72
f1,f2,first_soc,front
112.765,11.563,100,0
time
45.88,73.9615
soc
59,67
f1,f2,first_soc,front
106.717,17.9597,100,0
time
45.88
soc
70
f1,f2,first_soc,front
107.369,17.2156,100,0
time
43.16
soc
76
f1,f2,first_soc,front
108.884,15.4831,100,0
time
43.16
soc
79
f1,f2,first_soc,front
112.618,11.7025,100,0
time
37.72,77.626
soc
75,62
f1,f2,first_soc,front
112.553,11.7747,100,0
time
45.88,73.067
soc
68,76
f1,f2,first_soc,front
112.391,11.9595,100,0
time
45.88,95.8371
soc
70,38
f1,f2,first_soc,front
111.25,13.2647,100,0
time
45.88,73.9615
soc
59,64
f1,f2,first_soc,front
111.263,12.7622,100,0
time
45.88
soc
79
f1,f2,first_soc,front
111.768,12.1847,100,0
time
45.88
soc
80
f1,f2,first_soc,front
105.172,19.7265,100,0
time
41.8
soc
74
f1,f2,first_soc,front
105.677,19.149,100,0
time
41.8
soc
75
f1,f2,first_soc,front
105.202,19.6922,100,0
time
45.88
soc
67
f1,f2,first_soc,front
112.538,11.7921,100,0
time
45.88,96.1474
soc
76,43
f1,f2,first_soc,front
112.553,11.7747,100,0
time
45.88,73.067
soc
68,76
f1,f2,first_soc,front
105.707,19.1147,100,0
time
45.88
soc
68
f1,f2,first_soc,front
111.263,12.7622,100,0
time
45.88
soc
79
f1,f2,first_soc,front
111.768,12.1847,100,0
time
45.88
soc
80
f1,f2,first_soc,front
112.765,11.563,100,0
time
45.88,73.9615
soc
59,67
f1,f2,first_soc,front
104.697,20.2697,100,0
time
45.88
soc
66
f1,f2,first_soc,front
104.697,20.2697,100,0
time
45.88
soc
66
f1,f2,first_soc,front
106.717,17.9597,100,0
time
45.88
soc
70
f1,f2,first_soc,front
104.697,20.2697,100,0
time
45.88
soc
66
f1,f2,first_soc,front
104.697,20.2697,100,0
time
45.88
soc
66
f1,f2,first_soc,front
104.697,20.2697,100,0
time
45.88
soc
66
f1,f2,first_soc,front
105.025,19.8933,100,0
time
44.52
soc
69
f1,f2,first_soc,front
104.015,21.0483,100,0
time
44.52
soc
67
f1,f2,first_soc,front
104.697,20.2697,100,0
time
45.88
soc
66
f1,f2,first_soc,front
104.697,20.2697,100,0
time
45.88
soc
66
f1,f2,first_soc,front
104.697,20.2697,100,0
time
45.88
soc
66
f1,f2,first_soc,front
104.697,20.2697,100,0
time
45.88
soc
66
f1,f2,first_soc,front
104.015,21.0483,100,0
time
44.52
soc
67
f1,f2,first_soc,front
104.015,21.0483,100,0
time
44.52
soc
67
f1,f2,first_soc,front
104.697,20.2697,100,0
time
45.88
soc
66
f1,f2,first_soc,front
104.015,21.0483,100,0
time
44.52
soc
67
f1,f2,first_soc,front
104.697,20.2697,100,0
time
45.88
soc
66
f1,f2,first_soc,front
104.697,20.2697,100,0
time
45.88
soc
66
f1,f2,first_soc,front
104.015,21.0483,100,0
time
44.52
soc
67
f1,f2,first_soc,front
104.697,20.2697,100,0
time
45.88
soc
66
f1,f2,first_soc,front
104.697,20.2697,100,0
time
45.88
soc
66
f1,f2,first_soc,front
104.697,20.2697,100,0
time
45.88
soc
66
f1,f2,first_soc,front
104.697,20.2697,100,0
time
45.88
soc
66
f1,f2,first_soc,front
104.697,20.2697,100,0
time
45.88
soc
66
f1,f2,first_soc,front
104.697,20.2697,100,0
time
45.88
soc
66
f1,f2,first_soc,front
104.697,20.2697,100,0
time
45.88
soc
66
f1,f2,first_soc,front
104.697,20.2697,100,0
time
45.88
soc
66
f1,f2,first_soc,front
104.697,20.2697,100,0
time
45.88
soc
66
f1,f2,first_soc,front
104.697,20.2697,100,0
time
45.88
soc
66
f1,f2,first_soc,front
104.697,20.2697,100,0
time
45.88
soc
66
f1,f2,first_soc,front
104.015,21.0483,100,0
time
44.52
soc
67
f1,f2,first_soc,front
104.015,21.0483,100,0
time
44.52
soc
67
f1,f2,first_soc,front
104.697,20.2697,100,0
time
45.88
soc
66
f1,f2,first_soc,front
104.697,20.2697,100,0
time
45.88
soc
66
f1,f2,first_soc,front
104.697,20.2697,100,0
time
45.88
soc
66
f1,f2,first_soc,front
104.697,20.2697,100,0
time
45.88
soc
66
f1,f2,first_soc,front
104.015,21.0483,100,0
time
44.52
soc
67
f1,f2,first_soc,front
104.697,20.2697,100,0
time
45.88
soc
66
f1,f2,first_soc,front
104.697,20.2697,100,0
time
45.88
soc
66
f1,f2,first_soc,front
104.697,20.2697,100,0
time
45.88
soc
66
f1,f2,first_soc,front
104.697,20.2697,100,0
time
45.88
soc
66
f1,f2,first_soc,front
104.015,21.0483,100,0
time
44.52
soc
67
f1,f2,first_soc,front
104.015,21.0483,100,0
time
44.52
soc
67
f1,f2,first_soc,front
104.015,21.0483,100,0
time
44.52
soc
67
f1,f2,first_soc,front
104.015,21.0483,100,0
time
44.52
soc
67
f1,f2,first_soc,front
104.015,21.0483,100,0
time
44.52
soc
67
f1,f2,first_soc,front
104.015,21.0483,100,0
time
44.52
soc
67
f1,f2,first_soc,front
104.015,21.0483,100,0
time
44.52
soc
67
f1,f2,first_soc,front
104.015,21.0483,100,0
time
44.52
soc
67
f1,f2,first_soc,front
104.52,20.4708,100,0
time
44.52
soc
68
f1,f2,first_soc,front
104.52,20.4708,100,0
time
44.52
soc
68
f1,f2,first_soc,front
104.015,21.0483,100,0
time
44.52
soc
67
f1,f2,first_soc,front
104.015,21.0483,100,0
time
44.52
soc
67
f1,f2,first_soc,front
104.697,20.2697,100,0
time
45.88
soc
66
f1,f2,first_soc,front
104.015,21.0483,100,0
time
44.52
soc
67
f1,f2,first_soc,front
104.697,20.2697,100,0
time
45.88
soc
66
f1,f2,first_soc,front
104.697,20.2697,100,0
time
45.88
soc
66
f1,f2,first_soc,front
104.015,21.0483,100,0
time
44.52
soc
67
f1,f2,first_soc,front
104.697,20.2697,100,0
time
45.88
soc
66
f1,f2,first_soc,front
104.697,20.2697,100,0
time
45.88
soc
66
f1,f2,first_soc,front
104.697,20.2697,100,0
time
45.88
soc
66
f1,f2,first_soc,front
104.015,21.0483,100,0
time
44.52
soc
67
f1,f2,first_soc,front
104.015,21.0483,100,0
time
44.52
soc
67
f1,f2,first_soc,front
104.015,21.0483,100,0
time
44.52
soc
67
f1,f2,first_soc,front
104.015,21.0483,100,0
time
44.52
soc
67
f1,f2,first_soc,front
104.015,21.0483,100,0
time
44.52
soc
67
f1,f2,first_soc,front
104.015,21.0483,100,0
time
44.52
soc
67
f1,f2,first_soc,front
104.015,21.0483,100,0
time
44.52
soc
67
f1,f2,first_soc,front
104.015,21.0483,100,0
time
44.52
soc
67
f1,f2,first_soc,front
104.015,21.0483,100,0
time
44.52
soc
67
f1,f2,first_soc,front
104.697,20.2697,100,0
time
45.88
soc
66
f1,f2,first_soc,front
104.015,21.0483,100,0
time
44.52
soc
67
f1,f2,first_soc,front
104.015,21.0483,100,0
time
44.52
soc
67
f1,f2,first_soc,front
104.015,21.0483,100,0
time
44.52
soc
67
f1,f2,first_soc,front
104.015,21.0483,100,0
time
44.52
soc
67
f1,f2,first_soc,front
104.015,21.0483,100,0
time
44.52
soc
67
f1,f2,first_soc,front
104.015,21.0483,100,0
time
44.52
soc
67
f1,f2,first_soc,front
104.015,21.0483,100,0
time
44.52
soc
67
f1,f2,first_soc,front
104.697,20.2697,100,0
time
45.88
soc
66
f1,f2,first_soc,front
104.697,20.2697,100,0
time
45.88
soc
66
f1,f2,first_soc,front
104.697,20.2697,100,0
time
45.88
soc
66
f1,f2,first_soc,front
104.697,20.2697,100,0
time
45.88
soc
66
第64世代
f1,f2,first_soc,front
104.015,21.0483,100,0
time
44.52
soc
67
f1,f2,first_soc,front
113.735,11.5601,100,0
time
44.52,96.3205
soc
76,43
f1,f2,first_soc,front
104.015,21.0483,100,0
time
44.52
soc
67
f1,f2,first_soc,front
113.735,11.5601,100,0
time
44.52,96.3205
soc
76,43
f1,f2,first_soc,front
112.765,11.563,100,0
time
45.88,73.9615
soc
59,67
f1,f2,first_soc,front
104.52,20.4708,100,0
time
44.52
soc
68
f1,f2,first_soc,front
105.025,19.8933,100,0
time
44.52
soc
69
f1,f2,first_soc,front
110.252,13.9172,100,0
time
45.88
soc
77
f1,f2,first_soc,front
109.747,14.4947,100,0
time
45.88
soc
76
f1,f2,first_soc,front
105.707,19.1147,100,0
time
45.88
soc
68
f1,f2,first_soc,front
104.015,21.0483,100,0
time
44.52
soc
67
f1,f2,first_soc,front
111.755,12.6872,100,0
time
45.88,74.4666
soc
60,65
f1,f2,first_soc,front
110.757,13.3397,100,0
time
45.88
soc
78
f1,f2,first_soc,front
111.25,13.2647,100,0
time
45.88,74.4666
soc
60,64
f1,f2,first_soc,front
111.768,12.1847,100,0
time
45.88
soc
80
f1,f2,first_soc,front
110.076,14.1184,100,0
time
44.52
soc
79
f1,f2,first_soc,front
106.035,18.7383,100,0
time
44.52
soc
71
f1,f2,first_soc,front
110.581,13.5409,100,0
time
44.52
soc
80
f1,f2,first_soc,front
110.076,14.1184,100,0
time
44.52
soc
79
f1,f2,first_soc,front
111.25,13.2647,100,0
time
45.88,73.9615
soc
59,64
f1,f2,first_soc,front
111.755,12.6872,100,0
time
45.88,74.4666
soc
60,65
f1,f2,first_soc,front
111.768,12.1847,100,0
time
45.88
soc
80
f1,f2,first_soc,front
111.263,12.7622,100,0
time
45.88
soc
79
f1,f2,first_soc,front
104.52,20.4708,100,0
time
44.52
soc
68
f1,f2,first_soc,front
104.015,21.0483,100,0
time
44.52
soc
67
f1,f2,first_soc,front
111.263,12.7622,100,0
time
45.88
soc
79
f1,f2,first_soc,front
112.26,12.1097,100,0
time
45.88,74.4666
soc
60,66
f1,f2,first_soc,front
107.369,17.2156,100,0
time
43.16
soc
76
f1,f2,first_soc,front
107.55,17.0059,100,0
time
44.52
soc
74
f1,f2,first_soc,front
109.066,15.2734,100,0
time
44.52
soc
77
f1,f2,first_soc,front
108.561,15.8509,100,0
time
44.52
soc
76
f1,f2,first_soc,front
107.874,16.6381,100,0
time
43.16
soc
77
f1,f2,first_soc,front
107.045,17.5834,100,0
time
44.52
soc
73
f1,f2,first_soc,front
105.348,19.5255,100,0
time
43.16
soc
72
f1,f2,first_soc,front
105.53,19.3158,100,0
time
44.52
soc
70
f1,f2,first_soc,front
106.358,18.3705,100,0
time
43.16
soc
74
f1,f2,first_soc,front
106.54,18.1609,100,0
time
44.52
soc
72
f1,f2,first_soc,front
108.055,16.4284,100,0
time
44.52
soc
75
f1,f2,first_soc,front
109.571,14.6959,100,0
time
44.52
soc
78
f1,f2,first_soc,front
104.697,20.2697,100,0
time
45.88
soc
66
f1,f2,first_soc,front
110.581,13.5409,100,0
time
44.52
soc
80
f1,f2,first_soc,front
106.035,18.7383,100,0
time
44.52
soc
71
f1,f2,first_soc,front
106.212,18.5372,100,0
time
45.88
soc
69
f1,f2,first_soc,front
109.066,15.2734,100,0
time
44.52
soc
77
f1,f2,first_soc,front
107.045,17.5834,100,0
time
44.52
soc
73
f1,f2,first_soc,front
109.242,15.0722,100,0
time
45.88
soc
75
f1,f2,first_soc,front
106.717,17.9597,100,0
time
45.88
soc
70
f1,f2,first_soc,front
106.54,18.1609,100,0
time
44.52
soc
72
f1,f2,first_soc,front
110.252,13.9172,100,0
time
45.88
soc
77
f1,f2,first_soc,front
108.561,15.8509,100,0
time
44.52
soc
76
f1,f2,first_soc,front
108.232,16.2272,100,0
time
45.88
soc
73
f1,f2,first_soc,front
107.55,17.0059,100,0
time
44.52
soc
74
f1,f2,first_soc,front
109.747,14.4947,100,0
time
45.88
soc
76
f1,f2,first_soc,front
109.389,14.9056,100,0
time
43.16
soc
80
f1,f2,first_soc,front
108.379,16.0606,100,0
time
43.16
soc
78
f1,f2,first_soc,front
106.864,17.793,100,0
time
43.16
soc
75
f1,f2,first_soc,front
108.884,15.4831,100,0
time
43.16
soc
79
f1,f2,first_soc,front
109.389,14.9056,100,0
time
43.16
soc
80
f1,f2,first_soc,front
108.737,15.6497,100,0
time
45.88
soc
74
f1,f2,first_soc,front
104.697,20.2697,100,0
time
45.88
soc
66
f1,f2,first_soc,front
112.391,11.9595,100,0
time
45.88,95.8371
soc
70,38
f1,f2,first_soc,front
112.538,11.7921,100,0
time
45.88,96.1474
soc
76,43
f1,f2,first_soc,front
105.53,19.3158,100,0
time
44.52
soc
70
f1,f2,first_soc,front
105.025,19.8933,100,0
time
44.52
soc
69
f1,f2,first_soc,front
105.172,19.7265,100,0
time
41.8
soc
74
f1,f2,first_soc,front
105.348,19.5255,100,0
time
43.16
soc
72
f1,f2,first_soc,front
106.212,18.5372,100,0
time
45.88
soc
69
f1,f2,first_soc,front
106.717,17.9597,100,0
time
45.88
soc
70
f1,f2,first_soc,front
107.874,16.6381,100,0
time
43.16
soc
77
f1,f2,first_soc,front
109.242,15.0722,100,0
time
45.88
soc
75
f1,f2,first_soc,front
108.232,16.2272,100,0
time
45.88
soc
73
f1,f2,first_soc,front
107.369,17.2156,100,0
time
43.16
soc
76
f1,f2,first_soc,front
107.222,17.3822,100,0
time
45.88
soc
71
f1,f2,first_soc,front
112.618,11.7025,100,0
time
37.72,77.626
soc
75,62
f1,f2,first_soc,front
112.765,11.563,100,0
time
45.88,73.9615
soc
59,67
f1,f2,first_soc,front
112.26,12.1097,100,0
time
45.88,73.9615
soc
59,66
f1,f2,first_soc,front
112.391,11.9595,100,0
time
45.88,95.8371
soc
70,38
f1,f2,first_soc,front
109.571,14.6959,100,0
time
44.52
soc
78
f1,f2,first_soc,front
108.884,15.4831,100,0
time
43.16
soc
79
f1,f2,first_soc,front
110.757,13.3397,100,0
time
45.88
soc
78
f1,f2,first_soc,front
107.222,17.3822,100,0
time
45.88
soc
71
f1,f2,first_soc,front
108.055,16.4284,100,0
time
44.52
soc
75
f1,f2,first_soc,front
104.697,20.2697,100,0
time
45.88
soc
66
f1,f2,first_soc,front
104.52,20.4708,100,0
time
44.52
soc
68
f1,f2,first_soc,front
107.727,16.8047,100,0
time
45.88
soc
72
f1,f2,first_soc,front
105.677,19.149,100,0
time
41.8
soc
75
f1,f2,first_soc,front
108.379,16.0606,100,0
time
43.16
soc
78
f1,f2,first_soc,front
106.864,17.793,100,0
time
43.16
soc
75
f1,f2,first_soc,front
108.055,16.4284,100,0
time
44.52
soc
75
f1,f2,first_soc,front
105.677,19.149,100,0
time
41.8
soc
75
f1,f2,first_soc,front
109.571,14.6959,100,0
time
44.52
soc
78
f1,f2,first_soc,front
104.697,20.2697,100,0
time
45.88
soc
66
f1,f2,first_soc,front
107.727,16.8047,100,0
time
45.88
soc
72
f1,f2,first_soc,front
108.737,15.6497,100,0
time
45.88
soc
74
f1,f2,first_soc,front
106.035,18.7383,100,0
time
44.52
soc
71
f1,f2,first_soc,front
107.222,17.3822,100,0
time
45.88
soc
71
f1,f2,first_soc,front
110.757,13.3397,100,0
time
45.88
soc
78
f1,f2,first_soc,front
110.581,13.5409,100,0
time
44.52
soc
80
f1,f2,first_soc,front
107.727,16.8047,100,0
time
45.88
soc
72
f1,f2,first_soc,front
105.202,19.6922,100,0
time
45.88
soc
67
f1,f2,first_soc,front
108.737,15.6497,100,0
time
45.88
soc
74
f1,f2,first_soc,front
106.864,17.793,100,0
time
43.16
soc
75
f1,f2,first_soc,front
108.379,16.0606,100,0
time
43.16
soc
78
f1,f2,first_soc,front
106.358,18.3705,100,0
time
43.16
soc
74
f1,f2,first_soc,front
105.202,19.6922,100,0
time
45.88
soc
67
f1,f2,first_soc,front
106.358,18.3705,100,0
time
43.16
soc
74
f1,f2,first_soc,front
107.727,16.8047,100,0
time
45.88
soc
72
f1,f2,first_soc,front
108.884,15.4831,100,0
time
43.16
soc
79
f1,f2,first_soc,front
112.618,11.7025,100,0
time
37.72,77.626
soc
75,62
f1,f2,first_soc,front
112.553,11.7747,100,0
time
45.88,73.067
soc
68,76
f1,f2,first_soc,front
111.263,12.7622,100,0
time
45.88
soc
79
f1,f2,first_soc,front
112.26,12.1097,100,0
time
45.88,73.9615
soc
59,66
f1,f2,first_soc,front
112.553,11.7747,100,0
time
45.88,73.067
soc
68,76
f1,f2,first_soc,front
105.707,19.1147,100,0
time
45.88
soc
68
f1,f2,first_soc,front
105.172,19.7265,100,0
time
41.8
soc
74
f1,f2,first_soc,front
105.202,19.6922,100,0
time
45.88
soc
67
f1,f2,first_soc,front
112.538,11.7921,100,0
time
45.88,96.1474
soc
76,43
f1,f2,first_soc,front
105.202,19.6922,100,0
time
45.88
soc
67
f1,f2,first_soc,front
112.553,11.7747,100,0
time
45.88,73.067
soc
68,76
f1,f2,first_soc,front
111.263,12.7622,100,0
time
45.88
soc
79
f1,f2,first_soc,front
104.697,20.2697,100,0
time
45.88
soc
66
f1,f2,first_soc,front
104.697,20.2697,100,0
time
45.88
soc
66
f1,f2,first_soc,front
104.697,20.2697,100,0
time
45.88
soc
66
f1,f2,first_soc,front
104.697,20.2697,100,0
time
45.88
soc
66
f1,f2,first_soc,front
104.697,20.2697,100,0
time
45.88
soc
66
f1,f2,first_soc,front
104.697,20.2697,100,0
time
45.88
soc
66
f1,f2,first_soc,front
112.391,11.9595,100,0
time
45.88,95.8371
soc
70,38
f1,f2,first_soc,front
104.697,20.2697,100,0
time
45.88
soc
66
f1,f2,first_soc,front
104.697,20.2697,100,0
time
45.88
soc
66
f1,f2,first_soc,front
104.697,20.2697,100,0
time
45.88
soc
66
f1,f2,first_soc,front
104.697,20.2697,100,0
time
45.88
soc
66
f1,f2,first_soc,front
104.697,20.2697,100,0
time
45.88
soc
66
f1,f2,first_soc,front
104.697,20.2697,100,0
time
45.88
soc
66
f1,f2,first_soc,front
104.697,20.2697,100,0
time
45.88
soc
66
f1,f2,first_soc,front
104.697,20.2697,100,0
time
45.88
soc
66
f1,f2,first_soc,front
104.697,20.2697,100,0
time
45.88
soc
66
f1,f2,first_soc,front
104.697,20.2697,100,0
time
45.88
soc
66
f1,f2,first_soc,front
104.697,20.2697,100,0
time
45.88
soc
66
f1,f2,first_soc,front
104.697,20.2697,100,0
time
45.88
soc
66
f1,f2,first_soc,front
104.697,20.2697,100,0
time
45.88
soc
66
f1,f2,first_soc,front
104.697,20.2697,100,0
time
45.88
soc
66
f1,f2,first_soc,front
104.697,20.2697,100,0
time
45.88
soc
66
f1,f2,first_soc,front
104.697,20.2697,100,0
time
45.88
soc
66
f1,f2,first_soc,front
104.697,20.2697,100,0
time
45.88
soc
66
f1,f2,first_soc,front
104.697,20.2697,100,0
time
45.88
soc
66
f1,f2,first_soc,front
104.697,20.2697,100,0
time
45.88
soc
66
f1,f2,first_soc,front
104.697,20.2697,100,0
time
45.88
soc
66
f1,f2,first_soc,front
104.697,20.2697,100,0
time
45.88
soc
66
f1,f2,first_soc,front
104.697,20.2697,100,0
time
45.88
soc
66
f1,f2,first_soc,front
104.697,20.2697,100,0
time
45.88
soc
66
f1,f2,first_soc,front
104.697,20.2697,100,0
time
45.88
soc
66
f1,f2,first_soc,front
104.697,20.2697,100,0
time
45.88
soc
66
f1,f2,first_soc,front
104.697,20.2697,100,0
time
45.88
soc
66
f1,f2,first_soc,front
104.697,20.2697,100,0
time
45.88
soc
66
f1,f2,first_soc,front
104.697,20.2697,100,0
time
45.88
soc
66
f1,f2,first_soc,front
104.697,20.2697,100,0
time
45.88
soc
66
f1,f2,first_soc,front
112.391,11.9595,100,0
time
45.88,95.8371
soc
70,38
f1,f2,first_soc,front
104.697,20.2697,100,0
time
45.88
soc
66
f1,f2,first_soc,front
104.697,20.2697,100,0
time
45.88
soc
66
f1,f2,first_soc,front
104.697,20.2697,100,0
time
45.88
soc
66
f1,f2,first_soc,front
104.697,20.2697,100,0
time
45.88
soc
66
f1,f2,first_soc,front
104.697,20.2697,100,0
time
45.88
soc
66
f1,f2,first_soc,front
104.697,20.2697,100,0
time
45.88
soc
66
f1,f2,first_soc,front
104.697,20.2697,100,0
time
45.88
soc
66
f1,f2,first_soc,front
104.697,20.2697,100,0
time
45.88
soc
66
f1,f2,first_soc,front
104.697,20.2697,100,0
time
45.88
soc
66
f1,f2,first_soc,front
104.697,20.2697,100,0
time
45.88
soc
66
f1,f2,first_soc,front
104.697,20.2697,100,0
time
45.88
soc
66
f1,f2,first_soc,front
104.697,20.2697,100,0
time
45.88
soc
66
f1,f2,first_soc,front
104.697,20.2697,100,0
time
45.88
soc
66
f1,f2,first_soc,front
104.015,21.0483,100,0
time
44.52
soc
67
f1,f2,first_soc,front
104.015,21.0483,100,0
time
44.52
soc
67
f1,f2,first_soc,front
104.015,21.0483,100,0
time
44.52
soc
67
f1,f2,first_soc,front
104.015,21.0483,100,0
time
44.52
soc
67
f1,f2,first_soc,front
104.015,21.0483,100,0
time
44.52
soc
67
f1,f2,first_soc,front
104.015,21.0483,100,0
time
44.52
soc
67
f1,f2,first_soc,front
104.015,21.0483,100,0
time
44.52
soc
67
f1,f2,first_soc,front
112.765,11.563,100,0
time
45.88,73.9615
soc
59,67
f1,f2,first_soc,front
112.765,11.563,100,0
time
45.88,74.4666
soc
60,67
f1,f2,first_soc,front
104.015,21.0483,100,0
time
44.52
soc
67
f1,f2,first_soc,front
104.015,21.0483,100,0
time
44.52
soc
67
f1,f2,first_soc,front
104.015,21.0483,100,0
time
44.52
soc
67
f1,f2,first_soc,front
104.015,21.0483,100,0
time
44.52
soc
67
f1,f2,first_soc,front
104.015,21.0483,100,0
time
44.52
soc
67
f1,f2,first_soc,front
104.015,21.0483,100,0
time
44.52
soc
67
f1,f2,first_soc,front
104.015,21.0483,100,0
time
44.52
soc
67
f1,f2,first_soc,front
104.015,21.0483,100,0
time
44.52
soc
67
f1,f2,first_soc,front
104.015,21.0483,100,0
time
44.52
soc
67
f1,f2,first_soc,front
104.015,21.0483,100,0
time
44.52
soc
67
f1,f2,first_soc,front
104.015,21.0483,100,0
time
44.52
soc
67
f1,f2,first_soc,front
104.015,21.0483,100,0
time
44.52
soc
67
f1,f2,first_soc,front
104.015,21.0483,100,0
time
44.52
soc
67
f1,f2,first_soc,front
104.015,21.0483,100,0
time
44.52
soc
67
f1,f2,first_soc,front
104.015,21.0483,100,0
time
44.52
soc
67
f1,f2,first_soc,front
104.015,21.0483,100,0
time
44.52
soc
67
f1,f2,first_soc,front
104.015,21.0483,100,0
time
44.52
soc
67
f1,f2,first_soc,front
104.015,21.0483,100,0
time
44.52
soc
67
f1,f2,first_soc,front
104.015,21.0483,100,0
time
44.52
soc
67
f1,f2,first_soc,front
104.015,21.0483,100,0
time
44.52
soc
67
f1,f2,first_soc,front
113.735,11.5601,100,0
time
44.52,96.3205
soc
76,43
第65世代
f1,f2,first_soc,front
104.015,21.0483,100,0
time
44.52
soc
67
f1,f2,first_soc,front
104.015,21.0483,100,0
time
44.52
soc
67
f1,f2,first_soc,front
113.735,11.5601,100,0
time
44.52,96.3205
soc
76,43
f1,f2,first_soc,front
112.765,11.563,100,0
time
45.88,73.9615
soc
59,67
f1,f2,first_soc,front
111.263,12.7622,100,0
time
45.88
soc
79
f1,f2,first_soc,front
113.735,11.5601,100,0
time
44.52,96.3205
soc
76,43
f1,f2,first_soc,front
105.025,19.8933,100,0
time
44.52
soc
69
f1,f2,first_soc,front
110.581,13.5409,100,0
time
44.52
soc
80
f1,f2,first_soc,front
110.076,14.1184,100,0
time
44.52
soc
79
f1,f2,first_soc,front
106.035,18.7383,100,0
time
44.52
soc
71
f1,f2,first_soc,front
104.015,21.0483,100,0
time
44.52
soc
67
f1,f2,first_soc,front
104.52,20.4708,100,0
time
44.52
soc
68
f1,f2,first_soc,front
111.768,12.1847,100,0
time
45.88
soc
80
f1,f2,first_soc,front
111.25,13.2647,100,0
time
45.88,74.4666
soc
60,64
f1,f2,first_soc,front
109.747,14.4947,100,0
time
45.88
soc
76
f1,f2,first_soc,front
110.252,13.9172,100,0
time
45.88
soc
77
f1,f2,first_soc,front
111.25,13.2647,100,0
time
45.88,74.4666
soc
60,64
f1,f2,first_soc,front
111.768,12.1847,100,0
time
45.88
soc
80
f1,f2,first_soc,front
111.755,12.6872,100,0
time
45.88,74.4666
soc
60,65
f1,f2,first_soc,front
104.52,20.4708,100,0
time
44.52
soc
68
f1,f2,first_soc,front
104.015,21.0483,100,0
time
44.52
soc
67
f1,f2,first_soc,front
112.26,12.1097,100,0
time
45.88,74.4666
soc
60,66
f1,f2,first_soc,front
111.755,12.6872,100,0
time
45.88,74.4666
soc
60,65
f1,f2,first_soc,front
110.757,13.3397,100,0
time
45.88
soc
78
f1,f2,first_soc,front
109.389,14.9056,100,0
time
43.16
soc
80
f1,f2,first_soc,front
109.571,14.6959,100,0
time
44.52
soc
78
f1,f2,first_soc,front
106.864,17.793,100,0
time
43.16
soc
75
f1,f2,first_soc,front
107.045,17.5834,100,0
time
44.52
soc
73
f1,f2,first_soc,front
108.055,16.4284,100,0
time
44.52
soc
75
f1,f2,first_soc,front
107.369,17.2156,100,0
time
43.16
soc
76
f1,f2,first_soc,front
109.066,15.2734,100,0
time
44.52
soc
77
f1,f2,first_soc,front
108.884,15.4831,100,0
time
43.16
soc
79
f1,f2,first_soc,front
108.561,15.8509,100,0
time
44.52
soc
76
f1,f2,first_soc,front
106.358,18.3705,100,0
time
43.16
soc
74
f1,f2,first_soc,front
105.53,19.3158,100,0
time
44.52
soc
70
f1,f2,first_soc,front
106.54,18.1609,100,0
time
44.52
soc
72
f1,f2,first_soc,front
107.55,17.0059,100,0
time
44.52
soc
74
f1,f2,first_soc,front
104.697,20.2697,100,0
time
45.88
soc
66
f1,f2,first_soc,front
110.252,13.9172,100,0
time
45.88
soc
77
f1,f2,first_soc,front
109.747,14.4947,100,0
time
45.88
soc
76
f1,f2,first_soc,front
105.707,19.1147,100,0
time
45.88
soc
68
f1,f2,first_soc,front
106.035,18.7383,100,0
time
44.52
soc
71
f1,f2,first_soc,front
108.561,15.8509,100,0
time
44.52
soc
76
f1,f2,first_soc,front
110.581,13.5409,100,0
time
44.52
soc
80
f1,f2,first_soc,front
108.055,16.4284,100,0
time
44.52
soc
75
f1,f2,first_soc,front
110.076,14.1184,100,0
time
44.52
soc
79
f1,f2,first_soc,front
107.727,16.8047,100,0
time
45.88
soc
72
f1,f2,first_soc,front
109.066,15.2734,100,0
time
44.52
soc
77
f1,f2,first_soc,front
109.571,14.6959,100,0
time
44.52
soc
78
f1,f2,first_soc,front
106.717,17.9597,100,0
time
45.88
soc
70
f1,f2,first_soc,front
105.707,19.1147,100,0
time
45.88
soc
68
f1,f2,first_soc,front
107.874,16.6381,100,0
time
43.16
soc
77
f1,f2,first_soc,front
107.874,16.6381,100,0
time
43.16
soc
77
f1,f2,first_soc,front
108.379,16.0606,100,0
time
43.16
soc
78
f1,f2,first_soc,front
106.212,18.5372,100,0
time
45.88
soc
69
f1,f2,first_soc,front
109.242,15.0722,100,0
time
45.88
soc
75
f1,f2,first_soc,front
108.232,16.2272,100,0
time
45.88
soc
73
f1,f2,first_soc,front
106.212,18.5372,100,0
time
45.88
soc
69
f1,f2,first_soc,front
104.697,20.2697,100,0
time
45.88
soc
66
f1,f2,first_soc,front
112.391,11.9595,100,0
time
45.88,95.8371
soc
70,38
f1,f2,first_soc,front
105.677,19.149,100,0
time
41.8
soc
75
f1,f2,first_soc,front
105.53,19.3158,100,0
time
44.52
soc
70
f1,f2,first_soc,front
105.172,19.7265,100,0
time
41.8
soc
74
f1,f2,first_soc,front
105.025,19.8933,100,0
time
44.52
soc
69
f1,f2,first_soc,front
105.202,19.6922,100,0
time
45.88
soc
67
f1,f2,first_soc,front
106.358,18.3705,100,0
time
43.16
soc
74
f1,f2,first_soc,front
107.727,16.8047,100,0
time
45.88
soc
72
f1,f2,first_soc,front
106.717,17.9597,100,0
time
45.88
soc
70
f1,f2,first_soc,front
108.884,15.4831,100,0
time
43.16
soc
79
f1,f2,first_soc,front
106.864,17.793,100,0
time
43.16
soc
75
f1,f2,first_soc,front
108.737,15.6497,100,0
time
45.88
soc
74
f1,f2,first_soc,front
109.389,14.9056,100,0
time
43.16
soc
80
f1,f2,first_soc,front
107.222,17.3822,100,0
time
45.88
soc
71
f1,f2,first_soc,front
107.369,17.2156,100,0
time
43.16
soc
76
f1,f2,first_soc,front
112.618,11.7025,100,0
time
37.72,77.626
soc
75,62
f1,f2,first_soc,front
112.391,11.9595,100,0
time
45.88,95.8371
soc
70,38
f1,f2,first_soc,front
112.26,12.1097,100,0
time
45.88,73.9615
soc
59,66
f1,f2,first_soc,front
105.348,19.5255,100,0
time
43.16
soc
72
f1,f2,first_soc,front
108.379,16.0606,100,0
time
43.16
soc
78
f1,f2,first_soc,front
104.697,20.2697,100,0
time
45.88
soc
66
f1,f2,first_soc,front
104.52,20.4708,100,0
time
44.52
soc
68
f1,f2,first_soc,front
107.045,17.5834,100,0
time
44.52
soc
73
f1,f2,first_soc,front
107.222,17.3822,100,0
time
45.88
soc
71
f1,f2,first_soc,front
106.54,18.1609,100,0
time
44.52
soc
72
f1,f2,first_soc,front
107.55,17.0059,100,0
time
44.52
soc
74
f1,f2,first_soc,front
108.737,15.6497,100,0
time
45.88
soc
74
f1,f2,first_soc,front
110.757,13.3397,100,0
time
45.88
soc
78
f1,f2,first_soc,front
112.538,11.7921,100,0
time
45.88,96.1474
soc
76,43
f1,f2,first_soc,front
107.55,17.0059,100,0
time
44.52
soc
74
f1,f2,first_soc,front
106.54,18.1609,100,0
time
44.52
soc
72
f1,f2,first_soc,front
105.348,19.5255,100,0
time
43.16
soc
72
f1,f2,first_soc,front
107.222,17.3822,100,0
time
45.88
soc
71
f1,f2,first_soc,front
108.232,16.2272,100,0
time
45.88
soc
73
f1,f2,first_soc,front
109.242,15.0722,100,0
time
45.88
soc
75
f1,f2,first_soc,front
104.697,20.2697,100,0
time
45.88
soc
66
f1,f2,first_soc,front
107.045,17.5834,100,0
time
44.52
soc
73
f1,f2,first_soc,front
108.737,15.6497,100,0
time
45.88
soc
74
f1,f2,first_soc,front
109.747,14.4947,100,0
time
45.88
soc
76
f1,f2,first_soc,front
104.52,20.4708,100,0
time
44.52
soc
68
f1,f2,first_soc,front
110.757,13.3397,100,0
time
45.88
soc
78
f1,f2,first_soc,front
110.252,13.9172,100,0
time
45.88
soc
77
f1,f2,first_soc,front
105.348,19.5255,100,0
time
43.16
soc
72
f1,f2,first_soc,front
108.232,16.2272,100,0
time
45.88
soc
73
f1,f2,first_soc,front
109.242,15.0722,100,0
time
45.88
soc
75
f1,f2,first_soc,front
112.538,11.7921,100,0
time
45.88,96.1474
soc
76,43
f1,f2,first_soc,front
112.765,11.563,100,0
time
45.88,73.9615
soc
59,67
f1,f2,first_soc,front
105.348,19.5255,100,0
time
43.16
soc
72
f1,f2,first_soc,front
108.379,16.0606,100,0
time
43.16
soc
78
f1,f2,first_soc,front
112.553,11.7747,100,0
time
45.88,73.067
soc
68,76
f1,f2,first_soc,front
112.618,11.7025,100,0
time
37.72,77.626
soc
75,62
f1,f2,first_soc,front
111.755,12.6872,100,0
time
45.88,74.4666
soc
60,65
f1,f2,first_soc,front
111.263,12.7622,100,0
time
45.88
soc
79
f1,f2,first_soc,front
112.26,12.1097,100,0
time
45.88,74.4666
soc
60,66
f1,f2,first_soc,front
110.757,13.3397,100,0
time
45.88
soc
78
f1,f2,first_soc,front
105.677,19.149,100,0
time
41.8
soc
75
f1,f2,first_soc,front
105.172,19.7265,100,0
time
41.8
soc
74
f1,f2,first_soc,front
105.202,19.6922,100,0
time
45.88
soc
67
f1,f2,first_soc,front
112.553,11.7747,100,0
time
45.88,73.067
soc
68,76
f1,f2,first_soc,front
105.707,19.1147,100,0
time
45.88
soc
68
f1,f2,first_soc,front
112.765,11.563,100,0
time
45.88,73.9615
soc
59,67
f1,f2,first_soc,front
104.697,20.2697,100,0
time
45.88
soc
66
f1,f2,first_soc,front
104.697,20.2697,100,0
time
45.88
soc
66
f1,f2,first_soc,front
104.697,20.2697,100,0
time
45.88
soc
66
f1,f2,first_soc,front
104.697,20.2697,100,0
time
45.88
soc
66
f1,f2,first_soc,front
104.697,20.2697,100,0
time
45.88
soc
66
f1,f2,first_soc,front
104.697,20.2697,100,0
time
45.88
soc
66
f1,f2,first_soc,front
104.697,20.2697,100,0
time
45.88
soc
66
f1,f2,first_soc,front
104.697,20.2697,100,0
time
45.88
soc
66
f1,f2,first_soc,front
104.697,20.2697,100,0
time
45.88
soc
66
f1,f2,first_soc,front
104.697,20.2697,100,0
time
45.88
soc
66
f1,f2,first_soc,front
104.697,20.2697,100,0
time
45.88
soc
66
f1,f2,first_soc,front
104.697,20.2697,100,0
time
45.88
soc
66
f1,f2,first_soc,front
104.697,20.2697,100,0
time
45.88
soc
66
f1,f2,first_soc,front
105.202,19.6922,100,0
time
45.88
soc
67
f1,f2,first_soc,front
105.202,19.6922,100,0
time
45.88
soc
67
f1,f2,first_soc,front
105.202,19.6922,100,0
time
45.88
soc
67
f1,f2,first_soc,front
105.202,19.6922,100,0
time
45.88
soc
67
f1,f2,first_soc,front
105.025,19.8933,100,0
time
44.52
soc
69
f1,f2,first_soc,front
112.765,11.563,100,0
time
45.88,74.4666
soc
60,67
f1,f2,first_soc,front
104.697,20.2697,100,0
time
45.88
soc
66
f1,f2,first_soc,front
104.697,20.2697,100,0
time
45.88
soc
66
f1,f2,first_soc,front
104.697,20.2697,100,0
time
45.88
soc
66
f1,f2,first_soc,front
104.697,20.2697,100,0
time
45.88
soc
66
f1,f2,first_soc,front
104.697,20.2697,100,0
time
45.88
soc
66
f1,f2,first_soc,front
104.697,20.2697,100,0
time
45.88
soc
66
f1,f2,first_soc,front
104.697,20.2697,100,0
time
45.88
soc
66
f1,f2,first_soc,front
104.697,20.2697,100,0
time
45.88
soc
66
f1,f2,first_soc,front
104.697,20.2697,100,0
time
45.88
soc
66
f1,f2,first_soc,front
104.697,20.2697,100,0
time
45.88
soc
66
f1,f2,first_soc,front
104.697,20.2697,100,0
time
45.88
soc
66
f1,f2,first_soc,front
104.697,20.2697,100,0
time
45.88
soc
66
f1,f2,first_soc,front
104.697,20.2697,100,0
time
45.88
soc
66
f1,f2,first_soc,front
104.697,20.2697,100,0
time
45.88
soc
66
f1,f2,first_soc,front
104.697,20.2697,100,0
time
45.88
soc
66
f1,f2,first_soc,front
104.697,20.2697,100,0
time
45.88
soc
66
f1,f2,first_soc,front
104.697,20.2697,100,0
time
45.88
soc
66
f1,f2,first_soc,front
104.697,20.2697,100,0
time
45.88
soc
66
f1,f2,first_soc,front
104.697,20.2697,100,0
time
45.88
soc
66
f1,f2,first_soc,front
104.015,21.0483,100,0
time
44.52
soc
67
f1,f2,first_soc,front
104.015,21.0483,100,0
time
44.52
soc
67
f1,f2,first_soc,front
104.015,21.0483,100,0
time
44.52
soc
67
f1,f2,first_soc,front
104.015,21.0483,100,0
time
44.52
soc
67
f1,f2,first_soc,front
104.015,21.0483,100,0
time
44.52
soc
67
f1,f2,first_soc,front
104.015,21.0483,100,0
time
44.52
soc
67
f1,f2,first_soc,front
104.015,21.0483,100,0
time
44.52
soc
67
f1,f2,first_soc,front
104.015,21.0483,100,0
time
44.52
soc
67
f1,f2,first_soc,front
104.015,21.0483,100,0
time
44.52
soc
67
f1,f2,first_soc,front
104.015,21.0483,100,0
time
44.52
soc
67
f1,f2,first_soc,front
104.015,21.0483,100,0
time
44.52
soc
67
f1,f2,first_soc,front
104.015,21.0483,100,0
time
44.52
soc
67
f1,f2,first_soc,front
104.015,21.0483,100,0
time
44.52
soc
67
f1,f2,first_soc,front
104.015,21.0483,100,0
time
44.52
soc
67
f1,f2,first_soc,front
104.015,21.0483,100,0
time
44.52
soc
67
f1,f2,first_soc,front
104.015,21.0483,100,0
time
44.52
soc
67
f1,f2,first_soc,front
104.015,21.0483,100,0
time
44.52
soc
67
f1,f2,first_soc,front
104.52,20.4708,100,0
time
44.52
soc
68
f1,f2,first_soc,front
112.765,11.563,100,0
time
45.88,74.4666
soc
60,67
f1,f2,first_soc,front
104.015,21.0483,100,0
time
44.52
soc
67
f1,f2,first_soc,front
113.735,11.5601,100,0
time
44.52,96.3205
soc
76,43
f1,f2,first_soc,front
104.015,21.0483,100,0
time
44.52
soc
67
f1,f2,first_soc,front
104.015,21.0483,100,0
time
44.52
soc
67
f1,f2,first_soc,front
104.015,21.0483,100,0
time
44.52
soc
67
f1,f2,first_soc,front
104.015,21.0483,100,0
time
44.52
soc
67
f1,f2,first_soc,front
104.015,21.0483,100,0
time
44.52
soc
67
f1,f2,first_soc,front
104.015,21.0483,100,0
time
44.52
soc
67
f1,f2,first_soc,front
104.015,21.0483,100,0
time
44.52
soc
67
f1,f2,first_soc,front
104.697,20.2697,100,0
time
45.88
soc
66
f1,f2,first_soc,front
104.015,21.0483,100,0
time
44.52
soc
67
f1,f2,first_soc,front
104.015,21.0483,100,0
time
44.52
soc
67
f1,f2,first_soc,front
104.015,21.0483,100,0
time
44.52
soc
67
f1,f2,first_soc,front
104.015,21.0483,100,0
time
44.52
soc
67
f1,f2,first_soc,front
104.015,21.0483,100,0
time
44.52
soc
67
f1,f2,first_soc,front
104.015,21.0483,100,0
time
44.52
soc
67
f1,f2,first_soc,front
113.735,11.5601,100,0
time
44.52,96.3205
soc
76,43
f1,f2,first_soc,front
113.735,11.5601,100,0
time
44.52,95.8155
soc
75,43
f1,f2,first_soc,front
104.697,20.2697,100,0
time
45.88
soc
66
f1,f2,first_soc,front
104.697,20.2697,100,0
time
45.88
soc
66
f1,f2,first_soc,front
106.358,18.3705,100,0
time
43.16
soc
74
f1,f2,first_soc,front
104.697,20.2697,100,0
time
45.88
soc
66
f1,f2,first_soc,front
104.697,20.2697,100,0
time
45.88
soc
66
第66世代
f1,f2,first_soc,front
104.015,21.0483,100,0
time
44.52
soc
67
f1,f2,first_soc,front
104.015,21.0483,100,0
time
44.52
soc
67
f1,f2,first_soc,front
113.735,11.5601,100,0
time
44.52,96.3205
soc
76,43
f1,f2,first_soc,front
112.765,11.563,100,0
time
45.88,74.4666
soc
60,67
f1,f2,first_soc,front
113.735,11.5601,100,0
time
44.52,96.3205
soc
76,43
f1,f2,first_soc,front
105.025,19.8933,100,0
time
44.52
soc
69
f1,f2,first_soc,front
110.076,14.1184,100,0
time
44.52
soc
79
f1,f2,first_soc,front
106.035,18.7383,100,0
time
44.52
soc
71
f1,f2,first_soc,front
104.52,20.4708,100,0
time
44.52
soc
68
f1,f2,first_soc,front
104.52,20.4708,100,0
time
44.52
soc
68
f1,f2,first_soc,front
104.015,21.0483,100,0
time
44.52
soc
67
f1,f2,first_soc,front
111.263,12.7622,100,0
time
45.88
soc
79
f1,f2,first_soc,front
112.26,12.1097,100,0
time
45.88,73.9615
soc
59,66
f1,f2,first_soc,front
110.757,13.3397,100,0
time
45.88
soc
78
f1,f2,first_soc,front
111.25,13.2647,100,0
time
45.88,74.4666
soc
60,64
f1,f2,first_soc,front
111.768,12.1847,100,0
time
45.88
soc
80
f1,f2,first_soc,front
109.747,14.4947,100,0
time
45.88
soc
76
f1,f2,first_soc,front
110.252,13.9172,100,0
time
45.88
soc
77
f1,f2,first_soc,front
111.25,13.2647,100,0
time
45.88,74.4666
soc
60,64
f1,f2,first_soc,front
111.263,12.7622,100,0
time
45.88
soc
79
f1,f2,first_soc,front
111.768,12.1847,100,0
time
45.88
soc
80
f1,f2,first_soc,front
111.755,12.6872,100,0
time
45.88,74.4666
soc
60,65
f1,f2,first_soc,front
104.015,21.0483,100,0
time
44.52
soc
67
f1,f2,first_soc,front
111.755,12.6872,100,0
time
45.88,74.4666
soc
60,65
f1,f2,first_soc,front
109.389,14.9056,100,0
time
43.16
soc
80
f1,f2,first_soc,front
109.571,14.6959,100,0
time
44.52
soc
78
f1,f2,first_soc,front
107.369,17.2156,100,0
time
43.16
soc
76
f1,f2,first_soc,front
109.066,15.2734,100,0
time
44.52
soc
77
f1,f2,first_soc,front
106.864,17.793,100,0
time
43.16
soc
75
f1,f2,first_soc,front
107.874,16.6381,100,0
time
43.16
soc
77
f1,f2,first_soc,front
108.379,16.0606,100,0
time
43.16
soc
78
f1,f2,first_soc,front
105.348,19.5255,100,0
time
43.16
soc
72
f1,f2,first_soc,front
106.54,18.1609,100,0
time
44.52
soc
72
f1,f2,first_soc,front
106.358,18.3705,100,0
time
43.16
soc
74
f1,f2,first_soc,front
108.055,16.4284,100,0
time
44.52
soc
75
f1,f2,first_soc,front
108.561,15.8509,100,0
time
44.52
soc
76
f1,f2,first_soc,front
107.55,17.0059,100,0
time
44.52
soc
74
f1,f2,first_soc,front
104.697,20.2697,100,0
time
45.88
soc
66
f1,f2,first_soc,front
110.581,13.5409,100,0
time
44.52
soc
80
f1,f2,first_soc,front
110.252,13.9172,100,0
time
45.88
soc
77
f1,f2,first_soc,front
105.707,19.1147,100,0
time
45.88
soc
68
f1,f2,first_soc,front
106.035,18.7383,100,0
time
44.52
soc
71
f1,f2,first_soc,front
109.571,14.6959,100,0
time
44.52
soc
78
f1,f2,first_soc,front
109.066,15.2734,100,0
time
44.52
soc
77
f1,f2,first_soc,front
110.581,13.5409,100,0
time
44.52
soc
80
f1,f2,first_soc,front
108.737,15.6497,100,0
time
45.88
soc
74
f1,f2,first_soc,front
106.54,18.1609,100,0
time
44.52
soc
72
f1,f2,first_soc,front
107.192,17.4165,100,0
time
41.8
soc
78
f1,f2,first_soc,front
110.076,14.1184,100,0
time
44.52
soc
79
f1,f2,first_soc,front
107.727,16.8047,100,0
time
45.88
soc
72
f1,f2,first_soc,front
105.707,19.1147,100,0
time
45.88
soc
68
f1,f2,first_soc,front
105.53,19.3158,100,0
time
44.52
soc
70
f1,f2,first_soc,front
107.045,17.5834,100,0
time
44.52
soc
73
f1,f2,first_soc,front
105.53,19.3158,100,0
time
44.52
soc
70
f1,f2,first_soc,front
108.884,15.4831,100,0
time
43.16
soc
79
f1,f2,first_soc,front
106.717,17.9597,100,0
time
45.88
soc
70
f1,f2,first_soc,front
109.242,15.0722,100,0
time
45.88
soc
75
f1,f2,first_soc,front
108.232,16.2272,100,0
time
45.88
soc
73
f1,f2,first_soc,front
108.232,16.2272,100,0
time
45.88
soc
73
f1,f2,first_soc,front
109.747,14.4947,100,0
time
45.88
soc
76
f1,f2,first_soc,front
104.697,20.2697,100,0
time
45.88
soc
66
f1,f2,first_soc,front
110.581,13.5409,100,0
time
44.52
soc
80
f1,f2,first_soc,front
112.538,11.7921,100,0
time
45.88,96.1474
soc
76,43
f1,f2,first_soc,front
105.677,19.149,100,0
time
41.8
soc
75
f1,f2,first_soc,front
105.025,19.8933,100,0
time
44.52
soc
69
f1,f2,first_soc,front
105.348,19.5255,100,0
time
43.16
soc
72
f1,f2,first_soc,front
106.212,18.5372,100,0
time
45.88
soc
69
f1,f2,first_soc,front
106.358,18.3705,100,0
time
43.16
soc
74
f1,f2,first_soc,front
107.874,16.6381,100,0
time
43.16
soc
77
f1,f2,first_soc,front
106.864,17.793,100,0
time
43.16
soc
75
f1,f2,first_soc,front
108.737,15.6497,100,0
time
45.88
soc
74
f1,f2,first_soc,front
107.727,16.8047,100,0
time
45.88
soc
72
f1,f2,first_soc,front
109.389,14.9056,100,0
time
43.16
soc
80
f1,f2,first_soc,front
107.369,17.2156,100,0
time
43.16
soc
76
f1,f2,first_soc,front
108.379,16.0606,100,0
time
43.16
soc
78
f1,f2,first_soc,front
112.391,11.9595,100,0
time
45.88,95.8371
soc
70,38
f1,f2,first_soc,front
112.391,11.9595,100,0
time
45.88,95.8371
soc
70,38
f1,f2,first_soc,front
112.26,12.1097,100,0
time
45.88,74.4666
soc
60,66
f1,f2,first_soc,front
112.618,11.7025,100,0
time
37.72,77.626
soc
75,62
f1,f2,first_soc,front
108.884,15.4831,100,0
time
43.16
soc
79
f1,f2,first_soc,front
106.212,18.5372,100,0
time
45.88
soc
69
f1,f2,first_soc,front
108.055,16.4284,100,0
time
44.52
soc
75
f1,f2,first_soc,front
104.697,20.2697,100,0
time
45.88
soc
66
f1,f2,first_soc,front
107.55,17.0059,100,0
time
44.52
soc
74
f1,f2,first_soc,front
109.747,14.4947,100,0
time
45.88
soc
76
f1,f2,first_soc,front
108.561,15.8509,100,0
time
44.52
soc
76
f1,f2,first_soc,front
110.757,13.3397,100,0
time
45.88
soc
78
f1,f2,first_soc,front
105.172,19.7265,100,0
time
41.8
soc
74
f1,f2,first_soc,front
108.055,16.4284,100,0
time
44.52
soc
75
f1,f2,first_soc,front
107.55,17.0059,100,0
time
44.52
soc
74
f1,f2,first_soc,front
107.045,17.5834,100,0
time
44.52
soc
73
f1,f2,first_soc,front
108.561,15.8509,100,0
time
44.52
soc
76
f1,f2,first_soc,front
105.202,19.6922,100,0
time
45.88
soc
67
f1,f2,first_soc,front
107.222,17.3822,100,0
time
45.88
soc
71
f1,f2,first_soc,front
109.242,15.0722,100,0
time
45.88
soc
75
f1,f2,first_soc,front
106.717,17.9597,100,0
time
45.88
soc
70
f1,f2,first_soc,front
104.697,20.2697,100,0
time
45.88
soc
66
f1,f2,first_soc,front
110.252,13.9172,100,0
time
45.88
soc
77
f1,f2,first_soc,front
104.52,20.4708,100,0
time
44.52
soc
68
f1,f2,first_soc,front
110.757,13.3397,100,0
time
45.88
soc
78
f1,f2,first_soc,front
106.212,18.5372,100,0
time
45.88
soc
69
f1,f2,first_soc,front
107.045,17.5834,100,0
time
44.52
soc
73
f1,f2,first_soc,front
106.717,17.9597,100,0
time
45.88
soc
70
f1,f2,first_soc,front
105.202,19.6922,100,0
time
45.88
soc
67
f1,f2,first_soc,front
109.242,15.0722,100,0
time
45.88
soc
75
f1,f2,first_soc,front
107.222,17.3822,100,0
time
45.88
soc
71
f1,f2,first_soc,front
112.765,11.563,100,0
time
45.88,74.4666
soc
60,67
f1,f2,first_soc,front
105.172,19.7265,100,0
time
41.8
soc
74
f1,f2,first_soc,front
108.884,15.4831,100,0
time
43.16
soc
79
f1,f2,first_soc,front
112.618,11.7025,100,0
time
37.72,77.626
soc
75,62
f1,f2,first_soc,front
112.553,11.7747,100,0
time
45.88,73.067
soc
68,76
f1,f2,first_soc,front
111.755,12.6872,100,0
time
45.88,74.4666
soc
60,65
f1,f2,first_soc,front
112.618,11.7025,100,0
time
37.72,77.626
soc
75,62
f1,f2,first_soc,front
105.677,19.149,100,0
time
41.8
soc
75
f1,f2,first_soc,front
105.172,19.7265,100,0
time
41.8
soc
74
f1,f2,first_soc,front
112.538,11.7921,100,0
time
45.88,96.1474
soc
76,43
f1,f2,first_soc,front
112.553,11.7747,100,0
time
45.88,73.067
soc
68,76
f1,f2,first_soc,front
105.202,19.6922,100,0
time
45.88
soc
67
f1,f2,first_soc,front
107.222,17.3822,100,0
time
45.88
soc
71
f1,f2,first_soc,front
105.707,19.1147,100,0
time
45.88
soc
68
f1,f2,first_soc,front
112.765,11.563,100,0
time
45.88,73.9615
soc
59,67
f1,f2,first_soc,front
104.697,20.2697,100,0
time
45.88
soc
66
f1,f2,first_soc,front
104.015,21.0483,100,0
time
44.52
soc
67
f1,f2,first_soc,front
104.697,20.2697,100,0
time
45.88
soc
66
f1,f2,first_soc,front
104.697,20.2697,100,0
time
45.88
soc
66
f1,f2,first_soc,front
104.697,20.2697,100,0
time
45.88
soc
66
f1,f2,first_soc,front
104.697,20.2697,100,0
time
45.88
soc
66
f1,f2,first_soc,front
104.697,20.2697,100,0
time
45.88
soc
66
f1,f2,first_soc,front
104.697,20.2697,100,0
time
45.88
soc
66
f1,f2,first_soc,front
104.697,20.2697,100,0
time
45.88
soc
66
f1,f2,first_soc,front
104.015,21.0483,100,0
time
44.52
soc
67
f1,f2,first_soc,front
104.697,20.2697,100,0
time
45.88
soc
66
f1,f2,first_soc,front
104.697,20.2697,100,0
time
45.88
soc
66
f1,f2,first_soc,front
104.697,20.2697,100,0
time
45.88
soc
66
f1,f2,first_soc,front
104.697,20.2697,100,0
time
45.88
soc
66
f1,f2,first_soc,front
104.697,20.2697,100,0
time
45.88
soc
66
f1,f2,first_soc,front
104.015,21.0483,100,0
time
44.52
soc
67
f1,f2,first_soc,front
104.015,21.0483,100,0
time
44.52
soc
67
f1,f2,first_soc,front
104.015,21.0483,100,0
time
44.52
soc
67
f1,f2,first_soc,front
105.202,19.6922,100,0
time
45.88
soc
67
f1,f2,first_soc,front
105.202,19.6922,100,0
time
45.88
soc
67
f1,f2,first_soc,front
104.015,21.0483,100,0
time
44.52
soc
67
f1,f2,first_soc,front
105.172,19.7265,100,0
time
41.8
soc
74
f1,f2,first_soc,front
105.172,19.7265,100,0
time
41.8
soc
74
f1,f2,first_soc,front
105.172,19.7265,100,0
time
41.8
soc
74
f1,f2,first_soc,front
105.172,19.7265,100,0
time
41.8
soc
74
f1,f2,first_soc,front
104.015,21.0483,100,0
time
44.52
soc
67
f1,f2,first_soc,front
105.025,19.8933,100,0
time
44.52
soc
69
f1,f2,first_soc,front
104.015,21.0483,100,0
time
44.52
soc
67
f1,f2,first_soc,front
104.015,21.0483,100,0
time
44.52
soc
67
f1,f2,first_soc,front
105.025,19.8933,100,0
time
44.52
soc
69
f1,f2,first_soc,front
105.025,19.8933,100,0
time
44.52
soc
69
f1,f2,first_soc,front
105.025,19.8933,100,0
time
44.52
soc
69
f1,f2,first_soc,front
104.015,21.0483,100,0
time
44.52
soc
67
f1,f2,first_soc,front
104.015,21.0483,100,0
time
44.52
soc
67
f1,f2,first_soc,front
104.015,21.0483,100,0
time
44.52
soc
67
f1,f2,first_soc,front
104.697,20.2697,100,0
time
45.88
soc
66
f1,f2,first_soc,front
104.697,20.2697,100,0
time
45.88
soc
66
f1,f2,first_soc,front
104.697,20.2697,100,0
time
45.88
soc
66
f1,f2,first_soc,front
104.697,20.2697,100,0
time
45.88
soc
66
f1,f2,first_soc,front
104.015,21.0483,100,0
time
44.52
soc
67
f1,f2,first_soc,front
104.015,21.0483,100,0
time
44.52
soc
67
f1,f2,first_soc,front
104.697,20.2697,100,0
time
45.88
soc
66
f1,f2,first_soc,front
104.697,20.2697,100,0
time
45.88
soc
66
f1,f2,first_soc,front
104.697,20.2697,100,0
time
45.88
soc
66
f1,f2,first_soc,front
104.697,20.2697,100,0
time
45.88
soc
66
f1,f2,first_soc,front
104.015,21.0483,100,0
time
44.52
soc
67
f1,f2,first_soc,front
104.015,21.0483,100,0
time
44.52
soc
67
f1,f2,first_soc,front
104.015,21.0483,100,0
time
44.52
soc
67
f1,f2,first_soc,front
104.015,21.0483,100,0
time
44.52
soc
67
f1,f2,first_soc,front
104.697,20.2697,100,0
time
45.88
soc
66
f1,f2,first_soc,front
104.697,20.2697,100,0
time
45.88
soc
66
f1,f2,first_soc,front
104.697,20.2697,100,0
time
45.88
soc
66
f1,f2,first_soc,front
104.697,20.2697,100,0
time
45.88
soc
66
f1,f2,first_soc,front
104.015,21.0483,100,0
time
44.52
soc
67
f1,f2,first_soc,front
104.015,21.0483,100,0
time
44.52
soc
67
f1,f2,first_soc,front
106.54,18.1609,100,0
time
44.52
soc
72
f1,f2,first_soc,front
104.015,21.0483,100,0
time
44.52
soc
67
f1,f2,first_soc,front
104.697,20.2697,100,0
time
45.88
soc
66
f1,f2,first_soc,front
104.697,20.2697,100,0
time
45.88
soc
66
f1,f2,first_soc,front
104.697,20.2697,100,0
time
45.88
soc
66
f1,f2,first_soc,front
104.015,21.0483,100,0
time
44.52
soc
67
f1,f2,first_soc,front
104.015,21.0483,100,0
time
44.52
soc
67
f1,f2,first_soc,front
104.697,20.2697,100,0
time
45.88
soc
66
f1,f2,first_soc,front
104.697,20.2697,100,0
time
45.88
soc
66
f1,f2,first_soc,front
104.697,20.2697,100,0
time
45.88
soc
66
f1,f2,first_soc,front
104.697,20.2697,100,0
time
45.88
soc
66
f1,f2,first_soc,front
104.697,20.2697,100,0
time
45.88
soc
66
f1,f2,first_soc,front
104.015,21.0483,100,0
time
44.52
soc
67
f1,f2,first_soc,front
104.015,21.0483,100,0
time
44.52
soc
67
f1,f2,first_soc,front
104.697,20.2697,100,0
time
45.88
soc
66
f1,f2,first_soc,front
104.697,20.2697,100,0
time
45.88
soc
66
f1,f2,first_soc,front
104.015,21.0483,100,0
time
44.52
soc
67
f1,f2,first_soc,front
104.697,20.2697,100,0
time
45.88
soc
66
f1,f2,first_soc,front
104.697,20.2697,100,0
time
45.88
soc
66
f1,f2,first_soc,front
104.52,20.4708,100,0
time
44.52
soc
68
f1,f2,first_soc,front
104.52,20.4708,100,0
time
44.52
soc
68
f1,f2,first_soc,front
104.52,20.4708,100,0
time
44.52
soc
68
f1,f2,first_soc,front
104.52,20.4708,100,0
time
44.52
soc
68
f1,f2,first_soc,front
104.52,20.4708,100,0
time
44.52
soc
68
第67世代
f1,f2,first_soc,front
104.015,21.0483,100,0
time
44.52
soc
67
f1,f2,first_soc,front
104.015,21.0483,100,0
time
44.52
soc
67
f1,f2,first_soc,front
113.735,11.5601,100,0
time
44.52,96.3205
soc
76,43
f1,f2,first_soc,front
112.765,11.563,100,0
time
45.88,73.9615
soc
59,67
f1,f2,first_soc,front
111.263,12.7622,100,0
time
45.88
soc
79
f1,f2,first_soc,front
111.768,12.1847,100,0
time
45.88
soc
80
f1,f2,first_soc,front
113.735,11.5601,100,0
time
44.52,96.3205
soc
76,43
f1,f2,first_soc,front
110.252,13.9172,100,0
time
45.88
soc
77
f1,f2,first_soc,front
109.747,14.4947,100,0
time
45.88
soc
76
f1,f2,first_soc,front
106.035,18.7383,100,0
time
44.52
soc
71
f1,f2,first_soc,front
104.52,20.4708,100,0
time
44.52
soc
68
f1,f2,first_soc,front
110.757,13.3397,100,0
time
45.88
soc
78
f1,f2,first_soc,front
104.015,21.0483,100,0
time
44.52
soc
67
f1,f2,first_soc,front
104.52,20.4708,100,0
time
44.52
soc
68
f1,f2,first_soc,front
111.755,12.6872,100,0
time
45.88,74.9716
soc
61,65
f1,f2,first_soc,front
112.26,12.1097,100,0
time
45.88,74.4666
soc
60,66
f1,f2,first_soc,front
111.25,13.2647,100,0
time
45.88,74.4666
soc
60,64
f1,f2,first_soc,front
105.025,19.8933,100,0
time
44.52
soc
69
f1,f2,first_soc,front
111.25,13.2647,100,0
time
45.88,74.4666
soc
60,64
f1,f2,first_soc,front
111.755,12.6872,100,0
time
45.88,74.4666
soc
60,65
f1,f2,first_soc,front
104.015,21.0483,100,0
time
44.52
soc
67
f1,f2,first_soc,front
109.389,14.9056,100,0
time
43.16
soc
80
f1,f2,first_soc,front
107.55,17.0059,100,0
time
44.52
soc
74
f1,f2,first_soc,front
109.066,15.2734,100,0
time
44.52
soc
77
f1,f2,first_soc,front
108.379,16.0606,100,0
time
43.16
soc
78
f1,f2,first_soc,front
107.874,16.6381,100,0
time
43.16
soc
77
f1,f2,first_soc,front
106.864,17.793,100,0
time
43.16
soc
75
f1,f2,first_soc,front
106.54,18.1609,100,0
time
44.52
soc
72
f1,f2,first_soc,front
105.348,19.5255,100,0
time
43.16
soc
72
f1,f2,first_soc,front
106.358,18.3705,100,0
time
43.16
soc
74
f1,f2,first_soc,front
109.571,14.6959,100,0
time
44.52
soc
78
f1,f2,first_soc,front
108.561,15.8509,100,0
time
44.52
soc
76
f1,f2,first_soc,front
109.571,14.6959,100,0
time
44.52
soc
78
f1,f2,first_soc,front
108.561,15.8509,100,0
time
44.52
soc
76
f1,f2,first_soc,front
104.697,20.2697,100,0
time
45.88
soc
66
f1,f2,first_soc,front
110.581,13.5409,100,0
time
44.52
soc
80
f1,f2,first_soc,front
110.076,14.1184,100,0
time
44.52
soc
79
f1,f2,first_soc,front
105.707,19.1147,100,0
time
45.88
soc
68
f1,f2,first_soc,front
106.035,18.7383,100,0
time
44.52
soc
71
f1,f2,first_soc,front
107.697,16.839,100,0
time
41.8
soc
79
f1,f2,first_soc,front
109.747,14.4947,100,0
time
45.88
soc
76
f1,f2,first_soc,front
108.232,16.2272,100,0
time
45.88
soc
73
f1,f2,first_soc,front
110.076,14.1184,100,0
time
44.52
soc
79
f1,f2,first_soc,front
106.717,17.9597,100,0
time
45.88
soc
70
f1,f2,first_soc,front
107.192,17.4165,100,0
time
41.8
soc
78
f1,f2,first_soc,front
106.54,18.1609,100,0
time
44.52
soc
72
f1,f2,first_soc,front
109.066,15.2734,100,0
time
44.52
soc
77
f1,f2,first_soc,front
110.252,13.9172,100,0
time
45.88
soc
77
f1,f2,first_soc,front
108.737,15.6497,100,0
time
45.88
soc
74
f1,f2,first_soc,front
105.707,19.1147,100,0
time
45.88
soc
68
f1,f2,first_soc,front
105.53,19.3158,100,0
time
44.52
soc
70
f1,f2,first_soc,front
107.045,17.5834,100,0
time
44.52
soc
73
f1,f2,first_soc,front
105.53,19.3158,100,0
time
44.52
soc
70
f1,f2,first_soc,front
108.884,15.4831,100,0
time
43.16
soc
79
f1,f2,first_soc,front
109.242,15.0722,100,0
time
45.88
soc
75
f1,f2,first_soc,front
110.581,13.5409,100,0
time
44.52
soc
80
f1,f2,first_soc,front
104.697,20.2697,100,0
time
45.88
soc
66
f1,f2,first_soc,front
110.076,14.1184,100,0
time
44.52
soc
79
f1,f2,first_soc,front
105.025,19.8933,100,0
time
44.52
soc
69
f1,f2,first_soc,front
112.391,11.9595,100,0
time
45.88,95.8371
soc
70,38
f1,f2,first_soc,front
105.677,19.149,100,0
time
41.8
soc
75
f1,f2,first_soc,front
107.55,17.0059,100,0
time
44.52
soc
74
f1,f2,first_soc,front
105.348,19.5255,100,0
time
43.16
soc
72
f1,f2,first_soc,front
106.212,18.5372,100,0
time
45.88
soc
69
f1,f2,first_soc,front
106.358,18.3705,100,0
time
43.16
soc
74
f1,f2,first_soc,front
108.737,15.6497,100,0
time
45.88
soc
74
f1,f2,first_soc,front
107.874,16.6381,100,0
time
43.16
soc
77
f1,f2,first_soc,front
106.864,17.793,100,0
time
43.16
soc
75
f1,f2,first_soc,front
108.232,16.2272,100,0
time
45.88
soc
73
f1,f2,first_soc,front
108.379,16.0606,100,0
time
43.16
soc
78
f1,f2,first_soc,front
109.389,14.9056,100,0
time
43.16
soc
80
f1,f2,first_soc,front
107.222,17.3822,100,0
time
45.88
soc
71
f1,f2,first_soc,front
112.618,11.7025,100,0
time
37.72,77.626
soc
75,62
f1,f2,first_soc,front
112.26,12.1097,100,0
time
45.88,74.4666
soc
60,66
f1,f2,first_soc,front
112.391,11.9595,100,0
time
45.88,95.8371
soc
70,38
f1,f2,first_soc,front
108.055,16.4284,100,0
time
44.52
soc
75
f1,f2,first_soc,front
108.884,15.4831,100,0
time
43.16
soc
79
f1,f2,first_soc,front
107.369,17.2156,100,0
time
43.16
soc
76
f1,f2,first_soc,front
106.212,18.5372,100,0
time
45.88
soc
69
f1,f2,first_soc,front
110.581,13.5409,100,0
time
44.52
soc
80
f1,f2,first_soc,front
108.055,16.4284,100,0
time
44.52
soc
75
f1,f2,first_soc,front
104.697,20.2697,100,0
time
45.88
soc
66
f1,f2,first_soc,front
105.172,19.7265,100,0
time
41.8
soc
74
f1,f2,first_soc,front
107.727,16.8047,100,0
time
45.88
soc
72
f1,f2,first_soc,front
112.538,11.7921,100,0
time
45.88,96.1474
soc
76,43
f1,f2,first_soc,front
107.045,17.5834,100,0
time
44.52
soc
73
f1,f2,first_soc,front
107.369,17.2156,100,0
time
43.16
soc
76
f1,f2,first_soc,front
108.055,16.4284,100,0
time
44.52
soc
75
f1,f2,first_soc,front
105.202,19.6922,100,0
time
45.88
soc
67
f1,f2,first_soc,front
107.727,16.8047,100,0
time
45.88
soc
72
f1,f2,first_soc,front
110.757,13.3397,100,0
time
45.88
soc
78
f1,f2,first_soc,front
109.242,15.0722,100,0
time
45.88
soc
75
f1,f2,first_soc,front
108.055,16.4284,100,0
time
44.52
soc
75
f1,f2,first_soc,front
106.212,18.5372,100,0
time
45.88
soc
69
f1,f2,first_soc,front
104.697,20.2697,100,0
time
45.88
soc
66
f1,f2,first_soc,front
110.581,13.5409,100,0
time
44.52
soc
80
f1,f2,first_soc,front
104.52,20.4708,100,0
time
44.52
soc
68
f1,f2,first_soc,front
107.045,17.5834,100,0
time
44.52
soc
73
f1,f2,first_soc,front
105.025,19.8933,100,0
time
44.52
soc
69
f1,f2,first_soc,front
106.717,17.9597,100,0
time
45.88
soc
70
f1,f2,first_soc,front
105.202,19.6922,100,0
time
45.88
soc
67
f1,f2,first_soc,front
109.242,15.0722,100,0
time
45.88
soc
75
f1,f2,first_soc,front
107.369,17.2156,100,0
time
43.16
soc
76
f1,f2,first_soc,front
112.765,11.563,100,0
time
45.88,74.4666
soc
60,67
f1,f2,first_soc,front
112.538,11.7921,100,0
time
45.88,96.1474
soc
76,43
f1,f2,first_soc,front
108.884,15.4831,100,0
time
43.16
soc
79
f1,f2,first_soc,front
106.717,17.9597,100,0
time
45.88
soc
70
f1,f2,first_soc,front
105.172,19.7265,100,0
time
41.8
soc
74
f1,f2,first_soc,front
107.369,17.2156,100,0
time
43.16
soc
76
f1,f2,first_soc,front
112.618,11.7025,100,0
time
37.72,77.626
soc
75,62
f1,f2,first_soc,front
112.553,11.7747,100,0
time
45.88,73.067
soc
68,76
f1,f2,first_soc,front
111.768,12.1847,100,0
time
45.88
soc
80
f1,f2,first_soc,front
111.263,12.7622,100,0
time
45.88
soc
79
f1,f2,first_soc,front
110.757,13.3397,100,0
time
45.88
soc
78
f1,f2,first_soc,front
107.222,17.3822,100,0
time
45.88
soc
71
f1,f2,first_soc,front
105.677,19.149,100,0
time
41.8
soc
75
f1,f2,first_soc,front
105.172,19.7265,100,0
time
41.8
soc
74
f1,f2,first_soc,front
112.553,11.7747,100,0
time
45.88,73.067
soc
68,76
f1,f2,first_soc,front
105.202,19.6922,100,0
time
45.88
soc
67
f1,f2,first_soc,front
105.707,19.1147,100,0
time
45.88
soc
68
f1,f2,first_soc,front
112.538,11.7921,100,0
time
45.88,96.1474
soc
76,43
f1,f2,first_soc,front
111.263,12.7622,100,0
time
45.88
soc
79
f1,f2,first_soc,front
104.697,20.2697,100,0
time
45.88
soc
66
f1,f2,first_soc,front
104.697,20.2697,100,0
time
45.88
soc
66
f1,f2,first_soc,front
105.025,19.8933,100,0
time
44.52
soc
69
f1,f2,first_soc,front
104.697,20.2697,100,0
time
45.88
soc
66
f1,f2,first_soc,front
104.697,20.2697,100,0
time
45.88
soc
66
f1,f2,first_soc,front
104.697,20.2697,100,0
time
45.88
soc
66
f1,f2,first_soc,front
104.697,20.2697,100,0
time
45.88
soc
66
f1,f2,first_soc,front
104.697,20.2697,100,0
time
45.88
soc
66
f1,f2,first_soc,front
105.025,19.8933,100,0
time
44.52
soc
69
f1,f2,first_soc,front
106.717,17.9597,100,0
time
45.88
soc
70
f1,f2,first_soc,front
104.697,20.2697,100,0
time
45.88
soc
66
f1,f2,first_soc,front
104.697,20.2697,100,0
time
45.88
soc
66
f1,f2,first_soc,front
104.697,20.2697,100,0
time
45.88
soc
66
f1,f2,first_soc,front
104.697,20.2697,100,0
time
45.88
soc
66
f1,f2,first_soc,front
104.697,20.2697,100,0
time
45.88
soc
66
f1,f2,first_soc,front
105.172,19.7265,100,0
time
41.8
soc
74
f1,f2,first_soc,front
104.697,20.2697,100,0
time
45.88
soc
66
f1,f2,first_soc,front
104.697,20.2697,100,0
time
45.88
soc
66
f1,f2,first_soc,front
104.697,20.2697,100,0
time
45.88
soc
66
f1,f2,first_soc,front
104.697,20.2697,100,0
time
45.88
soc
66
f1,f2,first_soc,front
104.697,20.2697,100,0
time
45.88
soc
66
f1,f2,first_soc,front
105.172,19.7265,100,0
time
41.8
soc
74
f1,f2,first_soc,front
104.697,20.2697,100,0
time
45.88
soc
66
f1,f2,first_soc,front
104.697,20.2697,100,0
time
45.88
soc
66
f1,f2,first_soc,front
104.697,20.2697,100,0
time
45.88
soc
66
f1,f2,first_soc,front
104.697,20.2697,100,0
time
45.88
soc
66
f1,f2,first_soc,front
105.025,19.8933,100,0
time
44.52
soc
69
f1,f2,first_soc,front
105.172,19.7265,100,0
time
41.8
soc
74
f1,f2,first_soc,front
104.697,20.2697,100,0
time
45.88
soc
66
f1,f2,first_soc,front
105.025,19.8933,100,0
time
44.52
soc
69
f1,f2,first_soc,front
105.172,19.7265,100,0
time
41.8
soc
74
f1,f2,first_soc,front
105.172,19.7265,100,0
time
41.8
soc
74
f1,f2,first_soc,front
104.697,20.2697,100,0
time
45.88
soc
66
f1,f2,first_soc,front
104.015,21.0483,100,0
time
44.52
soc
67
f1,f2,first_soc,front
104.015,21.0483,100,0
time
44.52
soc
67
f1,f2,first_soc,front
104.015,21.0483,100,0
time
44.52
soc
67
f1,f2,first_soc,front
104.015,21.0483,100,0
time
44.52
soc
67
f1,f2,first_soc,front
104.015,21.0483,100,0
time
44.52
soc
67
f1,f2,first_soc,front
104.015,21.0483,100,0
time
44.52
soc
67
f1,f2,first_soc,front
104.015,21.0483,100,0
time
44.52
soc
67
f1,f2,first_soc,front
104.015,21.0483,100,0
time
44.52
soc
67
f1,f2,first_soc,front
104.015,21.0483,100,0
time
44.52
soc
67
f1,f2,first_soc,front
104.015,21.0483,100,0
time
44.52
soc
67
f1,f2,first_soc,front
104.015,21.0483,100,0
time
44.52
soc
67
f1,f2,first_soc,front
104.015,21.0483,100,0
time
44.52
soc
67
f1,f2,first_soc,front
104.015,21.0483,100,0
time
44.52
soc
67
f1,f2,first_soc,front
104.52,20.4708,100,0
time
44.52
soc
68
f1,f2,first_soc,front
104.52,20.4708,100,0
time
44.52
soc
68
f1,f2,first_soc,front
104.52,20.4708,100,0
time
44.52
soc
68
f1,f2,first_soc,front
104.52,20.4708,100,0
time
44.52
soc
68
f1,f2,first_soc,front
104.52,20.4708,100,0
time
44.52
soc
68
f1,f2,first_soc,front
104.015,21.0483,100,0
time
44.52
soc
67
f1,f2,first_soc,front
104.015,21.0483,100,0
time
44.52
soc
67
f1,f2,first_soc,front
104.015,21.0483,100,0
time
44.52
soc
67
f1,f2,first_soc,front
104.015,21.0483,100,0
time
44.52
soc
67
f1,f2,first_soc,front
104.015,21.0483,100,0
time
44.52
soc
67
f1,f2,first_soc,front
104.015,21.0483,100,0
time
44.52
soc
67
f1,f2,first_soc,front
104.015,21.0483,100,0
time
44.52
soc
67
f1,f2,first_soc,front
104.015,21.0483,100,0
time
44.52
soc
67
f1,f2,first_soc,front
104.015,21.0483,100,0
time
44.52
soc
67
f1,f2,first_soc,front
104.52,20.4708,100,0
time
44.52
soc
68
f1,f2,first_soc,front
104.015,21.0483,100,0
time
44.52
soc
67
f1,f2,first_soc,front
104.015,21.0483,100,0
time
44.52
soc
67
f1,f2,first_soc,front
104.015,21.0483,100,0
time
44.52
soc
67
f1,f2,first_soc,front
104.015,21.0483,100,0
time
44.52
soc
67
f1,f2,first_soc,front
104.015,21.0483,100,0
time
44.52
soc
67
f1,f2,first_soc,front
104.015,21.0483,100,0
time
44.52
soc
67
f1,f2,first_soc,front
104.015,21.0483,100,0
time
44.52
soc
67
f1,f2,first_soc,front
104.015,21.0483,100,0
time
44.52
soc
67
f1,f2,first_soc,front
104.697,20.2697,100,0
time
45.88
soc
66
f1,f2,first_soc,front
104.697,20.2697,100,0
time
45.88
soc
66
f1,f2,first_soc,front
104.697,20.2697,100,0
time
45.88
soc
66
f1,f2,first_soc,front
104.697,20.2697,100,0
time
45.88
soc
66
f1,f2,first_soc,front
104.697,20.2697,100,0
time
45.88
soc
66
f1,f2,first_soc,front
104.697,20.2697,100,0
time
45.88
soc
66
f1,f2,first_soc,front
104.697,20.2697,100,0
time
45.88
soc
66
f1,f2,first_soc,front
104.697,20.2697,100,0
time
45.88
soc
66
f1,f2,first_soc,front
104.697,20.2697,100,0
time
45.88
soc
66
第68世代
f1,f2,first_soc,front
104.015,21.0483,100,0
time
44.52
soc
67
f1,f2,first_soc,front
113.735,11.5601,100,0
time
44.52,96.3205
soc
76,43
f1,f2,first_soc,front
104.015,21.0483,100,0
time
44.52
soc
67
f1,f2,first_soc,front
113.735,11.5601,100,0
time
44.52,96.3205
soc
76,43
f1,f2,first_soc,front
112.765,11.563,100,0
time
45.88,74.9716
soc
61,67
f1,f2,first_soc,front
110.581,13.5409,100,0
time
44.52
soc
80
f1,f2,first_soc,front
105.707,19.1147,100,0
time
45.88
soc
68
f1,f2,first_soc,front
104.52,20.4708,100,0
time
44.52
soc
68
f1,f2,first_soc,front
104.52,20.4708,100,0
time
44.52
soc
68
f1,f2,first_soc,front
104.015,21.0483,100,0
time
44.52
soc
67
f1,f2,first_soc,front
111.263,12.7622,100,0
time
45.88
soc
79
f1,f2,first_soc,front
111.768,12.1847,100,0
time
45.88
soc
80
f1,f2,first_soc,front
112.26,12.1097,100,0
time
45.88,74.4666
soc
60,66
f1,f2,first_soc,front
111.25,13.2647,100,0
time
45.88,74.4666
soc
60,64
f1,f2,first_soc,front
106.035,18.7383,100,0
time
44.52
soc
71
f1,f2,first_soc,front
109.747,14.4947,100,0
time
45.88
soc
76
f1,f2,first_soc,front
110.252,13.9172,100,0
time
45.88
soc
77
f1,f2,first_soc,front
111.25,13.2647,100,0
time
45.88,74.4666
soc
60,64
f1,f2,first_soc,front
111.263,12.7622,100,0
time
45.88
soc
79
f1,f2,first_soc,front
111.768,12.1847,100,0
time
45.88
soc
80
f1,f2,first_soc,front
111.755,12.6872,100,0
time
45.88,74.9716
soc
61,65
f1,f2,first_soc,front
104.015,21.0483,100,0
time
44.52
soc
67
f1,f2,first_soc,front
111.755,12.6872,100,0
time
45.88,74.4666
soc
60,65
f1,f2,first_soc,front
110.757,13.3397,100,0
time
45.88
soc
78
f1,f2,first_soc,front
109.571,14.6959,100,0
time
44.52
soc
78
f1,f2,first_soc,front
109.066,15.2734,100,0
time
44.52
soc
77
f1,f2,first_soc,front
108.884,15.4831,100,0
time
43.16
soc
79
f1,f2,first_soc,front
108.561,15.8509,100,0
time
44.52
soc
76
f1,f2,first_soc,front
108.379,16.0606,100,0
time
43.16
soc
78
f1,f2,first_soc,front
107.874,16.6381,100,0
time
43.16
soc
77
f1,f2,first_soc,front
107.55,17.0059,100,0
time
44.52
soc
74
f1,f2,first_soc,front
107.045,17.5834,100,0
time
44.52
soc
73
f1,f2,first_soc,front
106.54,18.1609,100,0
time
44.52
soc
72
f1,f2,first_soc,front
106.358,18.3705,100,0
time
43.16
soc
74
f1,f2,first_soc,front
105.348,19.5255,100,0
time
43.16
soc
72
f1,f2,first_soc,front
108.055,16.4284,100,0
time
44.52
soc
75
f1,f2,first_soc,front
104.697,20.2697,100,0
time
45.88
soc
66
f1,f2,first_soc,front
105.025,19.8933,100,0
time
44.52
soc
69
f1,f2,first_soc,front
110.252,13.9172,100,0
time
45.88
soc
77
f1,f2,first_soc,front
110.076,14.1184,100,0
time
44.52
soc
79
f1,f2,first_soc,front
109.747,14.4947,100,0
time
45.88
soc
76
f1,f2,first_soc,front
106.035,18.7383,100,0
time
44.52
soc
71
f1,f2,first_soc,front
106.717,17.9597,100,0
time
45.88
soc
70
f1,f2,first_soc,front
109.571,14.6959,100,0
time
44.52
soc
78
f1,f2,first_soc,front
106.54,18.1609,100,0
time
44.52
soc
72
f1,f2,first_soc,front
109.242,15.0722,100,0
time
45.88
soc
75
f1,f2,first_soc,front
109.066,15.2734,100,0
time
44.52
soc
77
f1,f2,first_soc,front
108.561,15.8509,100,0
time
44.52
soc
76
f1,f2,first_soc,front
108.232,16.2272,100,0
time
45.88
soc
73
f1,f2,first_soc,front
110.581,13.5409,100,0
time
44.52
soc
80
f1,f2,first_soc,front
106.864,17.793,100,0
time
43.16
soc
75
f1,f2,first_soc,front
106.864,17.793,100,0
time
43.16
soc
75
f1,f2,first_soc,front
107.369,17.2156,100,0
time
43.16
soc
76
f1,f2,first_soc,front
109.389,14.9056,100,0
time
43.16
soc
80
f1,f2,first_soc,front
106.212,18.5372,100,0
time
45.88
soc
69
f1,f2,first_soc,front
105.025,19.8933,100,0
time
44.52
soc
69
f1,f2,first_soc,front
104.697,20.2697,100,0
time
45.88
soc
66
f1,f2,first_soc,front
110.076,14.1184,100,0
time
44.52
soc
79
f1,f2,first_soc,front
112.538,11.7921,100,0
time
45.88,96.1474
soc
76,43
f1,f2,first_soc,front
105.677,19.149,100,0
time
41.8
soc
75
f1,f2,first_soc,front
105.53,19.3158,100,0
time
44.52
soc
70
f1,f2,first_soc,front
107.55,17.0059,100,0
time
44.52
soc
74
f1,f2,first_soc,front
107.697,16.839,100,0
time
41.8
soc
79
f1,f2,first_soc,front
107.192,17.4165,100,0
time
41.8
soc
78
f1,f2,first_soc,front
107.045,17.5834,100,0
time
44.52
soc
73
f1,f2,first_soc,front
105.348,19.5255,100,0
time
43.16
soc
72
f1,f2,first_soc,front
106.358,18.3705,100,0
time
43.16
soc
74
f1,f2,first_soc,front
107.727,16.8047,100,0
time
45.88
soc
72
f1,f2,first_soc,front
107.874,16.6381,100,0
time
43.16
soc
77
f1,f2,first_soc,front
109.242,15.0722,100,0
time
45.88
soc
75
f1,f2,first_soc,front
107.222,17.3822,100,0
time
45.88
soc
71
f1,f2,first_soc,front
108.232,16.2272,100,0
time
45.88
soc
73
f1,f2,first_soc,front
112.391,11.9595,100,0
time
45.88,95.8371
soc
70,38
f1,f2,first_soc,front
112.391,11.9595,100,0
time
45.88,95.8371
soc
70,38
f1,f2,first_soc,front
112.765,11.563,100,0
time
45.88,74.4666
soc
60,67
f1,f2,first_soc,front
112.26,12.1097,100,0
time
45.88,74.4666
soc
60,66
f1,f2,first_soc,front
112.618,11.7025,100,0
time
37.72,77.626
soc
75,62
f1,f2,first_soc,front
109.389,14.9056,100,0
time
43.16
soc
80
f1,f2,first_soc,front
107.369,17.2156,100,0
time
43.16
soc
76
f1,f2,first_soc,front
105.53,19.3158,100,0
time
44.52
soc
70
f1,f2,first_soc,front
112.618,11.7025,100,0
time
37.72,77.626
soc
75,62
f1,f2,first_soc,front
110.757,13.3397,100,0
time
45.88
soc
78
f1,f2,first_soc,front
108.055,16.4284,100,0
time
44.52
soc
75
f1,f2,first_soc,front
108.737,15.6497,100,0
time
45.88
soc
74
f1,f2,first_soc,front
104.697,20.2697,100,0
time
45.88
soc
66
f1,f2,first_soc,front
110.076,14.1184,100,0
time
44.52
soc
79
f1,f2,first_soc,front
105.172,19.7265,100,0
time
41.8
soc
74
f1,f2,first_soc,front
105.202,19.6922,100,0
time
45.88
soc
67
f1,f2,first_soc,front
108.055,16.4284,100,0
time
44.52
soc
75
f1,f2,first_soc,front
105.53,19.3158,100,0
time
44.52
soc
70
f1,f2,first_soc,front
110.076,14.1184,100,0
time
44.52
soc
79
f1,f2,first_soc,front
109.747,14.4947,100,0
time
45.88
soc
76
f1,f2,first_soc,front
106.212,18.5372,100,0
time
45.88
soc
69
f1,f2,first_soc,front
110.252,13.9172,100,0
time
45.88
soc
77
f1,f2,first_soc,front
106.035,18.7383,100,0
time
44.52
soc
71
f1,f2,first_soc,front
110.757,13.3397,100,0
time
45.88
soc
78
f1,f2,first_soc,front
104.52,20.4708,100,0
time
44.52
soc
68
f1,f2,first_soc,front
108.737,15.6497,100,0
time
45.88
soc
74
f1,f2,first_soc,front
104.697,20.2697,100,0
time
45.88
soc
66
f1,f2,first_soc,front
105.025,19.8933,100,0
time
44.52
soc
69
f1,f2,first_soc,front
106.717,17.9597,100,0
time
45.88
soc
70
f1,f2,first_soc,front
108.737,15.6497,100,0
time
45.88
soc
74
f1,f2,first_soc,front
108.884,15.4831,100,0
time
43.16
soc
79
f1,f2,first_soc,front
106.212,18.5372,100,0
time
45.88
soc
69
f1,f2,first_soc,front
108.379,16.0606,100,0
time
43.16
soc
78
f1,f2,first_soc,front
105.202,19.6922,100,0
time
45.88
soc
67
f1,f2,first_soc,front
105.172,19.7265,100,0
time
41.8
soc
74
f1,f2,first_soc,front
107.369,17.2156,100,0
time
43.16
soc
76
f1,f2,first_soc,front
106.717,17.9597,100,0
time
45.88
soc
70
f1,f2,first_soc,front
108.884,15.4831,100,0
time
43.16
soc
79
f1,f2,first_soc,front
108.737,15.6497,100,0
time
45.88
soc
74
f1,f2,first_soc,front
108.379,16.0606,100,0
time
43.16
soc
78
f1,f2,first_soc,front
109.389,14.9056,100,0
time
43.16
soc
80
f1,f2,first_soc,front
105.025,19.8933,100,0
time
44.52
soc
69
f1,f2,first_soc,front
112.553,11.7747,100,0
time
45.88,73.067
soc
68,76
f1,f2,first_soc,front
111.755,12.6872,100,0
time
45.88,74.4666
soc
60,65
f1,f2,first_soc,front
110.757,13.3397,100,0
time
45.88
soc
78
f1,f2,first_soc,front
107.222,17.3822,100,0
time
45.88
soc
71
f1,f2,first_soc,front
107.192,17.4165,100,0
time
41.8
soc
78
f1,f2,first_soc,front
107.727,16.8047,100,0
time
45.88
soc
72
f1,f2,first_soc,front
105.707,19.1147,100,0
time
45.88
soc
68
f1,f2,first_soc,front
107.697,16.839,100,0
time
41.8
soc
79
f1,f2,first_soc,front
105.677,19.149,100,0
time
41.8
soc
75
f1,f2,first_soc,front
105.172,19.7265,100,0
time
41.8
soc
74
f1,f2,first_soc,front
105.202,19.6922,100,0
time
45.88
soc
67
f1,f2,first_soc,front
112.553,11.7747,100,0
time
45.88,73.067
soc
68,76
f1,f2,first_soc,front
112.538,11.7921,100,0
time
45.88,96.1474
soc
76,43
f1,f2,first_soc,front
105.025,19.8933,100,0
time
44.52
soc
69
f1,f2,first_soc,front
104.697,20.2697,100,0
time
45.88
soc
66
f1,f2,first_soc,front
104.697,20.2697,100,0
time
45.88
soc
66
f1,f2,first_soc,front
104.697,20.2697,100,0
time
45.88
soc
66
f1,f2,first_soc,front
104.697,20.2697,100,0
time
45.88
soc
66
f1,f2,first_soc,front
104.697,20.2697,100,0
time
45.88
soc
66
f1,f2,first_soc,front
104.697,20.2697,100,0
time
45.88
soc
66
f1,f2,first_soc,front
104.697,20.2697,100,0
time
45.88
soc
66
f1,f2,first_soc,front
104.697,20.2697,100,0
time
45.88
soc
66
f1,f2,first_soc,front
104.697,20.2697,100,0
time
45.88
soc
66
f1,f2,first_soc,front
104.697,20.2697,100,0
time
45.88
soc
66
f1,f2,first_soc,front
104.697,20.2697,100,0
time
45.88
soc
66
f1,f2,first_soc,front
104.697,20.2697,100,0
time
45.88
soc
66
f1,f2,first_soc,front
105.025,19.8933,100,0
time
44.52
soc
69
f1,f2,first_soc,front
105.025,19.8933,100,0
time
44.52
soc
69
f1,f2,first_soc,front
104.697,20.2697,100,0
time
45.88
soc
66
f1,f2,first_soc,front
104.697,20.2697,100,0
time
45.88
soc
66
f1,f2,first_soc,front
105.025,19.8933,100,0
time
44.52
soc
69
f1,f2,first_soc,front
105.025,19.8933,100,0
time
44.52
soc
69
f1,f2,first_soc,front
104.697,20.2697,100,0
time
45.88
soc
66
f1,f2,first_soc,front
104.697,20.2697,100,0
time
45.88
soc
66
f1,f2,first_soc,front
104.697,20.2697,100,0
time
45.88
soc
66
f1,f2,first_soc,front
104.697,20.2697,100,0
time
45.88
soc
66
f1,f2,first_soc,front
104.697,20.2697,100,0
time
45.88
soc
66
f1,f2,first_soc,front
104.697,20.2697,100,0
time
45.88
soc
66
f1,f2,first_soc,front
104.697,20.2697,100,0
time
45.88
soc
66
f1,f2,first_soc,front
104.697,20.2697,100,0
time
45.88
soc
66
f1,f2,first_soc,front
104.697,20.2697,100,0
time
45.88
soc
66
f1,f2,first_soc,front
104.697,20.2697,100,0
time
45.88
soc
66
f1,f2,first_soc,front
104.697,20.2697,100,0
time
45.88
soc
66
f1,f2,first_soc,front
104.697,20.2697,100,0
time
45.88
soc
66
f1,f2,first_soc,front
104.697,20.2697,100,0
time
45.88
soc
66
f1,f2,first_soc,front
104.697,20.2697,100,0
time
45.88
soc
66
f1,f2,first_soc,front
104.697,20.2697,100,0
time
45.88
soc
66
f1,f2,first_soc,front
104.697,20.2697,100,0
time
45.88
soc
66
f1,f2,first_soc,front
104.697,20.2697,100,0
time
45.88
soc
66
f1,f2,first_soc,front
104.697,20.2697,100,0
time
45.88
soc
66
f1,f2,first_soc,front
104.015,21.0483,100,0
time
44.52
soc
67
f1,f2,first_soc,front
112.765,11.563,100,0
time
45.88,73.9615
soc
59,67
f1,f2,first_soc,front
104.015,21.0483,100,0
time
44.52
soc
67
f1,f2,first_soc,front
104.015,21.0483,100,0
time
44.52
soc
67
f1,f2,first_soc,front
104.015,21.0483,100,0
time
44.52
soc
67
f1,f2,first_soc,front
104.015,21.0483,100,0
time
44.52
soc
67
f1,f2,first_soc,front
104.015,21.0483,100,0
time
44.52
soc
67
f1,f2,first_soc,front
104.015,21.0483,100,0
time
44.52
soc
67
f1,f2,first_soc,front
104.015,21.0483,100,0
time
44.52
soc
67
f1,f2,first_soc,front
104.015,21.0483,100,0
time
44.52
soc
67
f1,f2,first_soc,front
104.015,21.0483,100,0
time
44.52
soc
67
f1,f2,first_soc,front
104.015,21.0483,100,0
time
44.52
soc
67
f1,f2,first_soc,front
104.015,21.0483,100,0
time
44.52
soc
67
f1,f2,first_soc,front
104.015,21.0483,100,0
time
44.52
soc
67
f1,f2,first_soc,front
104.015,21.0483,100,0
time
44.52
soc
67
f1,f2,first_soc,front
104.015,21.0483,100,0
time
44.52
soc
67
f1,f2,first_soc,front
104.015,21.0483,100,0
time
44.52
soc
67
f1,f2,first_soc,front
104.015,21.0483,100,0
time
44.52
soc
67
f1,f2,first_soc,front
113.735,11.5601,100,0
time
44.52,96.3205
soc
76,43
f1,f2,first_soc,front
104.015,21.0483,100,0
time
44.52
soc
67
f1,f2,first_soc,front
104.015,21.0483,100,0
time
44.52
soc
67
f1,f2,first_soc,front
104.015,21.0483,100,0
time
44.52
soc
67
f1,f2,first_soc,front
104.015,21.0483,100,0
time
44.52
soc
67
f1,f2,first_soc,front
104.015,21.0483,100,0
time
44.52
soc
67
f1,f2,first_soc,front
104.015,21.0483,100,0
time
44.52
soc
67
f1,f2,first_soc,front
104.015,21.0483,100,0
time
44.52
soc
67
f1,f2,first_soc,front
104.015,21.0483,100,0
time
44.52
soc
67
f1,f2,first_soc,front
104.015,21.0483,100,0
time
44.52
soc
67
f1,f2,first_soc,front
104.015,21.0483,100,0
time
44.52
soc
67
f1,f2,first_soc,front
104.015,21.0483,100,0
time
44.52
soc
67
f1,f2,first_soc,front
104.015,21.0483,100,0
time
44.52
soc
67
f1,f2,first_soc,front
104.015,21.0483,100,0
time
44.52
soc
67
f1,f2,first_soc,front
104.015,21.0483,100,0
time
44.52
soc
67
f1,f2,first_soc,front
104.015,21.0483,100,0
time
44.52
soc
67
f1,f2,first_soc,front
104.697,20.2697,100,0
time
45.88
soc
66
f1,f2,first_soc,front
104.52,20.4708,100,0
time
44.52
soc
68
第69世代
f1,f2,first_soc,front
104.015,21.0483,100,0
time
44.52
soc
67
f1,f2,first_soc,front
104.015,21.0483,100,0
time
44.52
soc
67
f1,f2,first_soc,front
113.735,11.5601,100,0
time
44.52,96.3205
soc
76,43
f1,f2,first_soc,front
112.765,11.563,100,0
time
45.88,74.9716
soc
61,67
f1,f2,first_soc,front
113.735,11.5601,100,0
time
44.52,96.3205
soc
76,43
f1,f2,first_soc,front
110.076,14.1184,100,0
time
44.52
soc
79
f1,f2,first_soc,front
110.581,13.5409,100,0
time
44.52
soc
80
f1,f2,first_soc,front
105.707,19.1147,100,0
time
45.88
soc
68
f1,f2,first_soc,front
106.035,18.7383,100,0
time
44.52
soc
71
f1,f2,first_soc,front
110.757,13.3397,100,0
time
45.88
soc
78
f1,f2,first_soc,front
104.52,20.4708,100,0
time
44.52
soc
68
f1,f2,first_soc,front
104.015,21.0483,100,0
time
44.52
soc
67
f1,f2,first_soc,front
111.263,12.7622,100,0
time
45.88
soc
79
f1,f2,first_soc,front
111.768,12.1847,100,0
time
45.88
soc
80
f1,f2,first_soc,front
112.26,12.1097,100,0
time
45.88,74.4666
soc
60,66
f1,f2,first_soc,front
110.252,13.9172,100,0
time
45.88
soc
77
f1,f2,first_soc,front
109.747,14.4947,100,0
time
45.88
soc
76
f1,f2,first_soc,front
105.025,19.8933,100,0
time
44.52
soc
69
f1,f2,first_soc,front
111.263,12.7622,100,0
time
45.88
soc
79
f1,f2,first_soc,front
111.25,13.2647,100,0
time
45.88,74.4666
soc
60,64
f1,f2,first_soc,front
111.755,12.6872,100,0
time
45.88,74.9716
soc
61,65
f1,f2,first_soc,front
111.768,12.1847,100,0
time
45.88
soc
80
f1,f2,first_soc,front
104.52,20.4708,100,0
time
44.52
soc
68
f1,f2,first_soc,front
104.015,21.0483,100,0
time
44.52
soc
67
f1,f2,first_soc,front
111.25,13.2647,100,0
time
45.88,74.9716
soc
61,64
f1,f2,first_soc,front
111.755,12.6872,100,0
time
45.88,74.9716
soc
61,65
f1,f2,first_soc,front
109.571,14.6959,100,0
time
44.52
soc
78
f1,f2,first_soc,front
109.066,15.2734,100,0
time
44.52
soc
77
f1,f2,first_soc,front
108.561,15.8509,100,0
time
44.52
soc
76
f1,f2,first_soc,front
106.864,17.793,100,0
time
43.16
soc
75
f1,f2,first_soc,front
107.874,16.6381,100,0
time
43.16
soc
77
f1,f2,first_soc,front
107.369,17.2156,100,0
time
43.16
soc
76
f1,f2,first_soc,front
105.348,19.5255,100,0
time
43.16
soc
72
f1,f2,first_soc,front
105.53,19.3158,100,0
time
44.52
soc
70
f1,f2,first_soc,front
106.54,18.1609,100,0
time
44.52
soc
72
f1,f2,first_soc,front
106.358,18.3705,100,0
time
43.16
soc
74
f1,f2,first_soc,front
108.055,16.4284,100,0
time
44.52
soc
75
f1,f2,first_soc,front
108.055,16.4284,100,0
time
44.52
soc
75
f1,f2,first_soc,front
104.697,20.2697,100,0
time
45.88
soc
66
f1,f2,first_soc,front
109.747,14.4947,100,0
time
45.88
soc
76
f1,f2,first_soc,front
110.252,13.9172,100,0
time
45.88
soc
77
f1,f2,first_soc,front
106.035,18.7383,100,0
time
44.52
soc
71
f1,f2,first_soc,front
108.561,15.8509,100,0
time
44.52
soc
76
f1,f2,first_soc,front
110.581,13.5409,100,0
time
44.52
soc
80
f1,f2,first_soc,front
108.232,16.2272,100,0
time
45.88
soc
73
f1,f2,first_soc,front
110.076,14.1184,100,0
time
44.52
soc
79
f1,f2,first_soc,front
109.066,15.2734,100,0
time
44.52
soc
77
f1,f2,first_soc,front
109.571,14.6959,100,0
time
44.52
soc
78
f1,f2,first_soc,front
104.52,20.4708,100,0
time
44.52
soc
68
f1,f2,first_soc,front
106.54,18.1609,100,0
time
44.52
soc
72
f1,f2,first_soc,front
109.242,15.0722,100,0
time
45.88
soc
75
f1,f2,first_soc,front
107.55,17.0059,100,0
time
44.52
soc
74
f1,f2,first_soc,front
107.045,17.5834,100,0
time
44.52
soc
73
f1,f2,first_soc,front
107.045,17.5834,100,0
time
44.52
soc
73
f1,f2,first_soc,front
108.884,15.4831,100,0
time
43.16
soc
79
f1,f2,first_soc,front
108.379,16.0606,100,0
time
43.16
soc
78
f1,f2,first_soc,front
109.389,14.9056,100,0
time
43.16
soc
80
f1,f2,first_soc,front
108.737,15.6497,100,0
time
45.88
soc
74
f1,f2,first_soc,front
106.717,17.9597,100,0
time
45.88
soc
70
f1,f2,first_soc,front
106.717,17.9597,100,0
time
45.88
soc
70
f1,f2,first_soc,front
106.212,18.5372,100,0
time
45.88
soc
69
f1,f2,first_soc,front
105.025,19.8933,100,0
time
44.52
soc
69
f1,f2,first_soc,front
104.697,20.2697,100,0
time
45.88
soc
66
f1,f2,first_soc,front
112.538,11.7921,100,0
time
45.88,96.1474
soc
76,43
f1,f2,first_soc,front
112.391,11.9595,100,0
time
45.88,95.8371
soc
70,38
f1,f2,first_soc,front
105.53,19.3158,100,0
time
44.52
soc
70
f1,f2,first_soc,front
107.697,16.839,100,0
time
41.8
soc
79
f1,f2,first_soc,front
105.172,19.7265,100,0
time
41.8
soc
74
f1,f2,first_soc,front
105.348,19.5255,100,0
time
43.16
soc
72
f1,f2,first_soc,front
106.358,18.3705,100,0
time
43.16
soc
74
f1,f2,first_soc,front
107.874,16.6381,100,0
time
43.16
soc
77
f1,f2,first_soc,front
106.864,17.793,100,0
time
43.16
soc
75
f1,f2,first_soc,front
108.232,16.2272,100,0
time
45.88
soc
73
f1,f2,first_soc,front
109.242,15.0722,100,0
time
45.88
soc
75
f1,f2,first_soc,front
107.369,17.2156,100,0
time
43.16
soc
76
f1,f2,first_soc,front
107.222,17.3822,100,0
time
45.88
soc
71
f1,f2,first_soc,front
112.618,11.7025,100,0
time
37.72,77.626
soc
75,62
f1,f2,first_soc,front
112.26,12.1097,100,0
time
45.88,74.4666
soc
60,66
f1,f2,first_soc,front
112.391,11.9595,100,0
time
45.88,95.8371
soc
70,38
f1,f2,first_soc,front
109.389,14.9056,100,0
time
43.16
soc
80
f1,f2,first_soc,front
108.884,15.4831,100,0
time
43.16
soc
79
f1,f2,first_soc,front
108.379,16.0606,100,0
time
43.16
soc
78
f1,f2,first_soc,front
106.212,18.5372,100,0
time
45.88
soc
69
f1,f2,first_soc,front
104.697,20.2697,100,0
time
45.88
soc
66
f1,f2,first_soc,front
105.677,19.149,100,0
time
41.8
soc
75
f1,f2,first_soc,front
107.192,17.4165,100,0
time
41.8
soc
78
f1,f2,first_soc,front
107.727,16.8047,100,0
time
45.88
soc
72
f1,f2,first_soc,front
107.55,17.0059,100,0
time
44.52
soc
74
f1,f2,first_soc,front
105.202,19.6922,100,0
time
45.88
soc
67
f1,f2,first_soc,front
107.192,17.4165,100,0
time
41.8
soc
78
f1,f2,first_soc,front
107.727,16.8047,100,0
time
45.88
soc
72
f1,f2,first_soc,front
108.737,15.6497,100,0
time
45.88
soc
74
f1,f2,first_soc,front
104.697,20.2697,100,0
time
45.88
soc
66
f1,f2,first_soc,front
110.757,13.3397,100,0
time
45.88
soc
78
f1,f2,first_soc,front
109.747,14.4947,100,0
time
45.88
soc
76
f1,f2,first_soc,front
110.252,13.9172,100,0
time
45.88
soc
77
f1,f2,first_soc,front
107.55,17.0059,100,0
time
44.52
soc
74
f1,f2,first_soc,front
105.025,19.8933,100,0
time
44.52
soc
69
f1,f2,first_soc,front
105.202,19.6922,100,0
time
45.88
soc
67
f1,f2,first_soc,front
108.737,15.6497,100,0
time
45.88
soc
74
f1,f2,first_soc,front
106.212,18.5372,100,0
time
45.88
soc
69
f1,f2,first_soc,front
112.765,11.563,100,0
time
45.88,74.9716
soc
61,67
f1,f2,first_soc,front
108.379,16.0606,100,0
time
43.16
soc
78
f1,f2,first_soc,front
109.389,14.9056,100,0
time
43.16
soc
80
f1,f2,first_soc,front
105.677,19.149,100,0
time
41.8
soc
75
f1,f2,first_soc,front
108.884,15.4831,100,0
time
43.16
soc
79
f1,f2,first_soc,front
112.553,11.7747,100,0
time
45.88,73.067
soc
68,76
f1,f2,first_soc,front
112.618,11.7025,100,0
time
37.72,77.626
soc
75,62
f1,f2,first_soc,front
111.755,12.6872,100,0
time
45.88,74.4666
soc
60,65
f1,f2,first_soc,front
111.25,13.2647,100,0
time
45.88,74.4666
soc
60,64
f1,f2,first_soc,front
110.757,13.3397,100,0
time
45.88
soc
78
f1,f2,first_soc,front
107.222,17.3822,100,0
time
45.88
soc
71
f1,f2,first_soc,front
107.697,16.839,100,0
time
41.8
soc
79
f1,f2,first_soc,front
105.172,19.7265,100,0
time
41.8
soc
74
f1,f2,first_soc,front
105.707,19.1147,100,0
time
45.88
soc
68
f1,f2,first_soc,front
105.677,19.149,100,0
time
41.8
soc
75
f1,f2,first_soc,front
112.538,11.7921,100,0
time
45.88,96.1474
soc
76,43
f1,f2,first_soc,front
112.553,11.7747,100,0
time
45.88,73.067
soc
68,76
f1,f2,first_soc,front
105.202,19.6922,100,0
time
45.88
soc
67
f1,f2,first_soc,front
111.768,12.1847,100,0
time
45.88
soc
80
f1,f2,first_soc,front
112.765,11.563,100,0
time
45.88,74.4666
soc
60,67
f1,f2,first_soc,front
104.697,20.2697,100,0
time
45.88
soc
66
f1,f2,first_soc,front
104.697,20.2697,100,0
time
45.88
soc
66
f1,f2,first_soc,front
104.697,20.2697,100,0
time
45.88
soc
66
f1,f2,first_soc,front
104.015,21.0483,100,0
time
44.52
soc
67
f1,f2,first_soc,front
104.697,20.2697,100,0
time
45.88
soc
66
f1,f2,first_soc,front
104.015,21.0483,100,0
time
44.52
soc
67
f1,f2,first_soc,front
104.015,21.0483,100,0
time
44.52
soc
67
f1,f2,first_soc,front
104.015,21.0483,100,0
time
44.52
soc
67
f1,f2,first_soc,front
104.697,20.2697,100,0
time
45.88
soc
66
f1,f2,first_soc,front
104.697,20.2697,100,0
time
45.88
soc
66
f1,f2,first_soc,front
105.025,19.8933,100,0
time
44.52
soc
69
f1,f2,first_soc,front
104.015,21.0483,100,0
time
44.52
soc
67
f1,f2,first_soc,front
104.697,20.2697,100,0
time
45.88
soc
66
f1,f2,first_soc,front
105.202,19.6922,100,0
time
45.88
soc
67
f1,f2,first_soc,front
104.015,21.0483,100,0
time
44.52
soc
67
f1,f2,first_soc,front
104.015,21.0483,100,0
time
44.52
soc
67
f1,f2,first_soc,front
104.015,21.0483,100,0
time
44.52
soc
67
f1,f2,first_soc,front
104.015,21.0483,100,0
time
44.52
soc
67
f1,f2,first_soc,front
104.697,20.2697,100,0
time
45.88
soc
66
f1,f2,first_soc,front
104.015,21.0483,100,0
time
44.52
soc
67
f1,f2,first_soc,front
104.015,21.0483,100,0
time
44.52
soc
67
f1,f2,first_soc,front
104.015,21.0483,100,0
time
44.52
soc
67
f1,f2,first_soc,front
104.015,21.0483,100,0
time
44.52
soc
67
f1,f2,first_soc,front
104.015,21.0483,100,0
time
44.52
soc
67
f1,f2,first_soc,front
104.015,21.0483,100,0
time
44.52
soc
67
f1,f2,first_soc,front
105.172,19.7265,100,0
time
41.8
soc
74
f1,f2,first_soc,front
105.172,19.7265,100,0
time
41.8
soc
74
f1,f2,first_soc,front
104.015,21.0483,100,0
time
44.52
soc
67
f1,f2,first_soc,front
104.015,21.0483,100,0
time
44.52
soc
67
f1,f2,first_soc,front
104.015,21.0483,100,0
time
44.52
soc
67
f1,f2,first_soc,front
105.025,19.8933,100,0
time
44.52
soc
69
f1,f2,first_soc,front
105.025,19.8933,100,0
time
44.52
soc
69
f1,f2,first_soc,front
105.025,19.8933,100,0
time
44.52
soc
69
f1,f2,first_soc,front
104.015,21.0483,100,0
time
44.52
soc
67
f1,f2,first_soc,front
104.015,21.0483,100,0
time
44.52
soc
67
f1,f2,first_soc,front
105.202,19.6922,100,0
time
45.88
soc
67
f1,f2,first_soc,front
105.025,19.8933,100,0
time
44.52
soc
69
f1,f2,first_soc,front
105.025,19.8933,100,0
time
44.52
soc
69
f1,f2,first_soc,front
104.015,21.0483,100,0
time
44.52
soc
67
f1,f2,first_soc,front
104.015,21.0483,100,0
time
44.52
soc
67
f1,f2,first_soc,front
105.025,19.8933,100,0
time
44.52
soc
69
f1,f2,first_soc,front
105.202,19.6922,100,0
time
45.88
soc
67
f1,f2,first_soc,front
104.015,21.0483,100,0
time
44.52
soc
67
f1,f2,first_soc,front
105.025,19.8933,100,0
time
44.52
soc
69
f1,f2,first_soc,front
105.025,19.8933,100,0
time
44.52
soc
69
f1,f2,first_soc,front
105.025,19.8933,100,0
time
44.52
soc
69
f1,f2,first_soc,front
104.697,20.2697,100,0
time
45.88
soc
66
f1,f2,first_soc,front
104.015,21.0483,100,0
time
44.52
soc
67
f1,f2,first_soc,front
104.697,20.2697,100,0
time
45.88
soc
66
f1,f2,first_soc,front
104.697,20.2697,100,0
time
45.88
soc
66
f1,f2,first_soc,front
104.015,21.0483,100,0
time
44.52
soc
67
f1,f2,first_soc,front
104.697,20.2697,100,0
time
45.88
soc
66
f1,f2,first_soc,front
104.697,20.2697,100,0
time
45.88
soc
66
f1,f2,first_soc,front
104.697,20.2697,100,0
time
45.88
soc
66
f1,f2,first_soc,front
104.697,20.2697,100,0
time
45.88
soc
66
f1,f2,first_soc,front
104.697,20.2697,100,0
time
45.88
soc
66
f1,f2,first_soc,front
104.697,20.2697,100,0
time
45.88
soc
66
f1,f2,first_soc,front
104.697,20.2697,100,0
time
45.88
soc
66
f1,f2,first_soc,front
104.697,20.2697,100,0
time
45.88
soc
66
f1,f2,first_soc,front
104.697,20.2697,100,0
time
45.88
soc
66
f1,f2,first_soc,front
106.864,17.793,100,0
time
43.16
soc
75
f1,f2,first_soc,front
104.015,21.0483,100,0
time
44.52
soc
67
f1,f2,first_soc,front
104.015,21.0483,100,0
time
44.52
soc
67
f1,f2,first_soc,front
104.697,20.2697,100,0
time
45.88
soc
66
f1,f2,first_soc,front
104.52,20.4708,100,0
time
44.52
soc
68
f1,f2,first_soc,front
104.52,20.4708,100,0
time
44.52
soc
68
f1,f2,first_soc,front
104.697,20.2697,100,0
time
45.88
soc
66
f1,f2,first_soc,front
104.52,20.4708,100,0
time
44.52
soc
68
f1,f2,first_soc,front
104.697,20.2697,100,0
time
45.88
soc
66
f1,f2,first_soc,front
104.697,20.2697,100,0
time
45.88
soc
66
f1,f2,first_soc,front
104.697,20.2697,100,0
time
45.88
soc
66
f1,f2,first_soc,front
104.697,20.2697,100,0
time
45.88
soc
66
f1,f2,first_soc,front
104.697,20.2697,100,0
time
45.88
soc
66
f1,f2,first_soc,front
104.697,20.2697,100,0
time
45.88
soc
66
f1,f2,first_soc,front
104.697,20.2697,100,0
time
45.88
soc
66
f1,f2,first_soc,front
104.697,20.2697,100,0
time
45.88
soc
66
f1,f2,first_soc,front
104.697,20.2697,100,0
time
45.88
soc
66
f1,f2,first_soc,front
104.015,21.0483,100,0
time
44.52
soc
67
f1,f2,first_soc,front
104.697,20.2697,100,0
time
45.88
soc
66
第70世代
f1,f2,first_soc,front
104.015,21.0483,100,0
time
44.52
soc
67
f1,f2,first_soc,front
104.015,21.0483,100,0
time
44.52
soc
67
f1,f2,first_soc,front
113.735,11.5601,100,0
time
44.52,96.3205
soc
76,43
f1,f2,first_soc,front
112.765,11.563,100,0
time
45.88,74.9716
soc
61,67
f1,f2,first_soc,front
111.263,12.7622,100,0
time
45.88
soc
79
f1,f2,first_soc,front
111.755,12.6872,100,0
time
45.88,74.4666
soc
60,65
f1,f2,first_soc,front
113.735,11.5601,100,0
time
44.52,96.3205
soc
76,43
f1,f2,first_soc,front
104.52,20.4708,100,0
time
44.52
soc
68
f1,f2,first_soc,front
110.076,14.1184,100,0
time
44.52
soc
79
f1,f2,first_soc,front
109.747,14.4947,100,0
time
45.88
soc
76
f1,f2,first_soc,front
106.035,18.7383,100,0
time
44.52
soc
71
f1,f2,first_soc,front
105.707,19.1147,100,0
time
45.88
soc
68
f1,f2,first_soc,front
112.26,12.1097,100,0
time
45.88,75.4767
soc
62,66
f1,f2,first_soc,front
104.015,21.0483,100,0
time
44.52
soc
67
f1,f2,first_soc,front
111.768,12.1847,100,0
time
45.88
soc
80
f1,f2,first_soc,front
110.757,13.3397,100,0
time
45.88
soc
78
f1,f2,first_soc,front
111.25,13.2647,100,0
time
45.88,74.4666
soc
60,64
f1,f2,first_soc,front
110.252,13.9172,100,0
time
45.88
soc
77
f1,f2,first_soc,front
110.252,13.9172,100,0
time
45.88
soc
77
f1,f2,first_soc,front
105.025,19.8933,100,0
time
44.52
soc
69
f1,f2,first_soc,front
111.25,13.2647,100,0
time
45.88,74.9716
soc
61,64
f1,f2,first_soc,front
111.768,12.1847,100,0
time
45.88
soc
80
f1,f2,first_soc,front
104.015,21.0483,100,0
time
44.52
soc
67
f1,f2,first_soc,front
104.52,20.4708,100,0
time
44.52
soc
68
f1,f2,first_soc,front
109.389,14.9056,100,0
time
43.16
soc
80
f1,f2,first_soc,front
107.045,17.5834,100,0
time
44.52
soc
73
f1,f2,first_soc,front
108.884,15.4831,100,0
time
43.16
soc
79
f1,f2,first_soc,front
107.369,17.2156,100,0
time
43.16
soc
76
f1,f2,first_soc,front
107.874,16.6381,100,0
time
43.16
soc
77
f1,f2,first_soc,front
108.055,16.4284,100,0
time
44.52
soc
75
f1,f2,first_soc,front
108.379,16.0606,100,0
time
43.16
soc
78
f1,f2,first_soc,front
108.561,15.8509,100,0
time
44.52
soc
76
f1,f2,first_soc,front
106.358,18.3705,100,0
time
43.16
soc
74
f1,f2,first_soc,front
106.54,18.1609,100,0
time
44.52
soc
72
f1,f2,first_soc,front
105.53,19.3158,100,0
time
44.52
soc
70
f1,f2,first_soc,front
109.571,14.6959,100,0
time
44.52
soc
78
f1,f2,first_soc,front
104.697,20.2697,100,0
time
45.88
soc
66
f1,f2,first_soc,front
110.581,13.5409,100,0
time
44.52
soc
80
f1,f2,first_soc,front
106.035,18.7383,100,0
time
44.52
soc
71
f1,f2,first_soc,front
109.242,15.0722,100,0
time
45.88
soc
75
f1,f2,first_soc,front
109.066,15.2734,100,0
time
44.52
soc
77
f1,f2,first_soc,front
109.747,14.4947,100,0
time
45.88
soc
76
f1,f2,first_soc,front
108.561,15.8509,100,0
time
44.52
soc
76
f1,f2,first_soc,front
110.076,14.1184,100,0
time
44.52
soc
79
f1,f2,first_soc,front
108.202,16.2616,100,0
time
41.8
soc
80
f1,f2,first_soc,front
110.757,13.3397,100,0
time
45.88
soc
78
f1,f2,first_soc,front
106.717,17.9597,100,0
time
45.88
soc
70
f1,f2,first_soc,front
107.55,17.0059,100,0
time
44.52
soc
74
f1,f2,first_soc,front
106.864,17.793,100,0
time
43.16
soc
75
f1,f2,first_soc,front
105.348,19.5255,100,0
time
43.16
soc
72
f1,f2,first_soc,front
106.212,18.5372,100,0
time
45.88
soc
69
f1,f2,first_soc,front
108.737,15.6497,100,0
time
45.88
soc
74
f1,f2,first_soc,front
106.212,18.5372,100,0
time
45.88
soc
69
f1,f2,first_soc,front
104.697,20.2697,100,0
time
45.88
soc
66
f1,f2,first_soc,front
105.025,19.8933,100,0
time
44.52
soc
69
f1,f2,first_soc,front
110.581,13.5409,100,0
time
44.52
soc
80
f1,f2,first_soc,front
112.391,11.9595,100,0
time
45.88,95.8371
soc
70,38
f1,f2,first_soc,front
105.53,19.3158,100,0
time
44.52
soc
70
f1,f2,first_soc,front
107.697,16.839,100,0
time
41.8
soc
79
f1,f2,first_soc,front
107.045,17.5834,100,0
time
44.52
soc
73
f1,f2,first_soc,front
108.055,16.4284,100,0
time
44.52
soc
75
f1,f2,first_soc,front
107.192,17.4165,100,0
time
41.8
soc
78
f1,f2,first_soc,front
106.358,18.3705,100,0
time
43.16
soc
74
f1,f2,first_soc,front
106.717,17.9597,100,0
time
45.88
soc
70
f1,f2,first_soc,front
108.884,15.4831,100,0
time
43.16
soc
79
f1,f2,first_soc,front
107.874,16.6381,100,0
time
43.16
soc
77
f1,f2,first_soc,front
109.242,15.0722,100,0
time
45.88
soc
75
f1,f2,first_soc,front
109.389,14.9056,100,0
time
43.16
soc
80
f1,f2,first_soc,front
108.232,16.2272,100,0
time
45.88
soc
73
f1,f2,first_soc,front
108.379,16.0606,100,0
time
43.16
soc
78
f1,f2,first_soc,front
107.369,17.2156,100,0
time
43.16
soc
76
f1,f2,first_soc,front
112.618,11.7025,100,0
time
37.72,77.626
soc
75,62
f1,f2,first_soc,front
112.391,11.9595,100,0
time
45.88,95.8371
soc
70,38
f1,f2,first_soc,front
109.571,14.6959,100,0
time
44.52
soc
78
f1,f2,first_soc,front
105.348,19.5255,100,0
time
43.16
soc
72
f1,f2,first_soc,front
109.066,15.2734,100,0
time
44.52
soc
77
f1,f2,first_soc,front
106.864,17.793,100,0
time
43.16
soc
75
f1,f2,first_soc,front
112.26,12.1097,100,0
time
45.88,74.4666
soc
60,66
f1,f2,first_soc,front
106.54,18.1609,100,0
time
44.52
soc
72
f1,f2,first_soc,front
110.581,13.5409,100,0
time
44.52
soc
80
f1,f2,first_soc,front
104.697,20.2697,100,0
time
45.88
soc
66
f1,f2,first_soc,front
108.737,15.6497,100,0
time
45.88
soc
74
f1,f2,first_soc,front
104.52,20.4708,100,0
time
44.52
soc
68
f1,f2,first_soc,front
105.172,19.7265,100,0
time
41.8
soc
74
f1,f2,first_soc,front
107.727,16.8047,100,0
time
45.88
soc
72
f1,f2,first_soc,front
112.538,11.7921,100,0
time
45.88,96.1474
soc
76,43
f1,f2,first_soc,front
109.066,15.2734,100,0
time
44.52
soc
77
f1,f2,first_soc,front
107.55,17.0059,100,0
time
44.52
soc
74
f1,f2,first_soc,front
105.202,19.6922,100,0
time
45.88
soc
67
f1,f2,first_soc,front
105.677,19.149,100,0
time
41.8
soc
75
f1,f2,first_soc,front
104.697,20.2697,100,0
time
45.88
soc
66
f1,f2,first_soc,front
106.54,18.1609,100,0
time
44.52
soc
72
f1,f2,first_soc,front
110.581,13.5409,100,0
time
44.52
soc
80
f1,f2,first_soc,front
109.571,14.6959,100,0
time
44.52
soc
78
f1,f2,first_soc,front
107.55,17.0059,100,0
time
44.52
soc
74
f1,f2,first_soc,front
105.677,19.149,100,0
time
41.8
soc
75
f1,f2,first_soc,front
105.025,19.8933,100,0
time
44.52
soc
69
f1,f2,first_soc,front
105.202,19.6922,100,0
time
45.88
soc
67
f1,f2,first_soc,front
107.222,17.3822,100,0
time
45.88
soc
71
f1,f2,first_soc,front
112.765,11.563,100,0
time
45.88,74.9716
soc
61,67
f1,f2,first_soc,front
112.538,11.7921,100,0
time
45.88,96.1474
soc
76,43
f1,f2,first_soc,front
105.348,19.5255,100,0
time
43.16
soc
72
f1,f2,first_soc,front
107.222,17.3822,100,0
time
45.88
soc
71
f1,f2,first_soc,front
106.864,17.793,100,0
time
43.16
soc
75
f1,f2,first_soc,front
108.737,15.6497,100,0
time
45.88
soc
74
f1,f2,first_soc,front
107.727,16.8047,100,0
time
45.88
soc
72
f1,f2,first_soc,front
105.172,19.7265,100,0
time
41.8
soc
74
f1,f2,first_soc,front
112.553,11.7747,100,0
time
45.88,73.067
soc
68,76
f1,f2,first_soc,front
112.618,11.7025,100,0
time
37.72,77.626
soc
75,62
f1,f2,first_soc,front
111.263,12.7622,100,0
time
45.88
soc
79
f1,f2,first_soc,front
111.755,12.6872,100,0
time
45.88,74.4666
soc
60,65
f1,f2,first_soc,front
108.232,16.2272,100,0
time
45.88
soc
73
f1,f2,first_soc,front
107.192,17.4165,100,0
time
41.8
soc
78
f1,f2,first_soc,front
107.697,16.839,100,0
time
41.8
soc
79
f1,f2,first_soc,front
105.707,19.1147,100,0
time
45.88
soc
68
f1,f2,first_soc,front
107.222,17.3822,100,0
time
45.88
soc
71
f1,f2,first_soc,front
105.172,19.7265,100,0
time
41.8
soc
74
f1,f2,first_soc,front
107.727,16.8047,100,0
time
45.88
soc
72
f1,f2,first_soc,front
112.553,11.7747,100,0
time
45.88,73.067
soc
68,76
f1,f2,first_soc,front
107.222,17.3822,100,0
time
45.88
soc
71
f1,f2,first_soc,front
105.202,19.6922,100,0
time
45.88
soc
67
f1,f2,first_soc,front
105.677,19.149,100,0
time
41.8
soc
75
f1,f2,first_soc,front
112.538,11.7921,100,0
time
45.88,96.1474
soc
76,43
f1,f2,first_soc,front
104.697,20.2697,100,0
time
45.88
soc
66
f1,f2,first_soc,front
112.553,11.7747,100,0
time
45.88,73.067
soc
68,76
f1,f2,first_soc,front
104.697,20.2697,100,0
time
45.88
soc
66
f1,f2,first_soc,front
105.025,19.8933,100,0
time
44.52
soc
69
f1,f2,first_soc,front
104.697,20.2697,100,0
time
45.88
soc
66
f1,f2,first_soc,front
105.025,19.8933,100,0
time
44.52
soc
69
f1,f2,first_soc,front
104.697,20.2697,100,0
time
45.88
soc
66
f1,f2,first_soc,front
104.697,20.2697,100,0
time
45.88
soc
66
f1,f2,first_soc,front
104.697,20.2697,100,0
time
45.88
soc
66
f1,f2,first_soc,front
104.697,20.2697,100,0
time
45.88
soc
66
f1,f2,first_soc,front
105.025,19.8933,100,0
time
44.52
soc
69
f1,f2,first_soc,front
105.025,19.8933,100,0
time
44.52
soc
69
f1,f2,first_soc,front
104.697,20.2697,100,0
time
45.88
soc
66
f1,f2,first_soc,front
104.697,20.2697,100,0
time
45.88
soc
66
f1,f2,first_soc,front
104.697,20.2697,100,0
time
45.88
soc
66
f1,f2,first_soc,front
104.697,20.2697,100,0
time
45.88
soc
66
f1,f2,first_soc,front
104.697,20.2697,100,0
time
45.88
soc
66
f1,f2,first_soc,front
104.697,20.2697,100,0
time
45.88
soc
66
f1,f2,first_soc,front
104.697,20.2697,100,0
time
45.88
soc
66
f1,f2,first_soc,front
104.697,20.2697,100,0
time
45.88
soc
66
f1,f2,first_soc,front
104.697,20.2697,100,0
time
45.88
soc
66
f1,f2,first_soc,front
105.025,19.8933,100,0
time
44.52
soc
69
f1,f2,first_soc,front
104.697,20.2697,100,0
time
45.88
soc
66
f1,f2,first_soc,front
104.697,20.2697,100,0
time
45.88
soc
66
f1,f2,first_soc,front
104.697,20.2697,100,0
time
45.88
soc
66
f1,f2,first_soc,front
104.697,20.2697,100,0
time
45.88
soc
66
f1,f2,first_soc,front
104.697,20.2697,100,0
time
45.88
soc
66
f1,f2,first_soc,front
104.697,20.2697,100,0
time
45.88
soc
66
f1,f2,first_soc,front
104.697,20.2697,100,0
time
45.88
soc
66
f1,f2,first_soc,front
104.697,20.2697,100,0
time
45.88
soc
66
f1,f2,first_soc,front
104.697,20.2697,100,0
time
45.88
soc
66
f1,f2,first_soc,front
104.697,20.2697,100,0
time
45.88
soc
66
f1,f2,first_soc,front
104.697,20.2697,100,0
time
45.88
soc
66
f1,f2,first_soc,front
104.697,20.2697,100,0
time
45.88
soc
66
f1,f2,first_soc,front
104.697,20.2697,100,0
time
45.88
soc
66
f1,f2,first_soc,front
104.697,20.2697,100,0
time
45.88
soc
66
f1,f2,first_soc,front
104.697,20.2697,100,0
time
45.88
soc
66
f1,f2,first_soc,front
104.697,20.2697,100,0
time
45.88
soc
66
f1,f2,first_soc,front
112.553,11.7747,100,0
time
45.88,73.067
soc
68,76
f1,f2,first_soc,front
104.697,20.2697,100,0
time
45.88
soc
66
f1,f2,first_soc,front
104.697,20.2697,100,0
time
45.88
soc
66
f1,f2,first_soc,front
104.697,20.2697,100,0
time
45.88
soc
66
f1,f2,first_soc,front
104.697,20.2697,100,0
time
45.88
soc
66
f1,f2,first_soc,front
104.697,20.2697,100,0
time
45.88
soc
66
f1,f2,first_soc,front
104.697,20.2697,100,0
time
45.88
soc
66
f1,f2,first_soc,front
105.025,19.8933,100,0
time
44.52
soc
69
f1,f2,first_soc,front
104.697,20.2697,100,0
time
45.88
soc
66
f1,f2,first_soc,front
104.015,21.0483,100,0
time
44.52
soc
67
f1,f2,first_soc,front
104.015,21.0483,100,0
time
44.52
soc
67
f1,f2,first_soc,front
104.015,21.0483,100,0
time
44.52
soc
67
f1,f2,first_soc,front
104.015,21.0483,100,0
time
44.52
soc
67
f1,f2,first_soc,front
104.015,21.0483,100,0
time
44.52
soc
67
f1,f2,first_soc,front
104.015,21.0483,100,0
time
44.52
soc
67
f1,f2,first_soc,front
104.015,21.0483,100,0
time
44.52
soc
67
f1,f2,first_soc,front
104.015,21.0483,100,0
time
44.52
soc
67
f1,f2,first_soc,front
104.015,21.0483,100,0
time
44.52
soc
67
f1,f2,first_soc,front
104.015,21.0483,100,0
time
44.52
soc
67
f1,f2,first_soc,front
104.015,21.0483,100,0
time
44.52
soc
67
f1,f2,first_soc,front
112.765,11.563,100,0
time
45.88,74.4666
soc
60,67
f1,f2,first_soc,front
104.015,21.0483,100,0
time
44.52
soc
67
f1,f2,first_soc,front
104.015,21.0483,100,0
time
44.52
soc
67
f1,f2,first_soc,front
104.015,21.0483,100,0
time
44.52
soc
67
f1,f2,first_soc,front
104.015,21.0483,100,0
time
44.52
soc
67
f1,f2,first_soc,front
104.015,21.0483,100,0
time
44.52
soc
67
f1,f2,first_soc,front
104.015,21.0483,100,0
time
44.52
soc
67
f1,f2,first_soc,front
104.015,21.0483,100,0
time
44.52
soc
67
f1,f2,first_soc,front
104.015,21.0483,100,0
time
44.52
soc
67
f1,f2,first_soc,front
104.015,21.0483,100,0
time
44.52
soc
67
f1,f2,first_soc,front
104.015,21.0483,100,0
time
44.52
soc
67
f1,f2,first_soc,front
104.015,21.0483,100,0
time
44.52
soc
67
f1,f2,first_soc,front
104.015,21.0483,100,0
time
44.52
soc
67
f1,f2,first_soc,front
104.015,21.0483,100,0
time
44.52
soc
67
f1,f2,first_soc,front
104.015,21.0483,100,0
time
44.52
soc
67
f1,f2,first_soc,front
104.015,21.0483,100,0
time
44.52
soc
67
f1,f2,first_soc,front
104.015,21.0483,100,0
time
44.52
soc
67
f1,f2,first_soc,front
104.015,21.0483,100,0
time
44.52
soc
67
f1,f2,first_soc,front
113.735,11.5601,100,0
time
44.52,96.3205
soc
76,43
第71世代
f1,f2,first_soc,front
104.015,21.0483,100,0
time
44.52
soc
67
f1,f2,first_soc,front
104.015,21.0483,100,0
time
44.52
soc
67
f1,f2,first_soc,front
113.735,11.5601,100,0
time
44.52,96.3205
soc
76,43
f1,f2,first_soc,front
112.765,11.563,100,0
time
45.88,74.9716
soc
61,67
f1,f2,first_soc,front
113.735,11.5601,100,0
time
44.52,96.3205
soc
76,43
f1,f2,first_soc,front
110.076,14.1184,100,0
time
44.52
soc
79
f1,f2,first_soc,front
110.581,13.5409,100,0
time
44.52
soc
80
f1,f2,first_soc,front
106.035,18.7383,100,0
time
44.52
soc
71
f1,f2,first_soc,front
104.52,20.4708,100,0
time
44.52
soc
68
f1,f2,first_soc,front
110.757,13.3397,100,0
time
45.88
soc
78
f1,f2,first_soc,front
104.52,20.4708,100,0
time
44.52
soc
68
f1,f2,first_soc,front
104.015,21.0483,100,0
time
44.52
soc
67
f1,f2,first_soc,front
111.263,12.7622,100,0
time
45.88
soc
79
f1,f2,first_soc,front
111.25,13.2647,100,0
time
45.88,74.9716
soc
61,64
f1,f2,first_soc,front
111.768,12.1847,100,0
time
45.88
soc
80
f1,f2,first_soc,front
112.26,12.1097,100,0
time
45.88,74.4666
soc
60,66
f1,f2,first_soc,front
109.747,14.4947,100,0
time
45.88
soc
76
f1,f2,first_soc,front
110.252,13.9172,100,0
time
45.88
soc
77
f1,f2,first_soc,front
105.025,19.8933,100,0
time
44.52
soc
69
f1,f2,first_soc,front
111.25,13.2647,100,0
time
45.88,74.4666
soc
60,64
f1,f2,first_soc,front
111.263,12.7622,100,0
time
45.88
soc
79
f1,f2,first_soc,front
111.768,12.1847,100,0
time
45.88
soc
80
f1,f2,first_soc,front
111.755,12.6872,100,0
time
45.88,74.4666
soc
60,65
f1,f2,first_soc,front
104.015,21.0483,100,0
time
44.52
soc
67
f1,f2,first_soc,front
111.755,12.6872,100,0
time
45.88,74.4666
soc
60,65
f1,f2,first_soc,front
109.571,14.6959,100,0
time
44.52
soc
78
f1,f2,first_soc,front
106.864,17.793,100,0
time
43.16
soc
75
f1,f2,first_soc,front
108.055,16.4284,100,0
time
44.52
soc
75
f1,f2,first_soc,front
107.874,16.6381,100,0
time
43.16
soc
77
f1,f2,first_soc,front
108.379,16.0606,100,0
time
43.16
soc
78
f1,f2,first_soc,front
107.55,17.0059,100,0
time
44.52
soc
74
f1,f2,first_soc,front
107.045,17.5834,100,0
time
44.52
soc
73
f1,f2,first_soc,front
108.884,15.4831,100,0
time
43.16
soc
79
f1,f2,first_soc,front
105.348,19.5255,100,0
time
43.16
soc
72
f1,f2,first_soc,front
106.54,18.1609,100,0
time
44.52
soc
72
f1,f2,first_soc,front
109.066,15.2734,100,0
time
44.52
soc
77
f1,f2,first_soc,front
109.066,15.2734,100,0
time
44.52
soc
77
f1,f2,first_soc,front
104.697,20.2697,100,0
time
45.88
soc
66
f1,f2,first_soc,front
109.747,14.4947,100,0
time
45.88
soc
76
f1,f2,first_soc,front
110.252,13.9172,100,0
time
45.88
soc
77
f1,f2,first_soc,front
105.707,19.1147,100,0
time
45.88
soc
68
f1,f2,first_soc,front
106.212,18.5372,100,0
time
45.88
soc
69
f1,f2,first_soc,front
106.035,18.7383,100,0
time
44.52
soc
71
f1,f2,first_soc,front
110.581,13.5409,100,0
time
44.52
soc
80
f1,f2,first_soc,front
108.202,16.2616,100,0
time
41.8
soc
80
f1,f2,first_soc,front
109.571,14.6959,100,0
time
44.52
soc
78
f1,f2,first_soc,front
106.687,17.994,100,0
time
41.8
soc
77
f1,f2,first_soc,front
108.561,15.8509,100,0
time
44.52
soc
76
f1,f2,first_soc,front
110.076,14.1184,100,0
time
44.52
soc
79
f1,f2,first_soc,front
108.737,15.6497,100,0
time
45.88
soc
74
f1,f2,first_soc,front
109.242,15.0722,100,0
time
45.88
soc
75
f1,f2,first_soc,front
105.707,19.1147,100,0
time
45.88
soc
68
f1,f2,first_soc,front
106.358,18.3705,100,0
time
43.16
soc
74
f1,f2,first_soc,front
105.53,19.3158,100,0
time
44.52
soc
70
f1,f2,first_soc,front
105.53,19.3158,100,0
time
44.52
soc
70
f1,f2,first_soc,front
109.389,14.9056,100,0
time
43.16
soc
80
f1,f2,first_soc,front
107.369,17.2156,100,0
time
43.16
soc
76
f1,f2,first_soc,front
106.358,18.3705,100,0
time
43.16
soc
74
f1,f2,first_soc,front
105.025,19.8933,100,0
time
44.52
soc
69
f1,f2,first_soc,front
104.697,20.2697,100,0
time
45.88
soc
66
f1,f2,first_soc,front
112.538,11.7921,100,0
time
45.88,96.1474
soc
76,43
f1,f2,first_soc,front
107.697,16.839,100,0
time
41.8
soc
79
f1,f2,first_soc,front
107.55,17.0059,100,0
time
44.52
soc
74
f1,f2,first_soc,front
105.677,19.149,100,0
time
41.8
soc
75
f1,f2,first_soc,front
106.54,18.1609,100,0
time
44.52
soc
72
f1,f2,first_soc,front
107.045,17.5834,100,0
time
44.52
soc
73
f1,f2,first_soc,front
107.192,17.4165,100,0
time
41.8
soc
78
f1,f2,first_soc,front
108.055,16.4284,100,0
time
44.52
soc
75
f1,f2,first_soc,front
105.172,19.7265,100,0
time
41.8
soc
74
f1,f2,first_soc,front
105.348,19.5255,100,0
time
43.16
soc
72
f1,f2,first_soc,front
106.212,18.5372,100,0
time
45.88
soc
69
f1,f2,first_soc,front
106.717,17.9597,100,0
time
45.88
soc
70
f1,f2,first_soc,front
107.874,16.6381,100,0
time
43.16
soc
77
f1,f2,first_soc,front
108.737,15.6497,100,0
time
45.88
soc
74
f1,f2,first_soc,front
108.884,15.4831,100,0
time
43.16
soc
79
f1,f2,first_soc,front
108.379,16.0606,100,0
time
43.16
soc
78
f1,f2,first_soc,front
108.232,16.2272,100,0
time
45.88
soc
73
f1,f2,first_soc,front
109.242,15.0722,100,0
time
45.88
soc
75
f1,f2,first_soc,front
112.391,11.9595,100,0
time
45.88,95.8371
soc
70,38
f1,f2,first_soc,front
112.618,11.7025,100,0
time
37.72,77.626
soc
75,62
f1,f2,first_soc,front
112.26,12.1097,100,0
time
45.88,75.4767
soc
62,66
f1,f2,first_soc,front
109.389,14.9056,100,0
time
43.16
soc
80
f1,f2,first_soc,front
107.369,17.2156,100,0
time
43.16
soc
76
f1,f2,first_soc,front
108.561,15.8509,100,0
time
44.52
soc
76
f1,f2,first_soc,front
104.697,20.2697,100,0
time
45.88
soc
66
f1,f2,first_soc,front
107.222,17.3822,100,0
time
45.88
soc
71
f1,f2,first_soc,front
108.561,15.8509,100,0
time
44.52
soc
76
f1,f2,first_soc,front
107.727,16.8047,100,0
time
45.88
soc
72
f1,f2,first_soc,front
109.747,14.4947,100,0
time
45.88
soc
76
f1,f2,first_soc,front
104.52,20.4708,100,0
time
44.52
soc
68
f1,f2,first_soc,front
110.252,13.9172,100,0
time
45.88
soc
77
f1,f2,first_soc,front
110.757,13.3397,100,0
time
45.88
soc
78
f1,f2,first_soc,front
104.697,20.2697,100,0
time
45.88
soc
66
f1,f2,first_soc,front
112.391,11.9595,100,0
time
45.88,95.8371
soc
70,38
f1,f2,first_soc,front
105.025,19.8933,100,0
time
44.52
soc
69
f1,f2,first_soc,front
107.727,16.8047,100,0
time
45.88
soc
72
f1,f2,first_soc,front
105.202,19.6922,100,0
time
45.88
soc
67
f1,f2,first_soc,front
106.864,17.793,100,0
time
43.16
soc
75
f1,f2,first_soc,front
105.202,19.6922,100,0
time
45.88
soc
67
f1,f2,first_soc,front
112.765,11.563,100,0
time
45.88,74.9716
soc
61,67
f1,f2,first_soc,front
107.222,17.3822,100,0
time
45.88
soc
71
f1,f2,first_soc,front
107.369,17.2156,100,0
time
43.16
soc
76
f1,f2,first_soc,front
109.389,14.9056,100,0
time
43.16
soc
80
f1,f2,first_soc,front
106.864,17.793,100,0
time
43.16
soc
75
f1,f2,first_soc,front
112.618,11.7025,100,0
time
37.72,77.626
soc
75,62
f1,f2,first_soc,front
112.391,11.9595,100,0
time
45.88,95.8371
soc
70,38
f1,f2,first_soc,front
111.755,12.6872,100,0
time
45.88,74.4666
soc
60,65
f1,f2,first_soc,front
112.553,11.7747,100,0
time
45.88,73.067
soc
68,76
f1,f2,first_soc,front
110.757,13.3397,100,0
time
45.88
soc
78
f1,f2,first_soc,front
112.553,11.7747,100,0
time
45.88,73.067
soc
68,76
f1,f2,first_soc,front
107.192,17.4165,100,0
time
41.8
soc
78
f1,f2,first_soc,front
108.232,16.2272,100,0
time
45.88
soc
73
f1,f2,first_soc,front
106.717,17.9597,100,0
time
45.88
soc
70
f1,f2,first_soc,front
107.697,16.839,100,0
time
41.8
soc
79
f1,f2,first_soc,front
105.172,19.7265,100,0
time
41.8
soc
74
f1,f2,first_soc,front
105.677,19.149,100,0
time
41.8
soc
75
f1,f2,first_soc,front
107.222,17.3822,100,0
time
45.88
soc
71
f1,f2,first_soc,front
105.202,19.6922,100,0
time
45.88
soc
67
f1,f2,first_soc,front
112.538,11.7921,100,0
time
45.88,96.1474
soc
76,43
f1,f2,first_soc,front
105.202,19.6922,100,0
time
45.88
soc
67
f1,f2,first_soc,front
107.727,16.8047,100,0
time
45.88
soc
72
f1,f2,first_soc,front
105.707,19.1147,100,0
time
45.88
soc
68
f1,f2,first_soc,front
112.553,11.7747,100,0
time
45.88,73.067
soc
68,76
f1,f2,first_soc,front
112.765,11.563,100,0
time
45.88,74.4666
soc
60,67
f1,f2,first_soc,front
104.697,20.2697,100,0
time
45.88
soc
66
f1,f2,first_soc,front
104.697,20.2697,100,0
time
45.88
soc
66
f1,f2,first_soc,front
112.765,11.563,100,0
time
45.88,74.4666
soc
60,67
f1,f2,first_soc,front
104.697,20.2697,100,0
time
45.88
soc
66
f1,f2,first_soc,front
105.025,19.8933,100,0
time
44.52
soc
69
f1,f2,first_soc,front
104.697,20.2697,100,0
time
45.88
soc
66
f1,f2,first_soc,front
104.697,20.2697,100,0
time
45.88
soc
66
f1,f2,first_soc,front
104.697,20.2697,100,0
time
45.88
soc
66
f1,f2,first_soc,front
105.025,19.8933,100,0
time
44.52
soc
69
f1,f2,first_soc,front
105.025,19.8933,100,0
time
44.52
soc
69
f1,f2,first_soc,front
104.697,20.2697,100,0
time
45.88
soc
66
f1,f2,first_soc,front
104.697,20.2697,100,0
time
45.88
soc
66
f1,f2,first_soc,front
104.697,20.2697,100,0
time
45.88
soc
66
f1,f2,first_soc,front
104.697,20.2697,100,0
time
45.88
soc
66
f1,f2,first_soc,front
104.697,20.2697,100,0
time
45.88
soc
66
f1,f2,first_soc,front
104.697,20.2697,100,0
time
45.88
soc
66
f1,f2,first_soc,front
104.697,20.2697,100,0
time
45.88
soc
66
f1,f2,first_soc,front
112.765,11.563,100,0
time
45.88,74.9716
soc
61,67
f1,f2,first_soc,front
104.697,20.2697,100,0
time
45.88
soc
66
f1,f2,first_soc,front
104.697,20.2697,100,0
time
45.88
soc
66
f1,f2,first_soc,front
104.697,20.2697,100,0
time
45.88
soc
66
f1,f2,first_soc,front
104.697,20.2697,100,0
time
45.88
soc
66
f1,f2,first_soc,front
104.697,20.2697,100,0
time
45.88
soc
66
f1,f2,first_soc,front
104.697,20.2697,100,0
time
45.88
soc
66
f1,f2,first_soc,front
104.697,20.2697,100,0
time
45.88
soc
66
f1,f2,first_soc,front
104.697,20.2697,100,0
time
45.88
soc
66
f1,f2,first_soc,front
104.697,20.2697,100,0
time
45.88
soc
66
f1,f2,first_soc,front
104.697,20.2697,100,0
time
45.88
soc
66
f1,f2,first_soc,front
104.697,20.2697,100,0
time
45.88
soc
66
f1,f2,first_soc,front
104.697,20.2697,100,0
time
45.88
soc
66
f1,f2,first_soc,front
104.697,20.2697,100,0
time
45.88
soc
66
f1,f2,first_soc,front
104.697,20.2697,100,0
time
45.88
soc
66
f1,f2,first_soc,front
104.697,20.2697,100,0
time
45.88
soc
66
f1,f2,first_soc,front
104.697,20.2697,100,0
time
45.88
soc
66
f1,f2,first_soc,front
104.697,20.2697,100,0
time
45.88
soc
66
f1,f2,first_soc,front
104.697,20.2697,100,0
time
45.88
soc
66
f1,f2,first_soc,front
104.697,20.2697,100,0
time
45.88
soc
66
f1,f2,first_soc,front
104.697,20.2697,100,0
time
45.88
soc
66
f1,f2,first_soc,front
104.697,20.2697,100,0
time
45.88
soc
66
f1,f2,first_soc,front
105.025,19.8933,100,0
time
44.52
soc
69
f1,f2,first_soc,front
104.697,20.2697,100,0
time
45.88
soc
66
f1,f2,first_soc,front
104.697,20.2697,100,0
time
45.88
soc
66
f1,f2,first_soc,front
104.697,20.2697,100,0
time
45.88
soc
66
f1,f2,first_soc,front
104.697,20.2697,100,0
time
45.88
soc
66
f1,f2,first_soc,front
104.697,20.2697,100,0
time
45.88
soc
66
f1,f2,first_soc,front
113.735,11.5601,100,0
time
44.52,96.3205
soc
76,43
f1,f2,first_soc,front
104.015,21.0483,100,0
time
44.52
soc
67
f1,f2,first_soc,front
104.015,21.0483,100,0
time
44.52
soc
67
f1,f2,first_soc,front
104.015,21.0483,100,0
time
44.52
soc
67
f1,f2,first_soc,front
104.015,21.0483,100,0
time
44.52
soc
67
f1,f2,first_soc,front
104.015,21.0483,100,0
time
44.52
soc
67
f1,f2,first_soc,front
104.015,21.0483,100,0
time
44.52
soc
67
f1,f2,first_soc,front
104.015,21.0483,100,0
time
44.52
soc
67
f1,f2,first_soc,front
104.015,21.0483,100,0
time
44.52
soc
67
f1,f2,first_soc,front
104.015,21.0483,100,0
time
44.52
soc
67
f1,f2,first_soc,front
104.015,21.0483,100,0
time
44.52
soc
67
f1,f2,first_soc,front
104.015,21.0483,100,0
time
44.52
soc
67
f1,f2,first_soc,front
104.015,21.0483,100,0
time
44.52
soc
67
f1,f2,first_soc,front
104.015,21.0483,100,0
time
44.52
soc
67
f1,f2,first_soc,front
104.015,21.0483,100,0
time
44.52
soc
67
f1,f2,first_soc,front
113.735,11.5601,100,0
time
44.52,96.3205
soc
76,43
f1,f2,first_soc,front
104.015,21.0483,100,0
time
44.52
soc
67
f1,f2,first_soc,front
104.015,21.0483,100,0
time
44.52
soc
67
f1,f2,first_soc,front
104.015,21.0483,100,0
time
44.52
soc
67
f1,f2,first_soc,front
104.015,21.0483,100,0
time
44.52
soc
67
f1,f2,first_soc,front
104.015,21.0483,100,0
time
44.52
soc
67
f1,f2,first_soc,front
104.015,21.0483,100,0
time
44.52
soc
67
f1,f2,first_soc,front
104.015,21.0483,100,0
time
44.52
soc
67
f1,f2,first_soc,front
104.015,21.0483,100,0
time
44.52
soc
67
f1,f2,first_soc,front
104.015,21.0483,100,0
time
44.52
soc
67
f1,f2,first_soc,front
104.015,21.0483,100,0
time
44.52
soc
67
f1,f2,first_soc,front
104.015,21.0483,100,0
time
44.52
soc
67
f1,f2,first_soc,front
104.015,21.0483,100,0
time
44.52
soc
67
f1,f2,first_soc,front
104.015,21.0483,100,0
time
44.52
soc
67
f1,f2,first_soc,front
104.015,21.0483,100,0
time
44.52
soc
67
f1,f2,first_soc,front
104.015,21.0483,100,0
time
44.52
soc
67
第72世代
f1,f2,first_soc,front
104.015,21.0483,100,0
time
44.52
soc
67
f1,f2,first_soc,front
104.015,21.0483,100,0
time
44.52
soc
67
f1,f2,first_soc,front
113.735,11.5601,100,0
time
44.52,96.3205
soc
76,43
f1,f2,first_soc,front
112.765,11.563,100,0
time
45.88,74.9716
soc
61,67
f1,f2,first_soc,front
111.768,12.1847,100,0
time
45.88
soc
80
f1,f2,first_soc,front
113.735,11.5601,100,0
time
44.52,96.3205
soc
76,43
f1,f2,first_soc,front
110.076,14.1184,100,0
time
44.52
soc
79
f1,f2,first_soc,front
110.581,13.5409,100,0
time
44.52
soc
80
f1,f2,first_soc,front
106.035,18.7383,100,0
time
44.52
soc
71
f1,f2,first_soc,front
104.52,20.4708,100,0
time
44.52
soc
68
f1,f2,first_soc,front
110.757,13.3397,100,0
time
45.88
soc
78
f1,f2,first_soc,front
104.015,21.0483,100,0
time
44.52
soc
67
f1,f2,first_soc,front
104.52,20.4708,100,0
time
44.52
soc
68
f1,f2,first_soc,front
111.755,12.6872,100,0
time
45.88,74.4666
soc
60,65
f1,f2,first_soc,front
111.25,13.2647,100,0
time
45.88,74.9716
soc
61,64
f1,f2,first_soc,front
112.26,12.1097,100,0
time
45.88,75.4767
soc
62,66
f1,f2,first_soc,front
110.252,13.9172,100,0
time
45.88
soc
77
f1,f2,first_soc,front
110.252,13.9172,100,0
time
45.88
soc
77
f1,f2,first_soc,front
109.747,14.4947,100,0
time
45.88
soc
76
f1,f2,first_soc,front
111.25,13.2647,100,0
time
45.88,74.9716
soc
61,64
f1,f2,first_soc,front
111.755,12.6872,100,0
time
45.88,74.4666
soc
60,65
f1,f2,first_soc,front
111.263,12.7622,100,0
time
45.88
soc
79
f1,f2,first_soc,front
104.015,21.0483,100,0
time
44.52
soc
67
f1,f2,first_soc,front
105.025,19.8933,100,0
time
44.52
soc
69
f1,f2,first_soc,front
111.263,12.7622,100,0
time
45.88
soc
79
f1,f2,first_soc,front
109.571,14.6959,100,0
time
44.52
soc
78
f1,f2,first_soc,front
108.884,15.4831,100,0
time
43.16
soc
79
f1,f2,first_soc,front
107.369,17.2156,100,0
time
43.16
soc
76
f1,f2,first_soc,front
108.561,15.8509,100,0
time
44.52
soc
76
f1,f2,first_soc,front
107.874,16.6381,100,0
time
43.16
soc
77
f1,f2,first_soc,front
107.045,17.5834,100,0
time
44.52
soc
73
f1,f2,first_soc,front
105.348,19.5255,100,0
time
43.16
soc
72
f1,f2,first_soc,front
106.358,18.3705,100,0
time
43.16
soc
74
f1,f2,first_soc,front
106.54,18.1609,100,0
time
44.52
soc
72
f1,f2,first_soc,front
109.066,15.2734,100,0
time
44.52
soc
77
f1,f2,first_soc,front
105.025,19.8933,100,0
time
44.52
soc
69
f1,f2,first_soc,front
104.697,20.2697,100,0
time
45.88
soc
66
f1,f2,first_soc,front
109.747,14.4947,100,0
time
45.88
soc
76
f1,f2,first_soc,front
105.707,19.1147,100,0
time
45.88
soc
68
f1,f2,first_soc,front
106.212,18.5372,100,0
time
45.88
soc
69
f1,f2,first_soc,front
106.035,18.7383,100,0
time
44.52
soc
71
f1,f2,first_soc,front
108.561,15.8509,100,0
time
44.52
soc
76
f1,f2,first_soc,front
109.571,14.6959,100,0
time
44.52
soc
78
f1,f2,first_soc,front
110.076,14.1184,100,0
time
44.52
soc
79
f1,f2,first_soc,front
108.202,16.2616,100,0
time
41.8
soc
80
f1,f2,first_soc,front
109.242,15.0722,100,0
time
45.88
soc
75
f1,f2,first_soc,front
106.687,17.994,100,0
time
41.8
soc
77
f1,f2,first_soc,front
110.581,13.5409,100,0
time
44.52
soc
80
f1,f2,first_soc,front
105.53,19.3158,100,0
time
44.52
soc
70
f1,f2,first_soc,front
108.055,16.4284,100,0
time
44.52
soc
75
f1,f2,first_soc,front
107.55,17.0059,100,0
time
44.52
soc
74
f1,f2,first_soc,front
107.55,17.0059,100,0
time
44.52
soc
74
f1,f2,first_soc,front
109.389,14.9056,100,0
time
43.16
soc
80
f1,f2,first_soc,front
108.379,16.0606,100,0
time
43.16
soc
78
f1,f2,first_soc,front
108.737,15.6497,100,0
time
45.88
soc
74
f1,f2,first_soc,front
105.707,19.1147,100,0
time
45.88
soc
68
f1,f2,first_soc,front
104.697,20.2697,100,0
time
45.88
soc
66
f1,f2,first_soc,front
112.391,11.9595,100,0
time
45.88,95.8371
soc
70,38
f1,f2,first_soc,front
106.54,18.1609,100,0
time
44.52
soc
72
f1,f2,first_soc,front
105.677,19.149,100,0
time
41.8
soc
75
f1,f2,first_soc,front
107.697,16.839,100,0
time
41.8
soc
79
f1,f2,first_soc,front
107.192,17.4165,100,0
time
41.8
soc
78
f1,f2,first_soc,front
107.045,17.5834,100,0
time
44.52
soc
73
f1,f2,first_soc,front
105.172,19.7265,100,0
time
41.8
soc
74
f1,f2,first_soc,front
105.202,19.6922,100,0
time
45.88
soc
67
f1,f2,first_soc,front
105.348,19.5255,100,0
time
43.16
soc
72
f1,f2,first_soc,front
106.212,18.5372,100,0
time
45.88
soc
69
f1,f2,first_soc,front
108.884,15.4831,100,0
time
43.16
soc
79
f1,f2,first_soc,front
106.864,17.793,100,0
time
43.16
soc
75
f1,f2,first_soc,front
106.717,17.9597,100,0
time
45.88
soc
70
f1,f2,first_soc,front
107.727,16.8047,100,0
time
45.88
soc
72
f1,f2,first_soc,front
107.874,16.6381,100,0
time
43.16
soc
77
f1,f2,first_soc,front
108.232,16.2272,100,0
time
45.88
soc
73
f1,f2,first_soc,front
109.242,15.0722,100,0
time
45.88
soc
75
f1,f2,first_soc,front
107.369,17.2156,100,0
time
43.16
soc
76
f1,f2,first_soc,front
112.618,11.7025,100,0
time
37.72,77.626
soc
75,62
f1,f2,first_soc,front
112.26,12.1097,100,0
time
45.88,74.4666
soc
60,66
f1,f2,first_soc,front
112.391,11.9595,100,0
time
45.88,95.8371
soc
70,38
f1,f2,first_soc,front
109.389,14.9056,100,0
time
43.16
soc
80
f1,f2,first_soc,front
108.379,16.0606,100,0
time
43.16
soc
78
f1,f2,first_soc,front
106.864,17.793,100,0
time
43.16
soc
75
f1,f2,first_soc,front
109.066,15.2734,100,0
time
44.52
soc
77
f1,f2,first_soc,front
108.737,15.6497,100,0
time
45.88
soc
74
f1,f2,first_soc,front
104.697,20.2697,100,0
time
45.88
soc
66
f1,f2,first_soc,front
109.066,15.2734,100,0
time
44.52
soc
77
f1,f2,first_soc,front
108.055,16.4284,100,0
time
44.52
soc
75
f1,f2,first_soc,front
106.864,17.793,100,0
time
43.16
soc
75
f1,f2,first_soc,front
105.53,19.3158,100,0
time
44.52
soc
70
f1,f2,first_soc,front
107.222,17.3822,100,0
time
45.88
soc
71
f1,f2,first_soc,front
104.52,20.4708,100,0
time
44.52
soc
68
f1,f2,first_soc,front
109.747,14.4947,100,0
time
45.88
soc
76
f1,f2,first_soc,front
104.697,20.2697,100,0
time
45.88
soc
66
f1,f2,first_soc,front
110.757,13.3397,100,0
time
45.88
soc
78
f1,f2,first_soc,front
112.538,11.7921,100,0
time
45.88,96.1474
soc
76,43
f1,f2,first_soc,front
105.53,19.3158,100,0
time
44.52
soc
70
f1,f2,first_soc,front
108.055,16.4284,100,0
time
44.52
soc
75
f1,f2,first_soc,front
107.222,17.3822,100,0
time
45.88
soc
71
f1,f2,first_soc,front
106.358,18.3705,100,0
time
43.16
soc
74
f1,f2,first_soc,front
112.538,11.7921,100,0
time
45.88,96.1474
soc
76,43
f1,f2,first_soc,front
106.358,18.3705,100,0
time
43.16
soc
74
f1,f2,first_soc,front
112.765,11.563,100,0
time
45.88,74.9716
soc
61,67
f1,f2,first_soc,front
108.379,16.0606,100,0
time
43.16
soc
78
f1,f2,first_soc,front
105.025,19.8933,100,0
time
44.52
soc
69
f1,f2,first_soc,front
108.737,15.6497,100,0
time
45.88
soc
74
f1,f2,first_soc,front
109.389,14.9056,100,0
time
43.16
soc
80
f1,f2,first_soc,front
112.618,11.7025,100,0
time
37.72,77.626
soc
75,62
f1,f2,first_soc,front
112.553,11.7747,100,0
time
45.88,73.067
soc
68,76
f1,f2,first_soc,front
111.263,12.7622,100,0
time
45.88
soc
79
f1,f2,first_soc,front
110.757,13.3397,100,0
time
45.88
soc
78
f1,f2,first_soc,front
111.768,12.1847,100,0
time
45.88
soc
80
f1,f2,first_soc,front
108.232,16.2272,100,0
time
45.88
soc
73
f1,f2,first_soc,front
107.192,17.4165,100,0
time
41.8
soc
78
f1,f2,first_soc,front
105.172,19.7265,100,0
time
41.8
soc
74
f1,f2,first_soc,front
106.717,17.9597,100,0
time
45.88
soc
70
f1,f2,first_soc,front
105.677,19.149,100,0
time
41.8
soc
75
f1,f2,first_soc,front
107.697,16.839,100,0
time
41.8
soc
79
f1,f2,first_soc,front
105.202,19.6922,100,0
time
45.88
soc
67
f1,f2,first_soc,front
105.707,19.1147,100,0
time
45.88
soc
68
f1,f2,first_soc,front
107.727,16.8047,100,0
time
45.88
soc
72
f1,f2,first_soc,front
112.553,11.7747,100,0
time
45.88,73.067
soc
68,76
f1,f2,first_soc,front
112.538,11.7921,100,0
time
45.88,96.1474
soc
76,43
f1,f2,first_soc,front
105.707,19.1147,100,0
time
45.88
soc
68
f1,f2,first_soc,front
107.727,16.8047,100,0
time
45.88
soc
72
f1,f2,first_soc,front
105.202,19.6922,100,0
time
45.88
soc
67
f1,f2,first_soc,front
107.222,17.3822,100,0
time
45.88
soc
71
f1,f2,first_soc,front
111.768,12.1847,100,0
time
45.88
soc
80
f1,f2,first_soc,front
111.263,12.7622,100,0
time
45.88
soc
79
f1,f2,first_soc,front
112.765,11.563,100,0
time
45.88,74.4666
soc
60,67
f1,f2,first_soc,front
104.015,21.0483,100,0
time
44.52
soc
67
f1,f2,first_soc,front
104.015,21.0483,100,0
time
44.52
soc
67
f1,f2,first_soc,front
104.015,21.0483,100,0
time
44.52
soc
67
f1,f2,first_soc,front
104.015,21.0483,100,0
time
44.52
soc
67
f1,f2,first_soc,front
105.025,19.8933,100,0
time
44.52
soc
69
f1,f2,first_soc,front
105.025,19.8933,100,0
time
44.52
soc
69
f1,f2,first_soc,front
105.025,19.8933,100,0
time
44.52
soc
69
f1,f2,first_soc,front
104.015,21.0483,100,0
time
44.52
soc
67
f1,f2,first_soc,front
104.697,20.2697,100,0
time
45.88
soc
66
f1,f2,first_soc,front
104.015,21.0483,100,0
time
44.52
soc
67
f1,f2,first_soc,front
104.015,21.0483,100,0
time
44.52
soc
67
f1,f2,first_soc,front
104.697,20.2697,100,0
time
45.88
soc
66
f1,f2,first_soc,front
104.015,21.0483,100,0
time
44.52
soc
67
f1,f2,first_soc,front
104.697,20.2697,100,0
time
45.88
soc
66
f1,f2,first_soc,front
104.697,20.2697,100,0
time
45.88
soc
66
f1,f2,first_soc,front
104.697,20.2697,100,0
time
45.88
soc
66
f1,f2,first_soc,front
104.015,21.0483,100,0
time
44.52
soc
67
f1,f2,first_soc,front
105.025,19.8933,100,0
time
44.52
soc
69
f1,f2,first_soc,front
104.697,20.2697,100,0
time
45.88
soc
66
f1,f2,first_soc,front
104.697,20.2697,100,0
time
45.88
soc
66
f1,f2,first_soc,front
104.697,20.2697,100,0
time
45.88
soc
66
f1,f2,first_soc,front
104.697,20.2697,100,0
time
45.88
soc
66
f1,f2,first_soc,front
104.697,20.2697,100,0
time
45.88
soc
66
f1,f2,first_soc,front
104.015,21.0483,100,0
time
44.52
soc
67
f1,f2,first_soc,front
104.697,20.2697,100,0
time
45.88
soc
66
f1,f2,first_soc,front
104.697,20.2697,100,0
time
45.88
soc
66
f1,f2,first_soc,front
104.015,21.0483,100,0
time
44.52
soc
67
f1,f2,first_soc,front
104.015,21.0483,100,0
time
44.52
soc
67
f1,f2,first_soc,front
104.697,20.2697,100,0
time
45.88
soc
66
f1,f2,first_soc,front
104.697,20.2697,100,0
time
45.88
soc
66
f1,f2,first_soc,front
104.697,20.2697,100,0
time
45.88
soc
66
f1,f2,first_soc,front
104.697,20.2697,100,0
time
45.88
soc
66
f1,f2,first_soc,front
104.015,21.0483,100,0
time
44.52
soc
67
f1,f2,first_soc,front
104.015,21.0483,100,0
time
44.52
soc
67
f1,f2,first_soc,front
104.697,20.2697,100,0
time
45.88
soc
66
f1,f2,first_soc,front
104.015,21.0483,100,0
time
44.52
soc
67
f1,f2,first_soc,front
105.025,19.8933,100,0
time
44.52
soc
69
f1,f2,first_soc,front
104.015,21.0483,100,0
time
44.52
soc
67
f1,f2,first_soc,front
105.025,19.8933,100,0
time
44.52
soc
69
f1,f2,first_soc,front
104.015,21.0483,100,0
time
44.52
soc
67
f1,f2,first_soc,front
104.015,21.0483,100,0
time
44.52
soc
67
f1,f2,first_soc,front
104.697,20.2697,100,0
time
45.88
soc
66
f1,f2,first_soc,front
104.697,20.2697,100,0
time
45.88
soc
66
f1,f2,first_soc,front
104.697,20.2697,100,0
time
45.88
soc
66
f1,f2,first_soc,front
104.697,20.2697,100,0
time
45.88
soc
66
f1,f2,first_soc,front
104.697,20.2697,100,0
time
45.88
soc
66
f1,f2,first_soc,front
104.697,20.2697,100,0
time
45.88
soc
66
f1,f2,first_soc,front
104.697,20.2697,100,0
time
45.88
soc
66
f1,f2,first_soc,front
104.015,21.0483,100,0
time
44.52
soc
67
f1,f2,first_soc,front
104.015,21.0483,100,0
time
44.52
soc
67
f1,f2,first_soc,front
104.697,20.2697,100,0
time
45.88
soc
66
f1,f2,first_soc,front
104.015,21.0483,100,0
time
44.52
soc
67
f1,f2,first_soc,front
104.52,20.4708,100,0
time
44.52
soc
68
f1,f2,first_soc,front
104.697,20.2697,100,0
time
45.88
soc
66
f1,f2,first_soc,front
104.697,20.2697,100,0
time
45.88
soc
66
f1,f2,first_soc,front
104.697,20.2697,100,0
time
45.88
soc
66
f1,f2,first_soc,front
104.697,20.2697,100,0
time
45.88
soc
66
f1,f2,first_soc,front
104.697,20.2697,100,0
time
45.88
soc
66
f1,f2,first_soc,front
104.015,21.0483,100,0
time
44.52
soc
67
f1,f2,first_soc,front
104.52,20.4708,100,0
time
44.52
soc
68
f1,f2,first_soc,front
104.697,20.2697,100,0
time
45.88
soc
66
f1,f2,first_soc,front
104.697,20.2697,100,0
time
45.88
soc
66
f1,f2,first_soc,front
106.864,17.793,100,0
time
43.16
soc
75
f1,f2,first_soc,front
104.697,20.2697,100,0
time
45.88
soc
66
f1,f2,first_soc,front
104.697,20.2697,100,0
time
45.88
soc
66
f1,f2,first_soc,front
104.697,20.2697,100,0
time
45.88
soc
66
f1,f2,first_soc,front
104.697,20.2697,100,0
time
45.88
soc
66
f1,f2,first_soc,front
104.697,20.2697,100,0
time
45.88
soc
66
f1,f2,first_soc,front
104.697,20.2697,100,0
time
45.88
soc
66
f1,f2,first_soc,front
104.697,20.2697,100,0
time
45.88
soc
66
f1,f2,first_soc,front
104.697,20.2697,100,0
time
45.88
soc
66
f1,f2,first_soc,front
104.697,20.2697,100,0
time
45.88
soc
66
第73世代
f1,f2,first_soc,front
104.015,21.0483,100,0
time
44.52
soc
67
f1,f2,first_soc,front
113.735,11.5601,100,0
time
44.52,96.3205
soc
76,43
f1,f2,first_soc,front
112.765,11.563,100,0
time
45.88,74.4666
soc
60,67
f1,f2,first_soc,front
104.162,20.8815,100,0
time
41.8
soc
72
f1,f2,first_soc,front
111.25,13.2647,100,0
time
45.88,74.9716
soc
61,64
f1,f2,first_soc,front
111.263,12.7622,100,0
time
45.88
soc
79
f1,f2,first_soc,front
111.768,12.1847,100,0
time
45.88
soc
80
f1,f2,first_soc,front
113.735,11.5601,100,0
time
44.52,96.3205
soc
76,43
f1,f2,first_soc,front
104.843,20.103,100,0
time
43.16
soc
71
f1,f2,first_soc,front
109.747,14.4947,100,0
time
45.88
soc
76
f1,f2,first_soc,front
110.581,13.5409,100,0
time
44.52
soc
80
f1,f2,first_soc,front
106.035,18.7383,100,0
time
44.52
soc
71
f1,f2,first_soc,front
110.757,13.3397,100,0
time
45.88
soc
78
f1,f2,first_soc,front
111.755,12.6872,100,0
time
45.88,74.4666
soc
60,65
f1,f2,first_soc,front
112.26,12.1097,100,0
time
45.88,75.4767
soc
62,66
f1,f2,first_soc,front
104.52,20.4708,100,0
time
44.52
soc
68
f1,f2,first_soc,front
110.252,13.9172,100,0
time
45.88
soc
77
f1,f2,first_soc,front
110.252,13.9172,100,0
time
45.88
soc
77
f1,f2,first_soc,front
111.755,12.6872,100,0
time
45.88,74.4666
soc
60,65
f1,f2,first_soc,front
104.52,20.4708,100,0
time
44.52
soc
68
f1,f2,first_soc,front
109.389,14.9056,100,0
time
43.16
soc
80
f1,f2,first_soc,front
107.045,17.5834,100,0
time
44.52
soc
73
f1,f2,first_soc,front
106.864,17.793,100,0
time
43.16
soc
75
f1,f2,first_soc,front
107.369,17.2156,100,0
time
43.16
soc
76
f1,f2,first_soc,front
108.055,16.4284,100,0
time
44.52
soc
75
f1,f2,first_soc,front
108.561,15.8509,100,0
time
44.52
soc
76
f1,f2,first_soc,front
108.884,15.4831,100,0
time
43.16
soc
79
f1,f2,first_soc,front
109.066,15.2734,100,0
time
44.52
soc
77
f1,f2,first_soc,front
105.348,19.5255,100,0
time
43.16
soc
72
f1,f2,first_soc,front
105.53,19.3158,100,0
time
44.52
soc
70
f1,f2,first_soc,front
106.54,18.1609,100,0
time
44.52
soc
72
f1,f2,first_soc,front
106.358,18.3705,100,0
time
43.16
soc
74
f1,f2,first_soc,front
110.076,14.1184,100,0
time
44.52
soc
79
f1,f2,first_soc,front
105.707,19.1147,100,0
time
45.88
soc
68
f1,f2,first_soc,front
106.035,18.7383,100,0
time
44.52
soc
71
f1,f2,first_soc,front
106.687,17.994,100,0
time
41.8
soc
77
f1,f2,first_soc,front
108.561,15.8509,100,0
time
44.52
soc
76
f1,f2,first_soc,front
109.066,15.2734,100,0
time
44.52
soc
77
f1,f2,first_soc,front
109.242,15.0722,100,0
time
45.88
soc
75
f1,f2,first_soc,front
109.571,14.6959,100,0
time
44.52
soc
78
f1,f2,first_soc,front
109.747,14.4947,100,0
time
45.88
soc
76
f1,f2,first_soc,front
110.581,13.5409,100,0
time
44.52
soc
80
f1,f2,first_soc,front
105.025,19.8933,100,0
time
44.52
soc
69
f1,f2,first_soc,front
106.212,18.5372,100,0
time
45.88
soc
69
f1,f2,first_soc,front
108.737,15.6497,100,0
time
45.88
soc
74
f1,f2,first_soc,front
105.707,19.1147,100,0
time
45.88
soc
68
f1,f2,first_soc,front
110.076,14.1184,100,0
time
44.52
soc
79
f1,f2,first_soc,front
112.391,11.9595,100,0
time
45.88,95.8371
soc
70,38
f1,f2,first_soc,front
107.697,16.839,100,0
time
41.8
soc
79
f1,f2,first_soc,front
107.55,17.0059,100,0
time
44.52
soc
74
f1,f2,first_soc,front
106.54,18.1609,100,0
time
44.52
soc
72
f1,f2,first_soc,front
105.53,19.3158,100,0
time
44.52
soc
70
f1,f2,first_soc,front
105.172,19.7265,100,0
time
41.8
soc
74
f1,f2,first_soc,front
108.202,16.2616,100,0
time
41.8
soc
80
f1,f2,first_soc,front
108.055,16.4284,100,0
time
44.52
soc
75
f1,f2,first_soc,front
107.192,17.4165,100,0
time
41.8
soc
78
f1,f2,first_soc,front
107.045,17.5834,100,0
time
44.52
soc
73
f1,f2,first_soc,front
105.202,19.6922,100,0
time
45.88
soc
67
f1,f2,first_soc,front
106.358,18.3705,100,0
time
43.16
soc
74
f1,f2,first_soc,front
107.727,16.8047,100,0
time
45.88
soc
72
f1,f2,first_soc,front
108.884,15.4831,100,0
time
43.16
soc
79
f1,f2,first_soc,front
106.864,17.793,100,0
time
43.16
soc
75
f1,f2,first_soc,front
109.242,15.0722,100,0
time
45.88
soc
75
f1,f2,first_soc,front
109.389,14.9056,100,0
time
43.16
soc
80
f1,f2,first_soc,front
107.369,17.2156,100,0
time
43.16
soc
76
f1,f2,first_soc,front
112.391,11.9595,100,0
time
45.88,95.8371
soc
70,38
f1,f2,first_soc,front
112.26,12.1097,100,0
time
45.88,74.4666
soc
60,66
f1,f2,first_soc,front
110.757,13.3397,100,0
time
45.88
soc
78
f1,f2,first_soc,front
112.618,11.7025,100,0
time
37.72,77.626
soc
75,62
f1,f2,first_soc,front
109.571,14.6959,100,0
time
44.52
soc
78
f1,f2,first_soc,front
107.874,16.6381,100,0
time
43.16
soc
77
f1,f2,first_soc,front
108.379,16.0606,100,0
time
43.16
soc
78
f1,f2,first_soc,front
107.55,17.0059,100,0
time
44.52
soc
74
f1,f2,first_soc,front
104.697,20.2697,100,0
time
45.88
soc
66
f1,f2,first_soc,front
110.076,14.1184,100,0
time
44.52
soc
79
f1,f2,first_soc,front
105.677,19.149,100,0
time
41.8
soc
75
f1,f2,first_soc,front
107.222,17.3822,100,0
time
45.88
soc
71
f1,f2,first_soc,front
108.232,16.2272,100,0
time
45.88
soc
73
f1,f2,first_soc,front
112.538,11.7921,100,0
time
45.88,96.1474
soc
76,43
f1,f2,first_soc,front
107.874,16.6381,100,0
time
43.16
soc
77
f1,f2,first_soc,front
109.571,14.6959,100,0
time
44.52
soc
78
f1,f2,first_soc,front
108.379,16.0606,100,0
time
43.16
soc
78
f1,f2,first_soc,front
107.55,17.0059,100,0
time
44.52
soc
74
f1,f2,first_soc,front
105.025,19.8933,100,0
time
44.52
soc
69
f1,f2,first_soc,front
108.232,16.2272,100,0
time
45.88
soc
73
f1,f2,first_soc,front
106.717,17.9597,100,0
time
45.88
soc
70
f1,f2,first_soc,front
110.076,14.1184,100,0
time
44.52
soc
79
f1,f2,first_soc,front
106.212,18.5372,100,0
time
45.88
soc
69
f1,f2,first_soc,front
108.737,15.6497,100,0
time
45.88
soc
74
f1,f2,first_soc,front
104.697,20.2697,100,0
time
45.88
soc
66
f1,f2,first_soc,front
104.52,20.4708,100,0
time
44.52
soc
68
f1,f2,first_soc,front
104.015,21.0483,100,0
time
44.52
soc
67
f1,f2,first_soc,front
105.025,19.8933,100,0
time
44.52
soc
69
f1,f2,first_soc,front
107.874,16.6381,100,0
time
43.16
soc
77
f1,f2,first_soc,front
106.717,17.9597,100,0
time
45.88
soc
70
f1,f2,first_soc,front
108.737,15.6497,100,0
time
45.88
soc
74
f1,f2,first_soc,front
104.697,20.2697,100,0
time
45.88
soc
66
f1,f2,first_soc,front
105.348,19.5255,100,0
time
43.16
soc
72
f1,f2,first_soc,front
108.379,16.0606,100,0
time
43.16
soc
78
f1,f2,first_soc,front
106.212,18.5372,100,0
time
45.88
soc
69
f1,f2,first_soc,front
112.538,11.7921,100,0
time
45.88,96.1474
soc
76,43
f1,f2,first_soc,front
112.765,11.563,100,0
time
45.88,74.9716
soc
61,67
f1,f2,first_soc,front
105.348,19.5255,100,0
time
43.16
soc
72
f1,f2,first_soc,front
104.697,20.2697,100,0
time
45.88
soc
66
f1,f2,first_soc,front
108.379,16.0606,100,0
time
43.16
soc
78
f1,f2,first_soc,front
104.015,21.0483,100,0
time
44.52
soc
67
f1,f2,first_soc,front
105.677,19.149,100,0
time
41.8
soc
75
f1,f2,first_soc,front
107.874,16.6381,100,0
time
43.16
soc
77
f1,f2,first_soc,front
107.222,17.3822,100,0
time
45.88
soc
71
f1,f2,first_soc,front
112.618,11.7025,100,0
time
37.72,77.626
soc
75,62
f1,f2,first_soc,front
112.553,11.7747,100,0
time
45.88,73.067
soc
68,76
f1,f2,first_soc,front
111.25,13.2647,100,0
time
45.88,74.9716
soc
61,64
f1,f2,first_soc,front
111.263,12.7622,100,0
time
45.88
soc
79
f1,f2,first_soc,front
111.768,12.1847,100,0
time
45.88
soc
80
f1,f2,first_soc,front
112.618,11.7025,100,0
time
37.72,77.626
soc
75,62
f1,f2,first_soc,front
108.202,16.2616,100,0
time
41.8
soc
80
f1,f2,first_soc,front
107.192,17.4165,100,0
time
41.8
soc
78
f1,f2,first_soc,front
105.172,19.7265,100,0
time
41.8
soc
74
f1,f2,first_soc,front
105.202,19.6922,100,0
time
45.88
soc
67
f1,f2,first_soc,front
107.727,16.8047,100,0
time
45.88
soc
72
f1,f2,first_soc,front
107.697,16.839,100,0
time
41.8
soc
79
f1,f2,first_soc,front
107.222,17.3822,100,0
time
45.88
soc
71
f1,f2,first_soc,front
105.677,19.149,100,0
time
41.8
soc
75
f1,f2,first_soc,front
105.707,19.1147,100,0
time
45.88
soc
68
f1,f2,first_soc,front
112.553,11.7747,100,0
time
45.88,73.067
soc
68,76
f1,f2,first_soc,front
105.707,19.1147,100,0
time
45.88
soc
68
f1,f2,first_soc,front
106.717,17.9597,100,0
time
45.88
soc
70
f1,f2,first_soc,front
111.768,12.1847,100,0
time
45.88
soc
80
f1,f2,first_soc,front
111.263,12.7622,100,0
time
45.88
soc
79
f1,f2,first_soc,front
112.765,11.563,100,0
time
45.88,74.9716
soc
61,67
f1,f2,first_soc,front
104.697,20.2697,100,0
time
45.88
soc
66
f1,f2,first_soc,front
104.697,20.2697,100,0
time
45.88
soc
66
f1,f2,first_soc,front
104.697,20.2697,100,0
time
45.88
soc
66
f1,f2,first_soc,front
104.697,20.2697,100,0
time
45.88
soc
66
f1,f2,first_soc,front
104.697,20.2697,100,0
time
45.88
soc
66
f1,f2,first_soc,front
104.697,20.2697,100,0
time
45.88
soc
66
f1,f2,first_soc,front
104.697,20.2697,100,0
time
45.88
soc
66
f1,f2,first_soc,front
104.697,20.2697,100,0
time
45.88
soc
66
f1,f2,first_soc,front
104.697,20.2697,100,0
time
45.88
soc
66
f1,f2,first_soc,front
104.697,20.2697,100,0
time
45.88
soc
66
f1,f2,first_soc,front
104.697,20.2697,100,0
time
45.88
soc
66
f1,f2,first_soc,front
104.697,20.2697,100,0
time
45.88
soc
66
f1,f2,first_soc,front
112.765,11.563,100,0
time
45.88,74.9716
soc
61,67
f1,f2,first_soc,front
104.697,20.2697,100,0
time
45.88
soc
66
f1,f2,first_soc,front
104.697,20.2697,100,0
time
45.88
soc
66
f1,f2,first_soc,front
104.697,20.2697,100,0
time
45.88
soc
66
f1,f2,first_soc,front
112.765,11.563,100,0
time
45.88,74.4666
soc
60,67
f1,f2,first_soc,front
104.697,20.2697,100,0
time
45.88
soc
66
f1,f2,first_soc,front
104.697,20.2697,100,0
time
45.88
soc
66
f1,f2,first_soc,front
104.697,20.2697,100,0
time
45.88
soc
66
f1,f2,first_soc,front
104.697,20.2697,100,0
time
45.88
soc
66
f1,f2,first_soc,front
104.697,20.2697,100,0
time
45.88
soc
66
f1,f2,first_soc,front
104.697,20.2697,100,0
time
45.88
soc
66
f1,f2,first_soc,front
104.697,20.2697,100,0
time
45.88
soc
66
f1,f2,first_soc,front
105.025,19.8933,100,0
time
44.52
soc
69
f1,f2,first_soc,front
105.025,19.8933,100,0
time
44.52
soc
69
f1,f2,first_soc,front
105.025,19.8933,100,0
time
44.52
soc
69
f1,f2,first_soc,front
105.025,19.8933,100,0
time
44.52
soc
69
f1,f2,first_soc,front
105.025,19.8933,100,0
time
44.52
soc
69
f1,f2,first_soc,front
105.025,19.8933,100,0
time
44.52
soc
69
f1,f2,first_soc,front
105.025,19.8933,100,0
time
44.52
soc
69
f1,f2,first_soc,front
105.025,19.8933,100,0
time
44.52
soc
69
f1,f2,first_soc,front
112.618,11.7025,100,0
time
37.72,77.626
soc
75,62
f1,f2,first_soc,front
112.618,11.7025,100,0
time
37.72,77.626
soc
75,62
f1,f2,first_soc,front
112.618,11.7025,100,0
time
37.72,77.626
soc
75,62
f1,f2,first_soc,front
104.697,20.2697,100,0
time
45.88
soc
66
f1,f2,first_soc,front
104.697,20.2697,100,0
time
45.88
soc
66
f1,f2,first_soc,front
104.697,20.2697,100,0
time
45.88
soc
66
f1,f2,first_soc,front
104.697,20.2697,100,0
time
45.88
soc
66
f1,f2,first_soc,front
104.697,20.2697,100,0
time
45.88
soc
66
f1,f2,first_soc,front
104.697,20.2697,100,0
time
45.88
soc
66
f1,f2,first_soc,front
104.697,20.2697,100,0
time
45.88
soc
66
f1,f2,first_soc,front
104.697,20.2697,100,0
time
45.88
soc
66
f1,f2,first_soc,front
104.697,20.2697,100,0
time
45.88
soc
66
f1,f2,first_soc,front
104.697,20.2697,100,0
time
45.88
soc
66
f1,f2,first_soc,front
104.697,20.2697,100,0
time
45.88
soc
66
f1,f2,first_soc,front
104.697,20.2697,100,0
time
45.88
soc
66
f1,f2,first_soc,front
104.697,20.2697,100,0
time
45.88
soc
66
f1,f2,first_soc,front
104.697,20.2697,100,0
time
45.88
soc
66
f1,f2,first_soc,front
104.697,20.2697,100,0
time
45.88
soc
66
f1,f2,first_soc,front
104.015,21.0483,100,0
time
44.52
soc
67
f1,f2,first_soc,front
104.015,21.0483,100,0
time
44.52
soc
67
f1,f2,first_soc,front
104.015,21.0483,100,0
time
44.52
soc
67
f1,f2,first_soc,front
104.015,21.0483,100,0
time
44.52
soc
67
f1,f2,first_soc,front
104.015,21.0483,100,0
time
44.52
soc
67
f1,f2,first_soc,front
104.015,21.0483,100,0
time
44.52
soc
67
f1,f2,first_soc,front
104.015,21.0483,100,0
time
44.52
soc
67
f1,f2,first_soc,front
104.015,21.0483,100,0
time
44.52
soc
67
f1,f2,first_soc,front
104.015,21.0483,100,0
time
44.52
soc
67
f1,f2,first_soc,front
104.015,21.0483,100,0
time
44.52
soc
67
f1,f2,first_soc,front
104.015,21.0483,100,0
time
44.52
soc
67
f1,f2,first_soc,front
104.015,21.0483,100,0
time
44.52
soc
67
f1,f2,first_soc,front
104.015,21.0483,100,0
time
44.52
soc
67
f1,f2,first_soc,front
104.015,21.0483,100,0
time
44.52
soc
67
f1,f2,first_soc,front
104.015,21.0483,100,0
time
44.52
soc
67
f1,f2,first_soc,front
104.015,21.0483,100,0
time
44.52
soc
67
f1,f2,first_soc,front
104.015,21.0483,100,0
time
44.52
soc
67
f1,f2,first_soc,front
104.015,21.0483,100,0
time
44.52
soc
67
f1,f2,first_soc,front
104.015,21.0483,100,0
time
44.52
soc
67
f1,f2,first_soc,front
104.015,21.0483,100,0
time
44.52
soc
67
第74世代
f1,f2,first_soc,front
104.015,21.0483,100,0
time
44.52
soc
67
f1,f2,first_soc,front
113.735,11.5601,100,0
time
44.52,96.3205
soc
76,43
f1,f2,first_soc,front
112.765,11.563,100,0
time
45.88,74.9716
soc
61,67
f1,f2,first_soc,front
111.263,12.7622,100,0
time
45.88
soc
79
f1,f2,first_soc,front
113.735,11.5601,100,0
time
44.52,96.3205
soc
76,43
f1,f2,first_soc,front
104.162,20.8815,100,0
time
41.8
soc
72
f1,f2,first_soc,front
104.843,20.103,100,0
time
43.16
soc
71
f1,f2,first_soc,front
109.747,14.4947,100,0
time
45.88
soc
76
f1,f2,first_soc,front
110.252,13.9172,100,0
time
45.88
soc
77
f1,f2,first_soc,front
105.853,18.948,100,0
time
43.16
soc
73
f1,f2,first_soc,front
112.26,12.1097,100,0
time
45.88,75.4767
soc
62,66
f1,f2,first_soc,front
110.757,13.3397,100,0
time
45.88
soc
78
f1,f2,first_soc,front
111.25,13.2647,100,0
time
45.88,74.9716
soc
61,64
f1,f2,first_soc,front
111.768,12.1847,100,0
time
45.88
soc
80
f1,f2,first_soc,front
104.52,20.4708,100,0
time
44.52
soc
68
f1,f2,first_soc,front
110.076,14.1184,100,0
time
44.52
soc
79
f1,f2,first_soc,front
110.581,13.5409,100,0
time
44.52
soc
80
f1,f2,first_soc,front
111.25,13.2647,100,0
time
45.88,74.9716
soc
61,64
f1,f2,first_soc,front
111.768,12.1847,100,0
time
45.88
soc
80
f1,f2,first_soc,front
111.755,12.6872,100,0
time
45.88,74.4666
soc
60,65
f1,f2,first_soc,front
111.755,12.6872,100,0
time
45.88,74.4666
soc
60,65
f1,f2,first_soc,front
104.52,20.4708,100,0
time
44.52
soc
68
f1,f2,first_soc,front
109.389,14.9056,100,0
time
43.16
soc
80
f1,f2,first_soc,front
107.045,17.5834,100,0
time
44.52
soc
73
f1,f2,first_soc,front
107.874,16.6381,100,0
time
43.16
soc
77
f1,f2,first_soc,front
108.561,15.8509,100,0
time
44.52
soc
76
f1,f2,first_soc,front
106.864,17.793,100,0
time
43.16
soc
75
f1,f2,first_soc,front
108.884,15.4831,100,0
time
43.16
soc
79
f1,f2,first_soc,front
107.369,17.2156,100,0
time
43.16
soc
76
f1,f2,first_soc,front
106.035,18.7383,100,0
time
44.52
soc
71
f1,f2,first_soc,front
106.358,18.3705,100,0
time
43.16
soc
74
f1,f2,first_soc,front
106.54,18.1609,100,0
time
44.52
soc
72
f1,f2,first_soc,front
105.348,19.5255,100,0
time
43.16
soc
72
f1,f2,first_soc,front
109.066,15.2734,100,0
time
44.52
soc
77
f1,f2,first_soc,front
106.035,18.7383,100,0
time
44.52
soc
71
f1,f2,first_soc,front
109.747,14.4947,100,0
time
45.88
soc
76
f1,f2,first_soc,front
108.561,15.8509,100,0
time
44.52
soc
76
f1,f2,first_soc,front
109.242,15.0722,100,0
time
45.88
soc
75
f1,f2,first_soc,front
110.757,13.3397,100,0
time
45.88
soc
78
f1,f2,first_soc,front
110.252,13.9172,100,0
time
45.88
soc
77
f1,f2,first_soc,front
105.025,19.8933,100,0
time
44.52
soc
69
f1,f2,first_soc,front
105.53,19.3158,100,0
time
44.52
soc
70
f1,f2,first_soc,front
107.55,17.0059,100,0
time
44.52
soc
74
f1,f2,first_soc,front
108.379,16.0606,100,0
time
43.16
soc
78
f1,f2,first_soc,front
106.212,18.5372,100,0
time
45.88
soc
69
f1,f2,first_soc,front
108.737,15.6497,100,0
time
45.88
soc
74
f1,f2,first_soc,front
110.076,14.1184,100,0
time
44.52
soc
79
f1,f2,first_soc,front
110.581,13.5409,100,0
time
44.52
soc
80
f1,f2,first_soc,front
112.538,11.7921,100,0
time
45.88,96.1474
soc
76,43
f1,f2,first_soc,front
112.391,11.9595,100,0
time
45.88,95.8371
soc
70,38
f1,f2,first_soc,front
104.162,20.8815,100,0
time
41.8
soc
72
f1,f2,first_soc,front
105.677,19.149,100,0
time
41.8
soc
75
f1,f2,first_soc,front
107.697,16.839,100,0
time
41.8
soc
79
f1,f2,first_soc,front
106.687,17.994,100,0
time
41.8
soc
77
f1,f2,first_soc,front
106.54,18.1609,100,0
time
44.52
soc
72
f1,f2,first_soc,front
108.202,16.2616,100,0
time
41.8
soc
80
f1,f2,first_soc,front
107.192,17.4165,100,0
time
41.8
soc
78
f1,f2,first_soc,front
105.172,19.7265,100,0
time
41.8
soc
74
f1,f2,first_soc,front
107.045,17.5834,100,0
time
44.52
soc
73
f1,f2,first_soc,front
105.348,19.5255,100,0
time
43.16
soc
72
f1,f2,first_soc,front
106.358,18.3705,100,0
time
43.16
soc
74
f1,f2,first_soc,front
108.884,15.4831,100,0
time
43.16
soc
79
f1,f2,first_soc,front
107.874,16.6381,100,0
time
43.16
soc
77
f1,f2,first_soc,front
106.864,17.793,100,0
time
43.16
soc
75
f1,f2,first_soc,front
108.232,16.2272,100,0
time
45.88
soc
73
f1,f2,first_soc,front
109.389,14.9056,100,0
time
43.16
soc
80
f1,f2,first_soc,front
109.242,15.0722,100,0
time
45.88
soc
75
f1,f2,first_soc,front
107.222,17.3822,100,0
time
45.88
soc
71
f1,f2,first_soc,front
107.369,17.2156,100,0
time
43.16
soc
76
f1,f2,first_soc,front
112.618,11.7025,100,0
time
37.72,77.626
soc
75,62
f1,f2,first_soc,front
112.391,11.9595,100,0
time
45.88,95.8371
soc
70,38
f1,f2,first_soc,front
109.571,14.6959,100,0
time
44.52
soc
78
f1,f2,first_soc,front
108.055,16.4284,100,0
time
44.52
soc
75
f1,f2,first_soc,front
107.55,17.0059,100,0
time
44.52
soc
74
f1,f2,first_soc,front
108.379,16.0606,100,0
time
43.16
soc
78
f1,f2,first_soc,front
112.26,12.1097,100,0
time
45.88,74.4666
soc
60,66
f1,f2,first_soc,front
104.697,20.2697,100,0
time
45.88
soc
66
f1,f2,first_soc,front
110.076,14.1184,100,0
time
44.52
soc
79
f1,f2,first_soc,front
109.066,15.2734,100,0
time
44.52
soc
77
f1,f2,first_soc,front
109.571,14.6959,100,0
time
44.52
soc
78
f1,f2,first_soc,front
110.581,13.5409,100,0
time
44.52
soc
80
f1,f2,first_soc,front
109.066,15.2734,100,0
time
44.52
soc
77
f1,f2,first_soc,front
109.571,14.6959,100,0
time
44.52
soc
78
f1,f2,first_soc,front
108.055,16.4284,100,0
time
44.52
soc
75
f1,f2,first_soc,front
105.53,19.3158,100,0
time
44.52
soc
70
f1,f2,first_soc,front
105.025,19.8933,100,0
time
44.52
soc
69
f1,f2,first_soc,front
105.202,19.6922,100,0
time
45.88
soc
67
f1,f2,first_soc,front
107.727,16.8047,100,0
time
45.88
soc
72
f1,f2,first_soc,front
108.737,15.6497,100,0
time
45.88
soc
74
f1,f2,first_soc,front
104.697,20.2697,100,0
time
45.88
soc
66
f1,f2,first_soc,front
104.52,20.4708,100,0
time
44.52
soc
68
f1,f2,first_soc,front
106.212,18.5372,100,0
time
45.88
soc
69
f1,f2,first_soc,front
109.571,14.6959,100,0
time
44.52
soc
78
f1,f2,first_soc,front
104.015,21.0483,100,0
time
44.52
soc
67
f1,f2,first_soc,front
105.53,19.3158,100,0
time
44.52
soc
70
f1,f2,first_soc,front
105.025,19.8933,100,0
time
44.52
soc
69
f1,f2,first_soc,front
108.055,16.4284,100,0
time
44.52
soc
75
f1,f2,first_soc,front
108.737,15.6497,100,0
time
45.88
soc
74
f1,f2,first_soc,front
107.727,16.8047,100,0
time
45.88
soc
72
f1,f2,first_soc,front
106.717,17.9597,100,0
time
45.88
soc
70
f1,f2,first_soc,front
105.202,19.6922,100,0
time
45.88
soc
67
f1,f2,first_soc,front
104.697,20.2697,100,0
time
45.88
soc
66
f1,f2,first_soc,front
105.707,19.1147,100,0
time
45.88
soc
68
f1,f2,first_soc,front
106.212,18.5372,100,0
time
45.88
soc
69
f1,f2,first_soc,front
104.697,20.2697,100,0
time
45.88
soc
66
f1,f2,first_soc,front
112.765,11.563,100,0
time
45.88,74.4666
soc
60,67
f1,f2,first_soc,front
105.707,19.1147,100,0
time
45.88
soc
68
f1,f2,first_soc,front
106.717,17.9597,100,0
time
45.88
soc
70
f1,f2,first_soc,front
104.015,21.0483,100,0
time
44.52
soc
67
f1,f2,first_soc,front
108.055,16.4284,100,0
time
44.52
soc
75
f1,f2,first_soc,front
108.379,16.0606,100,0
time
43.16
soc
78
f1,f2,first_soc,front
107.55,17.0059,100,0
time
44.52
soc
74
f1,f2,first_soc,front
112.553,11.7747,100,0
time
45.88,73.067
soc
68,76
f1,f2,first_soc,front
112.618,11.7025,100,0
time
37.72,77.626
soc
75,62
f1,f2,first_soc,front
111.755,12.6872,100,0
time
45.88,74.4666
soc
60,65
f1,f2,first_soc,front
111.263,12.7622,100,0
time
45.88
soc
79
f1,f2,first_soc,front
108.202,16.2616,100,0
time
41.8
soc
80
f1,f2,first_soc,front
108.232,16.2272,100,0
time
45.88
soc
73
f1,f2,first_soc,front
107.192,17.4165,100,0
time
41.8
soc
78
f1,f2,first_soc,front
107.222,17.3822,100,0
time
45.88
soc
71
f1,f2,first_soc,front
107.697,16.839,100,0
time
41.8
soc
79
f1,f2,first_soc,front
106.717,17.9597,100,0
time
45.88
soc
70
f1,f2,first_soc,front
106.687,17.994,100,0
time
41.8
soc
77
f1,f2,first_soc,front
105.677,19.149,100,0
time
41.8
soc
75
f1,f2,first_soc,front
105.172,19.7265,100,0
time
41.8
soc
74
f1,f2,first_soc,front
105.707,19.1147,100,0
time
45.88
soc
68
f1,f2,first_soc,front
112.538,11.7921,100,0
time
45.88,96.1474
soc
76,43
f1,f2,first_soc,front
112.553,11.7747,100,0
time
45.88,73.067
soc
68,76
f1,f2,first_soc,front
107.727,16.8047,100,0
time
45.88
soc
72
f1,f2,first_soc,front
105.707,19.1147,100,0
time
45.88
soc
68
f1,f2,first_soc,front
105.202,19.6922,100,0
time
45.88
soc
67
f1,f2,first_soc,front
112.765,11.563,100,0
time
45.88,74.9716
soc
61,67
f1,f2,first_soc,front
104.697,20.2697,100,0
time
45.88
soc
66
f1,f2,first_soc,front
106.717,17.9597,100,0
time
45.88
soc
70
f1,f2,first_soc,front
105.025,19.8933,100,0
time
44.52
soc
69
f1,f2,first_soc,front
105.025,19.8933,100,0
time
44.52
soc
69
f1,f2,first_soc,front
104.697,20.2697,100,0
time
45.88
soc
66
f1,f2,first_soc,front
104.697,20.2697,100,0
time
45.88
soc
66
f1,f2,first_soc,front
105.025,19.8933,100,0
time
44.52
soc
69
f1,f2,first_soc,front
104.697,20.2697,100,0
time
45.88
soc
66
f1,f2,first_soc,front
105.025,19.8933,100,0
time
44.52
soc
69
f1,f2,first_soc,front
104.697,20.2697,100,0
time
45.88
soc
66
f1,f2,first_soc,front
104.697,20.2697,100,0
time
45.88
soc
66
f1,f2,first_soc,front
104.697,20.2697,100,0
time
45.88
soc
66
f1,f2,first_soc,front
104.697,20.2697,100,0
time
45.88
soc
66
f1,f2,first_soc,front
105.025,19.8933,100,0
time
44.52
soc
69
f1,f2,first_soc,front
104.697,20.2697,100,0
time
45.88
soc
66
f1,f2,first_soc,front
104.697,20.2697,100,0
time
45.88
soc
66
f1,f2,first_soc,front
104.697,20.2697,100,0
time
45.88
soc
66
f1,f2,first_soc,front
104.697,20.2697,100,0
time
45.88
soc
66
f1,f2,first_soc,front
104.697,20.2697,100,0
time
45.88
soc
66
f1,f2,first_soc,front
104.697,20.2697,100,0
time
45.88
soc
66
f1,f2,first_soc,front
104.697,20.2697,100,0
time
45.88
soc
66
f1,f2,first_soc,front
104.697,20.2697,100,0
time
45.88
soc
66
f1,f2,first_soc,front
105.025,19.8933,100,0
time
44.52
soc
69
f1,f2,first_soc,front
105.025,19.8933,100,0
time
44.52
soc
69
f1,f2,first_soc,front
105.025,19.8933,100,0
time
44.52
soc
69
f1,f2,first_soc,front
104.697,20.2697,100,0
time
45.88
soc
66
f1,f2,first_soc,front
105.025,19.8933,100,0
time
44.52
soc
69
f1,f2,first_soc,front
105.025,19.8933,100,0
time
44.52
soc
69
f1,f2,first_soc,front
105.025,19.8933,100,0
time
44.52
soc
69
f1,f2,first_soc,front
104.015,21.0483,100,0
time
44.52
soc
67
f1,f2,first_soc,front
104.015,21.0483,100,0
time
44.52
soc
67
f1,f2,first_soc,front
104.015,21.0483,100,0
time
44.52
soc
67
f1,f2,first_soc,front
104.015,21.0483,100,0
time
44.52
soc
67
f1,f2,first_soc,front
104.015,21.0483,100,0
time
44.52
soc
67
f1,f2,first_soc,front
104.015,21.0483,100,0
time
44.52
soc
67
f1,f2,first_soc,front
104.015,21.0483,100,0
time
44.52
soc
67
f1,f2,first_soc,front
104.015,21.0483,100,0
time
44.52
soc
67
f1,f2,first_soc,front
104.015,21.0483,100,0
time
44.52
soc
67
f1,f2,first_soc,front
104.015,21.0483,100,0
time
44.52
soc
67
f1,f2,first_soc,front
104.162,20.8815,100,0
time
41.8
soc
72
f1,f2,first_soc,front
104.52,20.4708,100,0
time
44.52
soc
68
f1,f2,first_soc,front
104.52,20.4708,100,0
time
44.52
soc
68
f1,f2,first_soc,front
104.52,20.4708,100,0
time
44.52
soc
68
f1,f2,first_soc,front
104.52,20.4708,100,0
time
44.52
soc
68
f1,f2,first_soc,front
104.697,20.2697,100,0
time
45.88
soc
66
f1,f2,first_soc,front
104.697,20.2697,100,0
time
45.88
soc
66
f1,f2,first_soc,front
104.697,20.2697,100,0
time
45.88
soc
66
f1,f2,first_soc,front
104.015,21.0483,100,0
time
44.52
soc
67
f1,f2,first_soc,front
104.015,21.0483,100,0
time
44.52
soc
67
f1,f2,first_soc,front
104.015,21.0483,100,0
time
44.52
soc
67
f1,f2,first_soc,front
104.015,21.0483,100,0
time
44.52
soc
67
f1,f2,first_soc,front
104.015,21.0483,100,0
time
44.52
soc
67
f1,f2,first_soc,front
104.015,21.0483,100,0
time
44.52
soc
67
f1,f2,first_soc,front
104.015,21.0483,100,0
time
44.52
soc
67
f1,f2,first_soc,front
104.015,21.0483,100,0
time
44.52
soc
67
f1,f2,first_soc,front
104.015,21.0483,100,0
time
44.52
soc
67
f1,f2,first_soc,front
104.697,20.2697,100,0
time
45.88
soc
66
f1,f2,first_soc,front
104.015,21.0483,100,0
time
44.52
soc
67
f1,f2,first_soc,front
104.015,21.0483,100,0
time
44.52
soc
67
f1,f2,first_soc,front
104.015,21.0483,100,0
time
44.52
soc
67
f1,f2,first_soc,front
104.015,21.0483,100,0
time
44.52
soc
67
f1,f2,first_soc,front
104.015,21.0483,100,0
time
44.52
soc
67
f1,f2,first_soc,front
104.015,21.0483,100,0
time
44.52
soc
67
f1,f2,first_soc,front
104.015,21.0483,100,0
time
44.52
soc
67
f1,f2,first_soc,front
104.697,20.2697,100,0
time
45.88
soc
66
f1,f2,first_soc,front
104.697,20.2697,100,0
time
45.88
soc
66
f1,f2,first_soc,front
104.697,20.2697,100,0
time
45.88
soc
66
f1,f2,first_soc,front
104.697,20.2697,100,0
time
45.88
soc
66
第75世代
f1,f2,first_soc,front
104.015,21.0483,100,0
time
44.52
soc
67
f1,f2,first_soc,front
113.735,11.5601,100,0
time
44.52,96.3205
soc
76,43
f1,f2,first_soc,front
113.735,11.5601,100,0
time
44.52,96.3205
soc
76,43
f1,f2,first_soc,front
112.765,11.563,100,0
time
45.88,74.9716
soc
61,67
f1,f2,first_soc,front
104.52,20.4708,100,0
time
44.52
soc
68
f1,f2,first_soc,front
110.252,13.9172,100,0
time
45.88
soc
77
f1,f2,first_soc,front
112.26,12.1097,100,0
time
45.88,74.4666
soc
60,66
f1,f2,first_soc,front
111.755,12.6872,100,0
time
45.88,74.4666
soc
60,65
f1,f2,first_soc,front
111.768,12.1847,100,0
time
45.88
soc
80
f1,f2,first_soc,front
111.25,13.2647,100,0
time
45.88,74.9716
soc
61,64
f1,f2,first_soc,front
110.757,13.3397,100,0
time
45.88
soc
78
f1,f2,first_soc,front
104.162,20.8815,100,0
time
41.8
soc
72
f1,f2,first_soc,front
109.747,14.4947,100,0
time
45.88
soc
76
f1,f2,first_soc,front
110.581,13.5409,100,0
time
44.52
soc
80
f1,f2,first_soc,front
109.747,14.4947,100,0
time
45.88
soc
76
f1,f2,first_soc,front
104.162,20.8815,100,0
time
41.8
soc
72
f1,f2,first_soc,front
111.25,13.2647,100,0
time
45.88,74.9716
soc
61,64
f1,f2,first_soc,front
111.768,12.1847,100,0
time
45.88
soc
80
f1,f2,first_soc,front
111.755,12.6872,100,0
time
45.88,74.4666
soc
60,65
f1,f2,first_soc,front
111.263,12.7622,100,0
time
45.88
soc
79
f1,f2,first_soc,front
111.263,12.7622,100,0
time
45.88
soc
79
f1,f2,first_soc,front
109.389,14.9056,100,0
time
43.16
soc
80
f1,f2,first_soc,front
109.571,14.6959,100,0
time
44.52
soc
78
f1,f2,first_soc,front
108.561,15.8509,100,0
time
44.52
soc
76
f1,f2,first_soc,front
107.045,17.5834,100,0
time
44.52
soc
73
f1,f2,first_soc,front
107.55,17.0059,100,0
time
44.52
soc
74
f1,f2,first_soc,front
107.874,16.6381,100,0
time
43.16
soc
77
f1,f2,first_soc,front
108.379,16.0606,100,0
time
43.16
soc
78
f1,f2,first_soc,front
109.066,15.2734,100,0
time
44.52
soc
77
f1,f2,first_soc,front
106.035,18.7383,100,0
time
44.52
soc
71
f1,f2,first_soc,front
105.853,18.948,100,0
time
43.16
soc
73
f1,f2,first_soc,front
106.358,18.3705,100,0
time
43.16
soc
74
f1,f2,first_soc,front
106.54,18.1609,100,0
time
44.52
soc
72
f1,f2,first_soc,front
105.53,19.3158,100,0
time
44.52
soc
70
f1,f2,first_soc,front
110.076,14.1184,100,0
time
44.52
soc
79
f1,f2,first_soc,front
106.035,18.7383,100,0
time
44.52
soc
71
f1,f2,first_soc,front
110.757,13.3397,100,0
time
45.88
soc
78
f1,f2,first_soc,front
109.571,14.6959,100,0
time
44.52
soc
78
f1,f2,first_soc,front
110.076,14.1184,100,0
time
44.52
soc
79
f1,f2,first_soc,front
110.252,13.9172,100,0
time
45.88
soc
77
f1,f2,first_soc,front
109.066,15.2734,100,0
time
44.52
soc
77
f1,f2,first_soc,front
104.52,20.4708,100,0
time
44.52
soc
68
f1,f2,first_soc,front
108.561,15.8509,100,0
time
44.52
soc
76
f1,f2,first_soc,front
105.025,19.8933,100,0
time
44.52
soc
69
f1,f2,first_soc,front
108.055,16.4284,100,0
time
44.52
soc
75
f1,f2,first_soc,front
108.884,15.4831,100,0
time
43.16
soc
79
f1,f2,first_soc,front
107.369,17.2156,100,0
time
43.16
soc
76
f1,f2,first_soc,front
104.843,20.103,100,0
time
43.16
soc
71
f1,f2,first_soc,front
105.348,19.5255,100,0
time
43.16
soc
72
f1,f2,first_soc,front
109.242,15.0722,100,0
time
45.88
soc
75
f1,f2,first_soc,front
108.737,15.6497,100,0
time
45.88
soc
74
f1,f2,first_soc,front
110.076,14.1184,100,0
time
44.52
soc
79
f1,f2,first_soc,front
110.581,13.5409,100,0
time
44.52
soc
80
f1,f2,first_soc,front
112.391,11.9595,100,0
time
45.88,95.8371
soc
70,38
f1,f2,first_soc,front
106.54,18.1609,100,0
time
44.52
soc
72
f1,f2,first_soc,front
105.53,19.3158,100,0
time
44.52
soc
70
f1,f2,first_soc,front
107.697,16.839,100,0
time
41.8
soc
79
f1,f2,first_soc,front
107.55,17.0059,100,0
time
44.52
soc
74
f1,f2,first_soc,front
105.677,19.149,100,0
time
41.8
soc
75
f1,f2,first_soc,front
107.045,17.5834,100,0
time
44.52
soc
73
f1,f2,first_soc,front
107.192,17.4165,100,0
time
41.8
soc
78
f1,f2,first_soc,front
105.202,19.6922,100,0
time
45.88
soc
67
f1,f2,first_soc,front
105.853,18.948,100,0
time
43.16
soc
73
f1,f2,first_soc,front
106.212,18.5372,100,0
time
45.88
soc
69
f1,f2,first_soc,front
106.358,18.3705,100,0
time
43.16
soc
74
f1,f2,first_soc,front
106.864,17.793,100,0
time
43.16
soc
75
f1,f2,first_soc,front
107.874,16.6381,100,0
time
43.16
soc
77
f1,f2,first_soc,front
106.717,17.9597,100,0
time
45.88
soc
70
f1,f2,first_soc,front
109.389,14.9056,100,0
time
43.16
soc
80
f1,f2,first_soc,front
107.222,17.3822,100,0
time
45.88
soc
71
f1,f2,first_soc,front
108.232,16.2272,100,0
time
45.88
soc
73
f1,f2,first_soc,front
112.765,11.563,100,0
time
45.88,74.4666
soc
60,67
f1,f2,first_soc,front
112.618,11.7025,100,0
time
37.72,77.626
soc
75,62
f1,f2,first_soc,front
112.391,11.9595,100,0
time
45.88,95.8371
soc
70,38
f1,f2,first_soc,front
107.369,17.2156,100,0
time
43.16
soc
76
f1,f2,first_soc,front
106.864,17.793,100,0
time
43.16
soc
75
f1,f2,first_soc,front
108.884,15.4831,100,0
time
43.16
soc
79
f1,f2,first_soc,front
104.843,20.103,100,0
time
43.16
soc
71
f1,f2,first_soc,front
105.348,19.5255,100,0
time
43.16
soc
72
f1,f2,first_soc,front
112.26,12.1097,100,0
time
45.88,75.4767
soc
62,66
f1,f2,first_soc,front
106.212,18.5372,100,0
time
45.88
soc
69
f1,f2,first_soc,front
110.581,13.5409,100,0
time
44.52
soc
80
f1,f2,first_soc,front
104.697,20.2697,100,0
time
45.88
soc
66
f1,f2,first_soc,front
106.687,17.994,100,0
time
41.8
soc
77
f1,f2,first_soc,front
107.727,16.8047,100,0
time
45.88
soc
72
f1,f2,first_soc,front
112.538,11.7921,100,0
time
45.88,96.1474
soc
76,43
f1,f2,first_soc,front
108.055,16.4284,100,0
time
44.52
soc
75
f1,f2,first_soc,front
106.864,17.793,100,0
time
43.16
soc
75
f1,f2,first_soc,front
105.025,19.8933,100,0
time
44.52
soc
69
f1,f2,first_soc,front
105.707,19.1147,100,0
time
45.88
soc
68
f1,f2,first_soc,front
108.202,16.2616,100,0
time
41.8
soc
80
f1,f2,first_soc,front
109.242,15.0722,100,0
time
45.88
soc
75
f1,f2,first_soc,front
104.697,20.2697,100,0
time
45.88
soc
66
f1,f2,first_soc,front
106.212,18.5372,100,0
time
45.88
soc
69
f1,f2,first_soc,front
108.737,15.6497,100,0
time
45.88
soc
74
f1,f2,first_soc,front
104.015,21.0483,100,0
time
44.52
soc
67
f1,f2,first_soc,front
108.055,16.4284,100,0
time
44.52
soc
75
f1,f2,first_soc,front
108.202,16.2616,100,0
time
41.8
soc
80
f1,f2,first_soc,front
105.172,19.7265,100,0
time
41.8
soc
74
f1,f2,first_soc,front
105.025,19.8933,100,0
time
44.52
soc
69
f1,f2,first_soc,front
108.737,15.6497,100,0
time
45.88
soc
74
f1,f2,first_soc,front
104.697,20.2697,100,0
time
45.88
soc
66
f1,f2,first_soc,front
109.242,15.0722,100,0
time
45.88
soc
75
f1,f2,first_soc,front
105.707,19.1147,100,0
time
45.88
soc
68
f1,f2,first_soc,front
108.379,16.0606,100,0
time
43.16
soc
78
f1,f2,first_soc,front
112.538,11.7921,100,0
time
45.88,96.1474
soc
76,43
f1,f2,first_soc,front
104.843,20.103,100,0
time
43.16
soc
71
f1,f2,first_soc,front
105.348,19.5255,100,0
time
43.16
soc
72
f1,f2,first_soc,front
104.697,20.2697,100,0
time
45.88
soc
66
f1,f2,first_soc,front
108.379,16.0606,100,0
time
43.16
soc
78
f1,f2,first_soc,front
108.884,15.4831,100,0
time
43.16
soc
79
f1,f2,first_soc,front
107.727,16.8047,100,0
time
45.88
soc
72
f1,f2,first_soc,front
106.687,17.994,100,0
time
41.8
soc
77
f1,f2,first_soc,front
107.369,17.2156,100,0
time
43.16
soc
76
f1,f2,first_soc,front
104.015,21.0483,100,0
time
44.52
soc
67
f1,f2,first_soc,front
105.172,19.7265,100,0
time
41.8
soc
74
f1,f2,first_soc,front
112.553,11.7747,100,0
time
45.88,73.067
soc
68,76
f1,f2,first_soc,front
111.263,12.7622,100,0
time
45.88
soc
79
f1,f2,first_soc,front
112.618,11.7025,100,0
time
37.72,77.626
soc
75,62
f1,f2,first_soc,front
112.618,11.7025,100,0
time
37.72,77.626
soc
75,62
f1,f2,first_soc,front
108.232,16.2272,100,0
time
45.88
soc
73
f1,f2,first_soc,front
107.222,17.3822,100,0
time
45.88
soc
71
f1,f2,first_soc,front
107.192,17.4165,100,0
time
41.8
soc
78
f1,f2,first_soc,front
107.697,16.839,100,0
time
41.8
soc
79
f1,f2,first_soc,front
105.677,19.149,100,0
time
41.8
soc
75
f1,f2,first_soc,front
105.172,19.7265,100,0
time
41.8
soc
74
f1,f2,first_soc,front
106.717,17.9597,100,0
time
45.88
soc
70
f1,f2,first_soc,front
105.202,19.6922,100,0
time
45.88
soc
67
f1,f2,first_soc,front
107.727,16.8047,100,0
time
45.88
soc
72
f1,f2,first_soc,front
106.687,17.994,100,0
time
41.8
soc
77
f1,f2,first_soc,front
112.553,11.7747,100,0
time
45.88,73.572
soc
69,76
f1,f2,first_soc,front
108.202,16.2616,100,0
time
41.8
soc
80
f1,f2,first_soc,front
105.707,19.1147,100,0
time
45.88
soc
68
f1,f2,first_soc,front
112.538,11.7921,100,0
time
45.88,96.1474
soc
76,43
f1,f2,first_soc,front
111.263,12.7622,100,0
time
45.88
soc
79
f1,f2,first_soc,front
105.202,19.6922,100,0
time
45.88
soc
67
f1,f2,first_soc,front
105.025,19.8933,100,0
time
44.52
soc
69
f1,f2,first_soc,front
105.025,19.8933,100,0
time
44.52
soc
69
f1,f2,first_soc,front
104.697,20.2697,100,0
time
45.88
soc
66
f1,f2,first_soc,front
105.025,19.8933,100,0
time
44.52
soc
69
f1,f2,first_soc,front
105.025,19.8933,100,0
time
44.52
soc
69
f1,f2,first_soc,front
105.025,19.8933,100,0
time
44.52
soc
69
f1,f2,first_soc,front
105.025,19.8933,100,0
time
44.52
soc
69
f1,f2,first_soc,front
105.025,19.8933,100,0
time
44.52
soc
69
f1,f2,first_soc,front
105.025,19.8933,100,0
time
44.52
soc
69
f1,f2,first_soc,front
105.025,19.8933,100,0
time
44.52
soc
69
f1,f2,first_soc,front
105.025,19.8933,100,0
time
44.52
soc
69
f1,f2,first_soc,front
105.025,19.8933,100,0
time
44.52
soc
69
f1,f2,first_soc,front
105.025,19.8933,100,0
time
44.52
soc
69
f1,f2,first_soc,front
105.202,19.6922,100,0
time
45.88
soc
67
f1,f2,first_soc,front
104.697,20.2697,100,0
time
45.88
soc
66
f1,f2,first_soc,front
105.025,19.8933,100,0
time
44.52
soc
69
f1,f2,first_soc,front
104.697,20.2697,100,0
time
45.88
soc
66
f1,f2,first_soc,front
104.697,20.2697,100,0
time
45.88
soc
66
f1,f2,first_soc,front
105.025,19.8933,100,0
time
44.52
soc
69
f1,f2,first_soc,front
104.697,20.2697,100,0
time
45.88
soc
66
f1,f2,first_soc,front
104.697,20.2697,100,0
time
45.88
soc
66
f1,f2,first_soc,front
104.015,21.0483,100,0
time
44.52
soc
67
f1,f2,first_soc,front
104.015,21.0483,100,0
time
44.52
soc
67
f1,f2,first_soc,front
104.015,21.0483,100,0
time
44.52
soc
67
f1,f2,first_soc,front
104.015,21.0483,100,0
time
44.52
soc
67
f1,f2,first_soc,front
104.015,21.0483,100,0
time
44.52
soc
67
f1,f2,first_soc,front
104.015,21.0483,100,0
time
44.52
soc
67
f1,f2,first_soc,front
104.015,21.0483,100,0
time
44.52
soc
67
f1,f2,first_soc,front
104.015,21.0483,100,0
time
44.52
soc
67
f1,f2,first_soc,front
104.162,20.8815,100,0
time
41.8
soc
72
f1,f2,first_soc,front
104.162,20.8815,100,0
time
41.8
soc
72
f1,f2,first_soc,front
104.015,21.0483,100,0
time
44.52
soc
67
f1,f2,first_soc,front
104.015,21.0483,100,0
time
44.52
soc
67
f1,f2,first_soc,front
104.52,20.4708,100,0
time
44.52
soc
68
f1,f2,first_soc,front
104.52,20.4708,100,0
time
44.52
soc
68
f1,f2,first_soc,front
104.52,20.4708,100,0
time
44.52
soc
68
f1,f2,first_soc,front
104.52,20.4708,100,0
time
44.52
soc
68
f1,f2,first_soc,front
104.52,20.4708,100,0
time
44.52
soc
68
f1,f2,first_soc,front
104.52,20.4708,100,0
time
44.52
soc
68
f1,f2,first_soc,front
104.52,20.4708,100,0
time
44.52
soc
68
f1,f2,first_soc,front
104.015,21.0483,100,0
time
44.52
soc
67
f1,f2,first_soc,front
104.015,21.0483,100,0
time
44.52
soc
67
f1,f2,first_soc,front
104.015,21.0483,100,0
time
44.52
soc
67
f1,f2,first_soc,front
104.015,21.0483,100,0
time
44.52
soc
67
f1,f2,first_soc,front
104.015,21.0483,100,0
time
44.52
soc
67
f1,f2,first_soc,front
104.015,21.0483,100,0
time
44.52
soc
67
f1,f2,first_soc,front
104.015,21.0483,100,0
time
44.52
soc
67
f1,f2,first_soc,front
104.015,21.0483,100,0
time
44.52
soc
67
f1,f2,first_soc,front
104.015,21.0483,100,0
time
44.52
soc
67
f1,f2,first_soc,front
104.52,20.4708,100,0
time
44.52
soc
68
f1,f2,first_soc,front
104.015,21.0483,100,0
time
44.52
soc
67
f1,f2,first_soc,front
104.015,21.0483,100,0
time
44.52
soc
67
f1,f2,first_soc,front
104.015,21.0483,100,0
time
44.52
soc
67
f1,f2,first_soc,front
104.015,21.0483,100,0
time
44.52
soc
67
f1,f2,first_soc,front
104.015,21.0483,100,0
time
44.52
soc
67
f1,f2,first_soc,front
104.015,21.0483,100,0
time
44.52
soc
67
f1,f2,first_soc,front
104.015,21.0483,100,0
time
44.52
soc
67
f1,f2,first_soc,front
104.697,20.2697,100,0
time
45.88
soc
66
f1,f2,first_soc,front
104.697,20.2697,100,0
time
45.88
soc
66
f1,f2,first_soc,front
104.697,20.2697,100,0
time
45.88
soc
66
f1,f2,first_soc,front
104.697,20.2697,100,0
time
45.88
soc
66
f1,f2,first_soc,front
104.697,20.2697,100,0
time
45.88
soc
66
f1,f2,first_soc,front
104.697,20.2697,100,0
time
45.88
soc
66
f1,f2,first_soc,front
104.697,20.2697,100,0
time
45.88
soc
66
第76世代
f1,f2,first_soc,front
103.656,21.459,100,0
time
41.8
soc
71
f1,f2,first_soc,front
113.735,11.5601,100,0
time
44.52,96.3205
soc
76,43
f1,f2,first_soc,front
112.765,11.563,100,0
time
45.88,74.9716
soc
61,67
f1,f2,first_soc,front
111.263,12.7622,100,0
time
45.88
soc
79
f1,f2,first_soc,front
113.735,11.5601,100,0
time
44.52,96.3205
soc
76,43
f1,f2,first_soc,front
110.252,13.9172,100,0
time
45.88
soc
77
f1,f2,first_soc,front
109.747,14.4947,100,0
time
45.88
soc
76
f1,f2,first_soc,front
112.26,12.1097,100,0
time
45.88,74.4666
soc
60,66
f1,f2,first_soc,front
111.768,12.1847,100,0
time
45.88
soc
80
f1,f2,first_soc,front
111.25,13.2647,100,0
time
45.88,74.9716
soc
61,64
f1,f2,first_soc,front
110.757,13.3397,100,0
time
45.88
soc
78
f1,f2,first_soc,front
110.076,14.1184,100,0
time
44.52
soc
79
f1,f2,first_soc,front
110.076,14.1184,100,0
time
44.52
soc
79
f1,f2,first_soc,front
110.581,13.5409,100,0
time
44.52
soc
80
f1,f2,first_soc,front
104.162,20.8815,100,0
time
41.8
soc
72
f1,f2,first_soc,front
111.25,13.2647,100,0
time
45.88,74.9716
soc
61,64
f1,f2,first_soc,front
111.768,12.1847,100,0
time
45.88
soc
80
f1,f2,first_soc,front
111.755,12.6872,100,0
time
45.88,74.4666
soc
60,65
f1,f2,first_soc,front
111.755,12.6872,100,0
time
45.88,74.4666
soc
60,65
f1,f2,first_soc,front
104.015,21.0483,100,0
time
44.52
soc
67
f1,f2,first_soc,front
104.52,20.4708,100,0
time
44.52
soc
68
f1,f2,first_soc,front
104.162,20.8815,100,0
time
41.8
soc
72
f1,f2,first_soc,front
109.571,14.6959,100,0
time
44.52
soc
78
f1,f2,first_soc,front
107.045,17.5834,100,0
time
44.52
soc
73
f1,f2,first_soc,front
108.055,16.4284,100,0
time
44.52
soc
75
f1,f2,first_soc,front
106.864,17.793,100,0
time
43.16
soc
75
f1,f2,first_soc,front
107.369,17.2156,100,0
time
43.16
soc
76
f1,f2,first_soc,front
109.066,15.2734,100,0
time
44.52
soc
77
f1,f2,first_soc,front
108.561,15.8509,100,0
time
44.52
soc
76
f1,f2,first_soc,front
107.55,17.0059,100,0
time
44.52
soc
74
f1,f2,first_soc,front
106.358,18.3705,100,0
time
43.16
soc
74
f1,f2,first_soc,front
106.035,18.7383,100,0
time
44.52
soc
71
f1,f2,first_soc,front
105.53,19.3158,100,0
time
44.52
soc
70
f1,f2,first_soc,front
104.843,20.103,100,0
time
43.16
soc
71
f1,f2,first_soc,front
105.853,18.948,100,0
time
43.16
soc
73
f1,f2,first_soc,front
110.581,13.5409,100,0
time
44.52
soc
80
f1,f2,first_soc,front
106.212,18.5372,100,0
time
45.88
soc
69
f1,f2,first_soc,front
106.035,18.7383,100,0
time
44.52
soc
71
f1,f2,first_soc,front
109.571,14.6959,100,0
time
44.52
soc
78
f1,f2,first_soc,front
110.757,13.3397,100,0
time
45.88
soc
78
f1,f2,first_soc,front
110.252,13.9172,100,0
time
45.88
soc
77
f1,f2,first_soc,front
109.747,14.4947,100,0
time
45.88
soc
76
f1,f2,first_soc,front
108.561,15.8509,100,0
time
44.52
soc
76
f1,f2,first_soc,front
108.737,15.6497,100,0
time
45.88
soc
74
f1,f2,first_soc,front
109.066,15.2734,100,0
time
44.52
soc
77
f1,f2,first_soc,front
104.52,20.4708,100,0
time
44.52
soc
68
f1,f2,first_soc,front
104.015,21.0483,100,0
time
44.52
soc
67
f1,f2,first_soc,front
106.54,18.1609,100,0
time
44.52
soc
72
f1,f2,first_soc,front
107.874,16.6381,100,0
time
43.16
soc
77
f1,f2,first_soc,front
109.389,14.9056,100,0
time
43.16
soc
80
f1,f2,first_soc,front
108.379,16.0606,100,0
time
43.16
soc
78
f1,f2,first_soc,front
105.348,19.5255,100,0
time
43.16
soc
72
f1,f2,first_soc,front
109.242,15.0722,100,0
time
45.88
soc
75
f1,f2,first_soc,front
109.242,15.0722,100,0
time
45.88
soc
75
f1,f2,first_soc,front
112.391,11.9595,100,0
time
45.88,95.8371
soc
70,38
f1,f2,first_soc,front
106.687,17.994,100,0
time
41.8
soc
77
f1,f2,first_soc,front
107.55,17.0059,100,0
time
44.52
soc
74
f1,f2,first_soc,front
105.53,19.3158,100,0
time
44.52
soc
70
f1,f2,first_soc,front
107.192,17.4165,100,0
time
41.8
soc
78
f1,f2,first_soc,front
108.055,16.4284,100,0
time
44.52
soc
75
f1,f2,first_soc,front
105.172,19.7265,100,0
time
41.8
soc
74
f1,f2,first_soc,front
105.202,19.6922,100,0
time
45.88
soc
67
f1,f2,first_soc,front
106.358,18.3705,100,0
time
43.16
soc
74
f1,f2,first_soc,front
106.212,18.5372,100,0
time
45.88
soc
69
f1,f2,first_soc,front
105.853,18.948,100,0
time
43.16
soc
73
f1,f2,first_soc,front
105.707,19.1147,100,0
time
45.88
soc
68
f1,f2,first_soc,front
107.727,16.8047,100,0
time
45.88
soc
72
f1,f2,first_soc,front
108.737,15.6497,100,0
time
45.88
soc
74
f1,f2,first_soc,front
106.864,17.793,100,0
time
43.16
soc
75
f1,f2,first_soc,front
106.717,17.9597,100,0
time
45.88
soc
70
f1,f2,first_soc,front
108.232,16.2272,100,0
time
45.88
soc
73
f1,f2,first_soc,front
107.369,17.2156,100,0
time
43.16
soc
76
f1,f2,first_soc,front
107.222,17.3822,100,0
time
45.88
soc
71
f1,f2,first_soc,front
112.618,11.7025,100,0
time
37.72,77.626
soc
75,62
f1,f2,first_soc,front
112.391,11.9595,100,0
time
45.88,95.8371
soc
70,38
f1,f2,first_soc,front
109.389,14.9056,100,0
time
43.16
soc
80
f1,f2,first_soc,front
106.54,18.1609,100,0
time
44.52
soc
72
f1,f2,first_soc,front
107.874,16.6381,100,0
time
43.16
soc
77
f1,f2,first_soc,front
108.379,16.0606,100,0
time
43.16
soc
78
f1,f2,first_soc,front
108.884,15.4831,100,0
time
43.16
soc
79
f1,f2,first_soc,front
105.348,19.5255,100,0
time
43.16
soc
72
f1,f2,first_soc,front
105.025,19.8933,100,0
time
44.52
soc
69
f1,f2,first_soc,front
112.26,12.1097,100,0
time
45.88,74.4666
soc
60,66
f1,f2,first_soc,front
104.697,20.2697,100,0
time
45.88
soc
66
f1,f2,first_soc,front
104.52,20.4708,100,0
time
44.52
soc
68
f1,f2,first_soc,front
105.677,19.149,100,0
time
41.8
soc
75
f1,f2,first_soc,front
108.202,16.2616,100,0
time
41.8
soc
80
f1,f2,first_soc,front
108.884,15.4831,100,0
time
43.16
soc
79
f1,f2,first_soc,front
105.025,19.8933,100,0
time
44.52
soc
69
f1,f2,first_soc,front
105.677,19.149,100,0
time
41.8
soc
75
f1,f2,first_soc,front
107.697,16.839,100,0
time
41.8
soc
79
f1,f2,first_soc,front
104.697,20.2697,100,0
time
45.88
soc
66
f1,f2,first_soc,front
104.52,20.4708,100,0
time
44.52
soc
68
f1,f2,first_soc,front
110.581,13.5409,100,0
time
44.52
soc
80
f1,f2,first_soc,front
112.538,11.7921,100,0
time
45.88,96.1474
soc
76,43
f1,f2,first_soc,front
104.015,21.0483,100,0
time
44.52
soc
67
f1,f2,first_soc,front
107.697,16.839,100,0
time
41.8
soc
79
f1,f2,first_soc,front
105.025,19.8933,100,0
time
44.52
soc
69
f1,f2,first_soc,front
107.045,17.5834,100,0
time
44.52
soc
73
f1,f2,first_soc,front
104.697,20.2697,100,0
time
45.88
soc
66
f1,f2,first_soc,front
108.884,15.4831,100,0
time
43.16
soc
79
f1,f2,first_soc,front
104.843,20.103,100,0
time
43.16
soc
71
f1,f2,first_soc,front
112.538,11.7921,100,0
time
45.88,96.1474
soc
76,43
f1,f2,first_soc,front
104.843,20.103,100,0
time
43.16
soc
71
f1,f2,first_soc,front
105.348,19.5255,100,0
time
43.16
soc
72
f1,f2,first_soc,front
112.765,11.563,100,0
time
45.88,74.9716
soc
61,67
f1,f2,first_soc,front
104.697,20.2697,100,0
time
45.88
soc
66
f1,f2,first_soc,front
106.54,18.1609,100,0
time
44.52
soc
72
f1,f2,first_soc,front
108.379,16.0606,100,0
time
43.16
soc
78
f1,f2,first_soc,front
107.874,16.6381,100,0
time
43.16
soc
77
f1,f2,first_soc,front
105.025,19.8933,100,0
time
44.52
soc
69
f1,f2,first_soc,front
107.045,17.5834,100,0
time
44.52
soc
73
f1,f2,first_soc,front
108.884,15.4831,100,0
time
43.16
soc
79
f1,f2,first_soc,front
108.202,16.2616,100,0
time
41.8
soc
80
f1,f2,first_soc,front
104.015,21.0483,100,0
time
44.52
soc
67
f1,f2,first_soc,front
104.162,20.8815,100,0
time
41.8
soc
72
f1,f2,first_soc,front
109.389,14.9056,100,0
time
43.16
soc
80
f1,f2,first_soc,front
112.553,11.7747,100,0
time
45.88,73.067
soc
68,76
f1,f2,first_soc,front
112.618,11.7025,100,0
time
37.72,77.626
soc
75,62
f1,f2,first_soc,front
111.263,12.7622,100,0
time
45.88
soc
79
f1,f2,first_soc,front
111.755,12.6872,100,0
time
45.88,74.4666
soc
60,65
f1,f2,first_soc,front
108.232,16.2272,100,0
time
45.88
soc
73
f1,f2,first_soc,front
107.192,17.4165,100,0
time
41.8
soc
78
f1,f2,first_soc,front
105.172,19.7265,100,0
time
41.8
soc
74
f1,f2,first_soc,front
106.717,17.9597,100,0
time
45.88
soc
70
f1,f2,first_soc,front
106.687,17.994,100,0
time
41.8
soc
77
f1,f2,first_soc,front
105.707,19.1147,100,0
time
45.88
soc
68
f1,f2,first_soc,front
107.727,16.8047,100,0
time
45.88
soc
72
f1,f2,first_soc,front
107.222,17.3822,100,0
time
45.88
soc
71
f1,f2,first_soc,front
108.202,16.2616,100,0
time
41.8
soc
80
f1,f2,first_soc,front
105.202,19.6922,100,0
time
45.88
soc
67
f1,f2,first_soc,front
112.553,11.7747,100,0
time
45.88,73.067
soc
68,76
f1,f2,first_soc,front
112.538,11.7921,100,0
time
45.88,96.1474
soc
76,43
f1,f2,first_soc,front
107.222,17.3822,100,0
time
45.88
soc
71
f1,f2,first_soc,front
107.697,16.839,100,0
time
41.8
soc
79
f1,f2,first_soc,front
105.202,19.6922,100,0
time
45.88
soc
67
f1,f2,first_soc,front
111.263,12.7622,100,0
time
45.88
soc
79
f1,f2,first_soc,front
111.755,12.6872,100,0
time
45.88,74.4666
soc
60,65
f1,f2,first_soc,front
112.765,11.563,100,0
time
45.88,74.4666
soc
60,67
f1,f2,first_soc,front
105.025,19.8933,100,0
time
44.52
soc
69
f1,f2,first_soc,front
105.025,19.8933,100,0
time
44.52
soc
69
f1,f2,first_soc,front
105.025,19.8933,100,0
time
44.52
soc
69
f1,f2,first_soc,front
104.015,21.0483,100,0
time
44.52
soc
67
f1,f2,first_soc,front
104.015,21.0483,100,0
time
44.52
soc
67
f1,f2,first_soc,front
104.015,21.0483,100,0
time
44.52
soc
67
f1,f2,first_soc,front
104.015,21.0483,100,0
time
44.52
soc
67
f1,f2,first_soc,front
105.025,19.8933,100,0
time
44.52
soc
69
f1,f2,first_soc,front
104.015,21.0483,100,0
time
44.52
soc
67
f1,f2,first_soc,front
104.015,21.0483,100,0
time
44.52
soc
67
f1,f2,first_soc,front
105.025,19.8933,100,0
time
44.52
soc
69
f1,f2,first_soc,front
105.025,19.8933,100,0
time
44.52
soc
69
f1,f2,first_soc,front
104.015,21.0483,100,0
time
44.52
soc
67
f1,f2,first_soc,front
104.015,21.0483,100,0
time
44.52
soc
67
f1,f2,first_soc,front
104.015,21.0483,100,0
time
44.52
soc
67
f1,f2,first_soc,front
104.015,21.0483,100,0
time
44.52
soc
67
f1,f2,first_soc,front
105.025,19.8933,100,0
time
44.52
soc
69
f1,f2,first_soc,front
105.025,19.8933,100,0
time
44.52
soc
69
f1,f2,first_soc,front
104.015,21.0483,100,0
time
44.52
soc
67
f1,f2,first_soc,front
105.025,19.8933,100,0
time
44.52
soc
69
f1,f2,first_soc,front
104.015,21.0483,100,0
time
44.52
soc
67
f1,f2,first_soc,front
104.015,21.0483,100,0
time
44.52
soc
67
f1,f2,first_soc,front
105.025,19.8933,100,0
time
44.52
soc
69
f1,f2,first_soc,front
104.015,21.0483,100,0
time
44.52
soc
67
f1,f2,first_soc,front
104.015,21.0483,100,0
time
44.52
soc
67
f1,f2,first_soc,front
113.735,11.5601,100,0
time
44.52,96.3205
soc
76,43
f1,f2,first_soc,front
112.26,12.1097,100,0
time
45.88,75.4767
soc
62,66
f1,f2,first_soc,front
113.735,11.5601,100,0
time
44.52,96.3205
soc
76,43
f1,f2,first_soc,front
105.202,19.6922,100,0
time
45.88
soc
67
f1,f2,first_soc,front
105.202,19.6922,100,0
time
45.88
soc
67
f1,f2,first_soc,front
105.202,19.6922,100,0
time
45.88
soc
67
f1,f2,first_soc,front
104.015,21.0483,100,0
time
44.52
soc
67
f1,f2,first_soc,front
104.015,21.0483,100,0
time
44.52
soc
67
f1,f2,first_soc,front
105.172,19.7265,100,0
time
41.8
soc
74
f1,f2,first_soc,front
104.015,21.0483,100,0
time
44.52
soc
67
f1,f2,first_soc,front
104.015,21.0483,100,0
time
44.52
soc
67
f1,f2,first_soc,front
104.015,21.0483,100,0
time
44.52
soc
67
f1,f2,first_soc,front
105.172,19.7265,100,0
time
41.8
soc
74
f1,f2,first_soc,front
104.015,21.0483,100,0
time
44.52
soc
67
f1,f2,first_soc,front
104.015,21.0483,100,0
time
44.52
soc
67
f1,f2,first_soc,front
105.025,19.8933,100,0
time
44.52
soc
69
f1,f2,first_soc,front
104.015,21.0483,100,0
time
44.52
soc
67
f1,f2,first_soc,front
104.015,21.0483,100,0
time
44.52
soc
67
f1,f2,first_soc,front
105.025,19.8933,100,0
time
44.52
soc
69
f1,f2,first_soc,front
105.025,19.8933,100,0
time
44.52
soc
69
f1,f2,first_soc,front
105.025,19.8933,100,0
time
44.52
soc
69
f1,f2,first_soc,front
105.025,19.8933,100,0
time
44.52
soc
69
f1,f2,first_soc,front
104.015,21.0483,100,0
time
44.52
soc
67
f1,f2,first_soc,front
104.697,20.2697,100,0
time
45.88
soc
66
f1,f2,first_soc,front
104.52,20.4708,100,0
time
44.52
soc
68
f1,f2,first_soc,front
104.52,20.4708,100,0
time
44.52
soc
68
f1,f2,first_soc,front
104.843,20.103,100,0
time
43.16
soc
71
f1,f2,first_soc,front
104.843,20.103,100,0
time
43.16
soc
71
f1,f2,first_soc,front
104.52,20.4708,100,0
time
44.52
soc
68
f1,f2,first_soc,front
104.52,20.4708,100,0
time
44.52
soc
68
f1,f2,first_soc,front
104.697,20.2697,100,0
time
45.88
soc
66
f1,f2,first_soc,front
104.843,20.103,100,0
time
43.16
soc
71
f1,f2,first_soc,front
104.697,20.2697,100,0
time
45.88
soc
66
f1,f2,first_soc,front
104.697,20.2697,100,0
time
45.88
soc
66
f1,f2,first_soc,front
104.697,20.2697,100,0
time
45.88
soc
66
f1,f2,first_soc,front
104.697,20.2697,100,0
time
45.88
soc
66
第77世代
f1,f2,first_soc,front
103.656,21.459,100,0
time
41.8
soc
71
f1,f2,first_soc,front
113.735,11.5601,100,0
time
44.52,96.3205
soc
76,43
f1,f2,first_soc,front
111.263,12.7622,100,0
time
45.88
soc
79
f1,f2,first_soc,front
111.768,12.1847,100,0
time
45.88
soc
80
f1,f2,first_soc,front
113.735,11.5601,100,0
time
44.52,96.3205
soc
76,43
f1,f2,first_soc,front
112.765,11.563,100,0
time
45.88,74.9716
soc
61,67
f1,f2,first_soc,front
109.747,14.4947,100,0
time
45.88
soc
76
f1,f2,first_soc,front
110.252,13.9172,100,0
time
45.88
soc
77
f1,f2,first_soc,front
111.755,12.6872,100,0
time
45.88,74.4666
soc
60,65
f1,f2,first_soc,front
112.26,12.1097,100,0
time
45.88,75.4767
soc
62,66
f1,f2,first_soc,front
110.757,13.3397,100,0
time
45.88
soc
78
f1,f2,first_soc,front
111.25,13.2647,100,0
time
45.88,74.9716
soc
61,64
f1,f2,first_soc,front
110.076,14.1184,100,0
time
44.52
soc
79
f1,f2,first_soc,front
104.162,20.8815,100,0
time
41.8
soc
72
f1,f2,first_soc,front
111.25,13.2647,100,0
time
45.88,74.9716
soc
61,64
f1,f2,first_soc,front
111.755,12.6872,100,0
time
45.88,74.4666
soc
60,65
f1,f2,first_soc,front
104.52,20.4708,100,0
time
44.52
soc
68
f1,f2,first_soc,front
104.162,20.8815,100,0
time
41.8
soc
72
f1,f2,first_soc,front
104.015,21.0483,100,0
time
44.52
soc
67
f1,f2,first_soc,front
107.369,17.2156,100,0
time
43.16
soc
76
f1,f2,first_soc,front
107.874,16.6381,100,0
time
43.16
soc
77
f1,f2,first_soc,front
108.561,15.8509,100,0
time
44.52
soc
76
f1,f2,first_soc,front
108.884,15.4831,100,0
time
43.16
soc
79
f1,f2,first_soc,front
107.045,17.5834,100,0
time
44.52
soc
73
f1,f2,first_soc,front
106.358,18.3705,100,0
time
43.16
soc
74
f1,f2,first_soc,front
106.035,18.7383,100,0
time
44.52
soc
71
f1,f2,first_soc,front
105.853,18.948,100,0
time
43.16
soc
73
f1,f2,first_soc,front
105.53,19.3158,100,0
time
44.52
soc
70
f1,f2,first_soc,front
109.066,15.2734,100,0
time
44.52
soc
77
f1,f2,first_soc,front
110.581,13.5409,100,0
time
44.52
soc
80
f1,f2,first_soc,front
106.035,18.7383,100,0
time
44.52
soc
71
f1,f2,first_soc,front
110.252,13.9172,100,0
time
45.88
soc
77
f1,f2,first_soc,front
109.747,14.4947,100,0
time
45.88
soc
76
f1,f2,first_soc,front
109.571,14.6959,100,0
time
44.52
soc
78
f1,f2,first_soc,front
109.242,15.0722,100,0
time
45.88
soc
75
f1,f2,first_soc,front
110.757,13.3397,100,0
time
45.88
soc
78
f1,f2,first_soc,front
110.581,13.5409,100,0
time
44.52
soc
80
f1,f2,first_soc,front
108.561,15.8509,100,0
time
44.52
soc
76
f1,f2,first_soc,front
108.055,16.4284,100,0
time
44.52
soc
75
f1,f2,first_soc,front
106.864,17.793,100,0
time
43.16
soc
75
f1,f2,first_soc,front
107.55,17.0059,100,0
time
44.52
soc
74
f1,f2,first_soc,front
104.015,21.0483,100,0
time
44.52
soc
67
f1,f2,first_soc,front
104.52,20.4708,100,0
time
44.52
soc
68
f1,f2,first_soc,front
107.55,17.0059,100,0
time
44.52
soc
74
f1,f2,first_soc,front
106.54,18.1609,100,0
time
44.52
soc
72
f1,f2,first_soc,front
106.864,17.793,100,0
time
43.16
soc
75
f1,f2,first_soc,front
109.389,14.9056,100,0
time
43.16
soc
80
f1,f2,first_soc,front
105.348,19.5255,100,0
time
43.16
soc
72
f1,f2,first_soc,front
106.212,18.5372,100,0
time
45.88
soc
69
f1,f2,first_soc,front
104.697,20.2697,100,0
time
45.88
soc
66
f1,f2,first_soc,front
110.076,14.1184,100,0
time
44.52
soc
79
f1,f2,first_soc,front
110.581,13.5409,100,0
time
44.52
soc
80
f1,f2,first_soc,front
112.538,11.7921,100,0
time
45.88,96.1474
soc
76,43
f1,f2,first_soc,front
106.687,17.994,100,0
time
41.8
soc
77
f1,f2,first_soc,front
105.53,19.3158,100,0
time
44.52
soc
70
f1,f2,first_soc,front
107.697,16.839,100,0
time
41.8
soc
79
f1,f2,first_soc,front
107.045,17.5834,100,0
time
44.52
soc
73
f1,f2,first_soc,front
108.202,16.2616,100,0
time
41.8
soc
80
f1,f2,first_soc,front
107.192,17.4165,100,0
time
41.8
soc
78
f1,f2,first_soc,front
105.172,19.7265,100,0
time
41.8
soc
74
f1,f2,first_soc,front
106.358,18.3705,100,0
time
43.16
soc
74
f1,f2,first_soc,front
105.853,18.948,100,0
time
43.16
soc
73
f1,f2,first_soc,front
105.707,19.1147,100,0
time
45.88
soc
68
f1,f2,first_soc,front
108.737,15.6497,100,0
time
45.88
soc
74
f1,f2,first_soc,front
106.717,17.9597,100,0
time
45.88
soc
70
f1,f2,first_soc,front
107.874,16.6381,100,0
time
43.16
soc
77
f1,f2,first_soc,front
107.727,16.8047,100,0
time
45.88
soc
72
f1,f2,first_soc,front
108.884,15.4831,100,0
time
43.16
soc
79
f1,f2,first_soc,front
107.222,17.3822,100,0
time
45.88
soc
71
f1,f2,first_soc,front
107.369,17.2156,100,0
time
43.16
soc
76
f1,f2,first_soc,front
109.242,15.0722,100,0
time
45.88
soc
75
f1,f2,first_soc,front
108.232,16.2272,100,0
time
45.88
soc
73
f1,f2,first_soc,front
112.391,11.9595,100,0
time
45.88,95.8371
soc
70,38
f1,f2,first_soc,front
112.618,11.7025,100,0
time
37.72,77.626
soc
75,62
f1,f2,first_soc,front
112.26,12.1097,100,0
time
45.88,74.4666
soc
60,66
f1,f2,first_soc,front
109.571,14.6959,100,0
time
44.52
soc
78
f1,f2,first_soc,front
109.389,14.9056,100,0
time
43.16
soc
80
f1,f2,first_soc,front
105.025,19.8933,100,0
time
44.52
soc
69
f1,f2,first_soc,front
104.843,20.103,100,0
time
43.16
soc
71
f1,f2,first_soc,front
105.348,19.5255,100,0
time
43.16
soc
72
f1,f2,first_soc,front
106.54,18.1609,100,0
time
44.52
soc
72
f1,f2,first_soc,front
108.379,16.0606,100,0
time
43.16
soc
78
f1,f2,first_soc,front
108.737,15.6497,100,0
time
45.88
soc
74
f1,f2,first_soc,front
104.52,20.4708,100,0
time
44.52
soc
68
f1,f2,first_soc,front
110.076,14.1184,100,0
time
44.52
soc
79
f1,f2,first_soc,front
109.066,15.2734,100,0
time
44.52
soc
77
f1,f2,first_soc,front
109.571,14.6959,100,0
time
44.52
soc
78
f1,f2,first_soc,front
109.066,15.2734,100,0
time
44.52
soc
77
f1,f2,first_soc,front
108.379,16.0606,100,0
time
43.16
soc
78
f1,f2,first_soc,front
108.055,16.4284,100,0
time
44.52
soc
75
f1,f2,first_soc,front
104.843,20.103,100,0
time
43.16
soc
71
f1,f2,first_soc,front
105.025,19.8933,100,0
time
44.52
soc
69
f1,f2,first_soc,front
105.202,19.6922,100,0
time
45.88
soc
67
f1,f2,first_soc,front
104.52,20.4708,100,0
time
44.52
soc
68
f1,f2,first_soc,front
104.697,20.2697,100,0
time
45.88
soc
66
f1,f2,first_soc,front
108.737,15.6497,100,0
time
45.88
soc
74
f1,f2,first_soc,front
106.212,18.5372,100,0
time
45.88
soc
69
f1,f2,first_soc,front
112.391,11.9595,100,0
time
45.88,95.8371
soc
70,38
f1,f2,first_soc,front
105.677,19.149,100,0
time
41.8
soc
75
f1,f2,first_soc,front
104.015,21.0483,100,0
time
44.52
soc
67
f1,f2,first_soc,front
108.055,16.4284,100,0
time
44.52
soc
75
f1,f2,first_soc,front
105.025,19.8933,100,0
time
44.52
soc
69
f1,f2,first_soc,front
104.697,20.2697,100,0
time
45.88
soc
66
f1,f2,first_soc,front
104.843,20.103,100,0
time
43.16
soc
71
f1,f2,first_soc,front
105.202,19.6922,100,0
time
45.88
soc
67
f1,f2,first_soc,front
108.379,16.0606,100,0
time
43.16
soc
78
f1,f2,first_soc,front
106.212,18.5372,100,0
time
45.88
soc
69
f1,f2,first_soc,front
112.765,11.563,100,0
time
45.88,75.4767
soc
62,67
f1,f2,first_soc,front
105.348,19.5255,100,0
time
43.16
soc
72
f1,f2,first_soc,front
104.843,20.103,100,0
time
43.16
soc
71
f1,f2,first_soc,front
104.015,21.0483,100,0
time
44.52
soc
67
f1,f2,first_soc,front
108.379,16.0606,100,0
time
43.16
soc
78
f1,f2,first_soc,front
109.389,14.9056,100,0
time
43.16
soc
80
f1,f2,first_soc,front
105.677,19.149,100,0
time
41.8
soc
75
f1,f2,first_soc,front
106.54,18.1609,100,0
time
44.52
soc
72
f1,f2,first_soc,front
104.162,20.8815,100,0
time
41.8
soc
72
f1,f2,first_soc,front
105.025,19.8933,100,0
time
44.52
soc
69
f1,f2,first_soc,front
112.765,11.563,100,0
time
45.88,74.4666
soc
60,67
f1,f2,first_soc,front
112.618,11.7025,100,0
time
37.72,77.626
soc
75,62
f1,f2,first_soc,front
112.391,11.9595,100,0
time
45.88,96.3421
soc
71,38
f1,f2,first_soc,front
112.553,11.7747,100,0
time
45.88,73.067
soc
68,76
f1,f2,first_soc,front
111.263,12.7622,100,0
time
45.88
soc
79
f1,f2,first_soc,front
111.768,12.1847,100,0
time
45.88
soc
80
f1,f2,first_soc,front
112.553,11.7747,100,0
time
45.88,73.067
soc
68,76
f1,f2,first_soc,front
107.192,17.4165,100,0
time
41.8
soc
78
f1,f2,first_soc,front
108.202,16.2616,100,0
time
41.8
soc
80
f1,f2,first_soc,front
108.232,16.2272,100,0
time
45.88
soc
73
f1,f2,first_soc,front
107.222,17.3822,100,0
time
45.88
soc
71
f1,f2,first_soc,front
107.697,16.839,100,0
time
41.8
soc
79
f1,f2,first_soc,front
106.717,17.9597,100,0
time
45.88
soc
70
f1,f2,first_soc,front
106.687,17.994,100,0
time
41.8
soc
77
f1,f2,first_soc,front
105.707,19.1147,100,0
time
45.88
soc
68
f1,f2,first_soc,front
105.172,19.7265,100,0
time
41.8
soc
74
f1,f2,first_soc,front
105.677,19.149,100,0
time
41.8
soc
75
f1,f2,first_soc,front
107.727,16.8047,100,0
time
45.88
soc
72
f1,f2,first_soc,front
112.538,11.7921,100,0
time
45.88,96.1474
soc
76,43
f1,f2,first_soc,front
105.202,19.6922,100,0
time
45.88
soc
67
f1,f2,first_soc,front
107.727,16.8047,100,0
time
45.88
soc
72
f1,f2,first_soc,front
112.553,11.7747,100,0
time
45.88,73.572
soc
69,76
f1,f2,first_soc,front
111.263,12.7622,100,0
time
45.88
soc
79
f1,f2,first_soc,front
111.768,12.1847,100,0
time
45.88
soc
80
f1,f2,first_soc,front
104.015,21.0483,100,0
time
44.52
soc
67
f1,f2,first_soc,front
105.172,19.7265,100,0
time
41.8
soc
74
f1,f2,first_soc,front
104.015,21.0483,100,0
time
44.52
soc
67
f1,f2,first_soc,front
105.025,19.8933,100,0
time
44.52
soc
69
f1,f2,first_soc,front
104.015,21.0483,100,0
time
44.52
soc
67
f1,f2,first_soc,front
105.025,19.8933,100,0
time
44.52
soc
69
f1,f2,first_soc,front
104.015,21.0483,100,0
time
44.52
soc
67
f1,f2,first_soc,front
104.015,21.0483,100,0
time
44.52
soc
67
f1,f2,first_soc,front
104.015,21.0483,100,0
time
44.52
soc
67
f1,f2,first_soc,front
104.015,21.0483,100,0
time
44.52
soc
67
f1,f2,first_soc,front
105.202,19.6922,100,0
time
45.88
soc
67
f1,f2,first_soc,front
104.015,21.0483,100,0
time
44.52
soc
67
f1,f2,first_soc,front
105.172,19.7265,100,0
time
41.8
soc
74
f1,f2,first_soc,front
105.025,19.8933,100,0
time
44.52
soc
69
f1,f2,first_soc,front
105.172,19.7265,100,0
time
41.8
soc
74
f1,f2,first_soc,front
104.015,21.0483,100,0
time
44.52
soc
67
f1,f2,first_soc,front
105.025,19.8933,100,0
time
44.52
soc
69
f1,f2,first_soc,front
104.015,21.0483,100,0
time
44.52
soc
67
f1,f2,first_soc,front
105.172,19.7265,100,0
time
41.8
soc
74
f1,f2,first_soc,front
105.025,19.8933,100,0
time
44.52
soc
69
f1,f2,first_soc,front
105.202,19.6922,100,0
time
45.88
soc
67
f1,f2,first_soc,front
105.025,19.8933,100,0
time
44.52
soc
69
f1,f2,first_soc,front
105.025,19.8933,100,0
time
44.52
soc
69
f1,f2,first_soc,front
104.015,21.0483,100,0
time
44.52
soc
67
f1,f2,first_soc,front
104.015,21.0483,100,0
time
44.52
soc
67
f1,f2,first_soc,front
104.015,21.0483,100,0
time
44.52
soc
67
f1,f2,first_soc,front
105.025,19.8933,100,0
time
44.52
soc
69
f1,f2,first_soc,front
105.202,19.6922,100,0
time
45.88
soc
67
f1,f2,first_soc,front
105.025,19.8933,100,0
time
44.52
soc
69
f1,f2,first_soc,front
105.172,19.7265,100,0
time
41.8
soc
74
f1,f2,first_soc,front
105.025,19.8933,100,0
time
44.52
soc
69
f1,f2,first_soc,front
105.025,19.8933,100,0
time
44.52
soc
69
f1,f2,first_soc,front
104.52,20.4708,100,0
time
44.52
soc
68
f1,f2,first_soc,front
104.697,20.2697,100,0
time
45.88
soc
66
f1,f2,first_soc,front
104.697,20.2697,100,0
time
45.88
soc
66
f1,f2,first_soc,front
104.015,21.0483,100,0
time
44.52
soc
67
f1,f2,first_soc,front
104.015,21.0483,100,0
time
44.52
soc
67
f1,f2,first_soc,front
104.697,20.2697,100,0
time
45.88
soc
66
f1,f2,first_soc,front
104.697,20.2697,100,0
time
45.88
soc
66
f1,f2,first_soc,front
104.015,21.0483,100,0
time
44.52
soc
67
f1,f2,first_soc,front
104.52,20.4708,100,0
time
44.52
soc
68
f1,f2,first_soc,front
104.52,20.4708,100,0
time
44.52
soc
68
f1,f2,first_soc,front
104.015,21.0483,100,0
time
44.52
soc
67
f1,f2,first_soc,front
104.52,20.4708,100,0
time
44.52
soc
68
f1,f2,first_soc,front
104.52,20.4708,100,0
time
44.52
soc
68
f1,f2,first_soc,front
104.52,20.4708,100,0
time
44.52
soc
68
f1,f2,first_soc,front
104.52,20.4708,100,0
time
44.52
soc
68
f1,f2,first_soc,front
104.697,20.2697,100,0
time
45.88
soc
66
f1,f2,first_soc,front
104.52,20.4708,100,0
time
44.52
soc
68
f1,f2,first_soc,front
104.015,21.0483,100,0
time
44.52
soc
67
f1,f2,first_soc,front
104.015,21.0483,100,0
time
44.52
soc
67
f1,f2,first_soc,front
104.52,20.4708,100,0
time
44.52
soc
68
f1,f2,first_soc,front
104.015,21.0483,100,0
time
44.52
soc
67
f1,f2,first_soc,front
104.015,21.0483,100,0
time
44.52
soc
67
f1,f2,first_soc,front
104.015,21.0483,100,0
time
44.52
soc
67
f1,f2,first_soc,front
104.015,21.0483,100,0
time
44.52
soc
67
f1,f2,first_soc,front
104.015,21.0483,100,0
time
44.52
soc
67
f1,f2,first_soc,front
104.015,21.0483,100,0
time
44.52
soc
67
f1,f2,first_soc,front
104.162,20.8815,100,0
time
41.8
soc
72
第78世代
f1,f2,first_soc,front
103.656,21.459,100,0
time
41.8
soc
71
f1,f2,first_soc,front
103.656,21.459,100,0
time
41.8
soc
71
f1,f2,first_soc,front
113.735,11.5601,100,0
time
44.52,96.3205
soc
76,43
f1,f2,first_soc,front
113.735,11.5601,100,0
time
44.52,96.3205
soc
76,43
f1,f2,first_soc,front
112.765,11.563,100,0
time
45.88,75.4767
soc
62,67
f1,f2,first_soc,front
110.581,13.5409,100,0
time
44.52
soc
80
f1,f2,first_soc,front
110.076,14.1184,100,0
time
44.52
soc
79
f1,f2,first_soc,front
110.757,13.3397,100,0
time
45.88
soc
78
f1,f2,first_soc,front
111.755,12.6872,100,0
time
45.88,74.4666
soc
60,65
f1,f2,first_soc,front
111.25,13.2647,100,0
time
45.88,74.9716
soc
61,64
f1,f2,first_soc,front
111.768,12.1847,100,0
time
45.88
soc
80
f1,f2,first_soc,front
112.26,12.1097,100,0
time
45.88,75.4767
soc
62,66
f1,f2,first_soc,front
109.747,14.4947,100,0
time
45.88
soc
76
f1,f2,first_soc,front
104.162,20.8815,100,0
time
41.8
soc
72
f1,f2,first_soc,front
111.25,13.2647,100,0
time
45.88,74.9716
soc
61,64
f1,f2,first_soc,front
111.755,12.6872,100,0
time
45.88,74.4666
soc
60,65
f1,f2,first_soc,front
111.263,12.7622,100,0
time
45.88
soc
79
f1,f2,first_soc,front
111.768,12.1847,100,0
time
45.88
soc
80
f1,f2,first_soc,front
111.263,12.7622,100,0
time
45.88
soc
79
f1,f2,first_soc,front
104.015,21.0483,100,0
time
44.52
soc
67
f1,f2,first_soc,front
104.52,20.4708,100,0
time
44.52
soc
68
f1,f2,first_soc,front
104.162,20.8815,100,0
time
41.8
soc
72
f1,f2,first_soc,front
109.571,14.6959,100,0
time
44.52
soc
78
f1,f2,first_soc,front
107.045,17.5834,100,0
time
44.52
soc
73
f1,f2,first_soc,front
108.561,15.8509,100,0
time
44.52
soc
76
f1,f2,first_soc,front
107.874,16.6381,100,0
time
43.16
soc
77
f1,f2,first_soc,front
107.55,17.0059,100,0
time
44.52
soc
74
f1,f2,first_soc,front
106.864,17.793,100,0
time
43.16
soc
75
f1,f2,first_soc,front
108.884,15.4831,100,0
time
43.16
soc
79
f1,f2,first_soc,front
105.348,19.5255,100,0
time
43.16
soc
72
f1,f2,first_soc,front
106.54,18.1609,100,0
time
44.52
soc
72
f1,f2,first_soc,front
105.853,18.948,100,0
time
43.16
soc
73
f1,f2,first_soc,front
109.066,15.2734,100,0
time
44.52
soc
77
f1,f2,first_soc,front
110.252,13.9172,100,0
time
45.88
soc
77
f1,f2,first_soc,front
109.747,14.4947,100,0
time
45.88
soc
76
f1,f2,first_soc,front
106.035,18.7383,100,0
time
44.52
soc
71
f1,f2,first_soc,front
106.212,18.5372,100,0
time
45.88
soc
69
f1,f2,first_soc,front
110.076,14.1184,100,0
time
44.52
soc
79
f1,f2,first_soc,front
108.561,15.8509,100,0
time
44.52
soc
76
f1,f2,first_soc,front
110.581,13.5409,100,0
time
44.52
soc
80
f1,f2,first_soc,front
109.571,14.6959,100,0
time
44.52
soc
78
f1,f2,first_soc,front
109.242,15.0722,100,0
time
45.88
soc
75
f1,f2,first_soc,front
106.358,18.3705,100,0
time
43.16
soc
74
f1,f2,first_soc,front
109.389,14.9056,100,0
time
43.16
soc
80
f1,f2,first_soc,front
108.055,16.4284,100,0
time
44.52
soc
75
f1,f2,first_soc,front
104.52,20.4708,100,0
time
44.52
soc
68
f1,f2,first_soc,front
104.015,21.0483,100,0
time
44.52
soc
67
f1,f2,first_soc,front
109.389,14.9056,100,0
time
43.16
soc
80
f1,f2,first_soc,front
107.369,17.2156,100,0
time
43.16
soc
76
f1,f2,first_soc,front
108.379,16.0606,100,0
time
43.16
soc
78
f1,f2,first_soc,front
106.358,18.3705,100,0
time
43.16
soc
74
f1,f2,first_soc,front
104.697,20.2697,100,0
time
45.88
soc
66
f1,f2,first_soc,front
108.737,15.6497,100,0
time
45.88
soc
74
f1,f2,first_soc,front
110.252,13.9172,100,0
time
45.88
soc
77
f1,f2,first_soc,front
112.391,11.9595,100,0
time
45.88,95.8371
soc
70,38
f1,f2,first_soc,front
107.55,17.0059,100,0
time
44.52
soc
74
f1,f2,first_soc,front
107.697,16.839,100,0
time
41.8
soc
79
f1,f2,first_soc,front
105.677,19.149,100,0
time
41.8
soc
75
f1,f2,first_soc,front
106.54,18.1609,100,0
time
44.52
soc
72
f1,f2,first_soc,front
107.192,17.4165,100,0
time
41.8
soc
78
f1,f2,first_soc,front
107.045,17.5834,100,0
time
44.52
soc
73
f1,f2,first_soc,front
105.348,19.5255,100,0
time
43.16
soc
72
f1,f2,first_soc,front
105.853,18.948,100,0
time
43.16
soc
73
f1,f2,first_soc,front
106.212,18.5372,100,0
time
45.88
soc
69
f1,f2,first_soc,front
106.864,17.793,100,0
time
43.16
soc
75
f1,f2,first_soc,front
108.884,15.4831,100,0
time
43.16
soc
79
f1,f2,first_soc,front
107.874,16.6381,100,0
time
43.16
soc
77
f1,f2,first_soc,front
106.717,17.9597,100,0
time
45.88
soc
70
f1,f2,first_soc,front
107.222,17.3822,100,0
time
45.88
soc
71
f1,f2,first_soc,front
109.242,15.0722,100,0
time
45.88
soc
75
f1,f2,first_soc,front
108.232,16.2272,100,0
time
45.88
soc
73
f1,f2,first_soc,front
112.618,11.7025,100,0
time
37.72,77.626
soc
75,62
f1,f2,first_soc,front
112.765,11.563,100,0
time
45.88,75.4767
soc
62,67
f1,f2,first_soc,front
112.391,11.9595,100,0
time
45.88,95.8371
soc
70,38
f1,f2,first_soc,front
112.26,12.1097,100,0
time
45.88,75.4767
soc
62,66
f1,f2,first_soc,front
104.843,20.103,100,0
time
43.16
soc
71
f1,f2,first_soc,front
105.025,19.8933,100,0
time
44.52
soc
69
f1,f2,first_soc,front
107.369,17.2156,100,0
time
43.16
soc
76
f1,f2,first_soc,front
108.379,16.0606,100,0
time
43.16
soc
78
f1,f2,first_soc,front
105.53,19.3158,100,0
time
44.52
soc
70
f1,f2,first_soc,front
106.035,18.7383,100,0
time
44.52
soc
71
f1,f2,first_soc,front
104.52,20.4708,100,0
time
44.52
soc
68
f1,f2,first_soc,front
109.066,15.2734,100,0
time
44.52
soc
77
f1,f2,first_soc,front
110.252,13.9172,100,0
time
45.88
soc
77
f1,f2,first_soc,front
106.687,17.994,100,0
time
41.8
soc
77
f1,f2,first_soc,front
105.172,19.7265,100,0
time
41.8
soc
74
f1,f2,first_soc,front
108.202,16.2616,100,0
time
41.8
soc
80
f1,f2,first_soc,front
112.538,11.7921,100,0
time
45.88,96.1474
soc
76,43
f1,f2,first_soc,front
108.055,16.4284,100,0
time
44.52
soc
75
f1,f2,first_soc,front
109.066,15.2734,100,0
time
44.52
soc
77
f1,f2,first_soc,front
105.53,19.3158,100,0
time
44.52
soc
70
f1,f2,first_soc,front
106.035,18.7383,100,0
time
44.52
soc
71
f1,f2,first_soc,front
105.025,19.8933,100,0
time
44.52
soc
69
f1,f2,first_soc,front
104.843,20.103,100,0
time
43.16
soc
71
f1,f2,first_soc,front
105.707,19.1147,100,0
time
45.88
soc
68
f1,f2,first_soc,front
108.202,16.2616,100,0
time
41.8
soc
80
f1,f2,first_soc,front
107.727,16.8047,100,0
time
45.88
soc
72
f1,f2,first_soc,front
106.687,17.994,100,0
time
41.8
soc
77
f1,f2,first_soc,front
104.697,20.2697,100,0
time
45.88
soc
66
f1,f2,first_soc,front
108.737,15.6497,100,0
time
45.88
soc
74
f1,f2,first_soc,front
104.52,20.4708,100,0
time
44.52
soc
68
f1,f2,first_soc,front
109.747,14.4947,100,0
time
45.88
soc
76
f1,f2,first_soc,front
110.252,13.9172,100,0
time
45.88
soc
77
f1,f2,first_soc,front
110.757,13.3397,100,0
time
45.88
soc
78
f1,f2,first_soc,front
104.015,21.0483,100,0
time
44.52
soc
67
f1,f2,first_soc,front
105.53,19.3158,100,0
time
44.52
soc
70
f1,f2,first_soc,front
108.055,16.4284,100,0
time
44.52
soc
75
f1,f2,first_soc,front
105.025,19.8933,100,0
time
44.52
soc
69
f1,f2,first_soc,front
104.697,20.2697,100,0
time
45.88
soc
66
f1,f2,first_soc,front
108.737,15.6497,100,0
time
45.88
soc
74
f1,f2,first_soc,front
104.843,20.103,100,0
time
43.16
soc
71
f1,f2,first_soc,front
107.727,16.8047,100,0
time
45.88
soc
72
f1,f2,first_soc,front
105.202,19.6922,100,0
time
45.88
soc
67
f1,f2,first_soc,front
105.707,19.1147,100,0
time
45.88
soc
68
f1,f2,first_soc,front
112.538,11.7921,100,0
time
45.88,96.1474
soc
76,43
f1,f2,first_soc,front
105.202,19.6922,100,0
time
45.88
soc
67
f1,f2,first_soc,front
104.843,20.103,100,0
time
43.16
soc
71
f1,f2,first_soc,front
104.162,20.8815,100,0
time
41.8
soc
72
f1,f2,first_soc,front
105.172,19.7265,100,0
time
41.8
soc
74
f1,f2,first_soc,front
107.369,17.2156,100,0
time
43.16
soc
76
f1,f2,first_soc,front
108.379,16.0606,100,0
time
43.16
soc
78
f1,f2,first_soc,front
104.015,21.0483,100,0
time
44.52
soc
67
f1,f2,first_soc,front
105.53,19.3158,100,0
time
44.52
soc
70
f1,f2,first_soc,front
105.025,19.8933,100,0
time
44.52
soc
69
f1,f2,first_soc,front
112.553,11.7747,100,0
time
45.88,73.067
soc
68,76
f1,f2,first_soc,front
111.263,12.7622,100,0
time
45.88
soc
79
f1,f2,first_soc,front
110.757,13.3397,100,0
time
45.88
soc
78
f1,f2,first_soc,front
112.618,11.7025,100,0
time
37.72,77.626
soc
75,62
f1,f2,first_soc,front
112.618,11.7025,100,0
time
37.72,77.626
soc
75,62
f1,f2,first_soc,front
107.222,17.3822,100,0
time
45.88
soc
71
f1,f2,first_soc,front
107.192,17.4165,100,0
time
41.8
soc
78
f1,f2,first_soc,front
108.232,16.2272,100,0
time
45.88
soc
73
f1,f2,first_soc,front
105.677,19.149,100,0
time
41.8
soc
75
f1,f2,first_soc,front
107.697,16.839,100,0
time
41.8
soc
79
f1,f2,first_soc,front
106.717,17.9597,100,0
time
45.88
soc
70
f1,f2,first_soc,front
105.172,19.7265,100,0
time
41.8
soc
74
f1,f2,first_soc,front
105.202,19.6922,100,0
time
45.88
soc
67
f1,f2,first_soc,front
112.553,11.7747,100,0
time
45.88,73.572
soc
69,76
f1,f2,first_soc,front
105.707,19.1147,100,0
time
45.88
soc
68
f1,f2,first_soc,front
107.727,16.8047,100,0
time
45.88
soc
72
f1,f2,first_soc,front
105.202,19.6922,100,0
time
45.88
soc
67
f1,f2,first_soc,front
111.263,12.7622,100,0
time
45.88
soc
79
f1,f2,first_soc,front
111.768,12.1847,100,0
time
45.88
soc
80
f1,f2,first_soc,front
105.025,19.8933,100,0
time
44.52
soc
69
f1,f2,first_soc,front
112.618,11.7025,100,0
time
37.72,77.626
soc
75,62
f1,f2,first_soc,front
105.025,19.8933,100,0
time
44.52
soc
69
f1,f2,first_soc,front
105.025,19.8933,100,0
time
44.52
soc
69
f1,f2,first_soc,front
105.025,19.8933,100,0
time
44.52
soc
69
f1,f2,first_soc,front
105.025,19.8933,100,0
time
44.52
soc
69
f1,f2,first_soc,front
104.843,20.103,100,0
time
43.16
soc
71
f1,f2,first_soc,front
104.843,20.103,100,0
time
43.16
soc
71
f1,f2,first_soc,front
105.172,19.7265,100,0
time
41.8
soc
74
f1,f2,first_soc,front
105.172,19.7265,100,0
time
41.8
soc
74
f1,f2,first_soc,front
105.172,19.7265,100,0
time
41.8
soc
74
f1,f2,first_soc,front
105.172,19.7265,100,0
time
41.8
soc
74
f1,f2,first_soc,front
105.025,19.8933,100,0
time
44.52
soc
69
f1,f2,first_soc,front
105.025,19.8933,100,0
time
44.52
soc
69
f1,f2,first_soc,front
105.025,19.8933,100,0
time
44.52
soc
69
f1,f2,first_soc,front
105.025,19.8933,100,0
time
44.52
soc
69
f1,f2,first_soc,front
105.025,19.8933,100,0
time
44.52
soc
69
f1,f2,first_soc,front
105.025,19.8933,100,0
time
44.52
soc
69
f1,f2,first_soc,front
105.025,19.8933,100,0
time
44.52
soc
69
f1,f2,first_soc,front
105.025,19.8933,100,0
time
44.52
soc
69
f1,f2,first_soc,front
105.025,19.8933,100,0
time
44.52
soc
69
f1,f2,first_soc,front
104.843,20.103,100,0
time
43.16
soc
71
f1,f2,first_soc,front
104.843,20.103,100,0
time
43.16
soc
71
f1,f2,first_soc,front
104.843,20.103,100,0
time
43.16
soc
71
f1,f2,first_soc,front
105.025,19.8933,100,0
time
44.52
soc
69
f1,f2,first_soc,front
104.843,20.103,100,0
time
43.16
soc
71
f1,f2,first_soc,front
104.843,20.103,100,0
time
43.16
soc
71
f1,f2,first_soc,front
104.843,20.103,100,0
time
43.16
soc
71
f1,f2,first_soc,front
105.025,19.8933,100,0
time
44.52
soc
69
f1,f2,first_soc,front
104.843,20.103,100,0
time
43.16
soc
71
f1,f2,first_soc,front
104.015,21.0483,100,0
time
44.52
soc
67
f1,f2,first_soc,front
104.015,21.0483,100,0
time
44.52
soc
67
f1,f2,first_soc,front
104.015,21.0483,100,0
time
44.52
soc
67
f1,f2,first_soc,front
104.015,21.0483,100,0
time
44.52
soc
67
f1,f2,first_soc,front
104.015,21.0483,100,0
time
44.52
soc
67
f1,f2,first_soc,front
104.015,21.0483,100,0
time
44.52
soc
67
f1,f2,first_soc,front
104.015,21.0483,100,0
time
44.52
soc
67
f1,f2,first_soc,front
104.015,21.0483,100,0
time
44.52
soc
67
f1,f2,first_soc,front
104.015,21.0483,100,0
time
44.52
soc
67
f1,f2,first_soc,front
104.015,21.0483,100,0
time
44.52
soc
67
f1,f2,first_soc,front
104.015,21.0483,100,0
time
44.52
soc
67
f1,f2,first_soc,front
112.765,11.563,100,0
time
45.88,74.4666
soc
60,67
f1,f2,first_soc,front
104.015,21.0483,100,0
time
44.52
soc
67
f1,f2,first_soc,front
104.015,21.0483,100,0
time
44.52
soc
67
f1,f2,first_soc,front
104.015,21.0483,100,0
time
44.52
soc
67
f1,f2,first_soc,front
104.015,21.0483,100,0
time
44.52
soc
67
f1,f2,first_soc,front
104.015,21.0483,100,0
time
44.52
soc
67
f1,f2,first_soc,front
104.015,21.0483,100,0
time
44.52
soc
67
f1,f2,first_soc,front
104.015,21.0483,100,0
time
44.52
soc
67
f1,f2,first_soc,front
104.015,21.0483,100,0
time
44.52
soc
67
f1,f2,first_soc,front
104.015,21.0483,100,0
time
44.52
soc
67
f1,f2,first_soc,front
104.015,21.0483,100,0
time
44.52
soc
67
f1,f2,first_soc,front
104.015,21.0483,100,0
time
44.52
soc
67
f1,f2,first_soc,front
104.015,21.0483,100,0
time
44.52
soc
67
f1,f2,first_soc,front
104.015,21.0483,100,0
time
44.52
soc
67
f1,f2,first_soc,front
104.015,21.0483,100,0
time
44.52
soc
67
f1,f2,first_soc,front
104.015,21.0483,100,0
time
44.52
soc
67
第79世代
f1,f2,first_soc,front
103.656,21.459,100,0
time
41.8
soc
71
f1,f2,first_soc,front
113.735,11.5601,100,0
time
44.52,96.3205
soc
76,43
f1,f2,first_soc,front
111.755,12.6872,100,0
time
45.88,74.4666
soc
60,65
f1,f2,first_soc,front
113.735,11.5601,100,0
time
44.52,96.3205
soc
76,43
f1,f2,first_soc,front
112.765,11.563,100,0
time
45.88,75.4767
soc
62,67
f1,f2,first_soc,front
103.656,21.459,100,0
time
41.8
soc
71
f1,f2,first_soc,front
104.162,20.8815,100,0
time
41.8
soc
72
f1,f2,first_soc,front
110.581,13.5409,100,0
time
44.52
soc
80
f1,f2,first_soc,front
110.076,14.1184,100,0
time
44.52
soc
79
f1,f2,first_soc,front
109.747,14.4947,100,0
time
45.88
soc
76
f1,f2,first_soc,front
112.26,12.1097,100,0
time
45.88,75.4767
soc
62,66
f1,f2,first_soc,front
111.263,12.7622,100,0
time
45.88
soc
79
f1,f2,first_soc,front
111.25,13.2647,100,0
time
45.88,74.9716
soc
61,64
f1,f2,first_soc,front
111.768,12.1847,100,0
time
45.88
soc
80
f1,f2,first_soc,front
110.252,13.9172,100,0
time
45.88
soc
77
f1,f2,first_soc,front
111.25,13.2647,100,0
time
45.88,74.9716
soc
61,64
f1,f2,first_soc,front
111.263,12.7622,100,0
time
45.88
soc
79
f1,f2,first_soc,front
111.768,12.1847,100,0
time
45.88
soc
80
f1,f2,first_soc,front
110.757,13.3397,100,0
time
45.88
soc
78
f1,f2,first_soc,front
104.52,20.4708,100,0
time
44.52
soc
68
f1,f2,first_soc,front
104.015,21.0483,100,0
time
44.52
soc
67
f1,f2,first_soc,front
109.389,14.9056,100,0
time
43.16
soc
80
f1,f2,first_soc,front
107.874,16.6381,100,0
time
43.16
soc
77
f1,f2,first_soc,front
107.045,17.5834,100,0
time
44.52
soc
73
f1,f2,first_soc,front
106.864,17.793,100,0
time
43.16
soc
75
f1,f2,first_soc,front
108.379,16.0606,100,0
time
43.16
soc
78
f1,f2,first_soc,front
107.369,17.2156,100,0
time
43.16
soc
76
f1,f2,first_soc,front
109.066,15.2734,100,0
time
44.52
soc
77
f1,f2,first_soc,front
108.884,15.4831,100,0
time
43.16
soc
79
f1,f2,first_soc,front
106.54,18.1609,100,0
time
44.52
soc
72
f1,f2,first_soc,front
105.348,19.5255,100,0
time
43.16
soc
72
f1,f2,first_soc,front
106.035,18.7383,100,0
time
44.52
soc
71
f1,f2,first_soc,front
109.571,14.6959,100,0
time
44.52
soc
78
f1,f2,first_soc,front
108.561,15.8509,100,0
time
44.52
soc
76
f1,f2,first_soc,front
108.561,15.8509,100,0
time
44.52
soc
76
f1,f2,first_soc,front
110.252,13.9172,100,0
time
45.88
soc
77
f1,f2,first_soc,front
106.212,18.5372,100,0
time
45.88
soc
69
f1,f2,first_soc,front
106.035,18.7383,100,0
time
44.52
soc
71
f1,f2,first_soc,front
110.076,14.1184,100,0
time
44.52
soc
79
f1,f2,first_soc,front
109.747,14.4947,100,0
time
45.88
soc
76
f1,f2,first_soc,front
104.697,20.2697,100,0
time
45.88
soc
66
f1,f2,first_soc,front
110.581,13.5409,100,0
time
44.52
soc
80
f1,f2,first_soc,front
109.066,15.2734,100,0
time
44.52
soc
77
f1,f2,first_soc,front
106.358,18.3705,100,0
time
43.16
soc
74
f1,f2,first_soc,front
108.055,16.4284,100,0
time
44.52
soc
75
f1,f2,first_soc,front
107.55,17.0059,100,0
time
44.52
soc
74
f1,f2,first_soc,front
105.53,19.3158,100,0
time
44.52
soc
70
f1,f2,first_soc,front
104.52,20.4708,100,0
time
44.52
soc
68
f1,f2,first_soc,front
104.015,21.0483,100,0
time
44.52
soc
67
f1,f2,first_soc,front
105.53,19.3158,100,0
time
44.52
soc
70
f1,f2,first_soc,front
105.853,18.948,100,0
time
43.16
soc
73
f1,f2,first_soc,front
106.358,18.3705,100,0
time
43.16
soc
74
f1,f2,first_soc,front
109.242,15.0722,100,0
time
45.88
soc
75
f1,f2,first_soc,front
112.391,11.9595,100,0
time
45.88,95.8371
soc
70,38
f1,f2,first_soc,front
107.697,16.839,100,0
time
41.8
soc
79
f1,f2,first_soc,front
106.687,17.994,100,0
time
41.8
soc
77
f1,f2,first_soc,front
104.162,20.8815,100,0
time
41.8
soc
72
f1,f2,first_soc,front
106.54,18.1609,100,0
time
44.52
soc
72
f1,f2,first_soc,front
107.045,17.5834,100,0
time
44.52
soc
73
f1,f2,first_soc,front
105.172,19.7265,100,0
time
41.8
soc
74
f1,f2,first_soc,front
108.202,16.2616,100,0
time
41.8
soc
80
f1,f2,first_soc,front
105.348,19.5255,100,0
time
43.16
soc
72
f1,f2,first_soc,front
104.697,20.2697,100,0
time
45.88
soc
66
f1,f2,first_soc,front
105.707,19.1147,100,0
time
45.88
soc
68
f1,f2,first_soc,front
106.212,18.5372,100,0
time
45.88
soc
69
f1,f2,first_soc,front
107.874,16.6381,100,0
time
43.16
soc
77
f1,f2,first_soc,front
108.737,15.6497,100,0
time
45.88
soc
74
f1,f2,first_soc,front
108.884,15.4831,100,0
time
43.16
soc
79
f1,f2,first_soc,front
106.864,17.793,100,0
time
43.16
soc
75
f1,f2,first_soc,front
107.369,17.2156,100,0
time
43.16
soc
76
f1,f2,first_soc,front
108.379,16.0606,100,0
time
43.16
soc
78
f1,f2,first_soc,front
107.222,17.3822,100,0
time
45.88
soc
71
f1,f2,first_soc,front
109.389,14.9056,100,0
time
43.16
soc
80
f1,f2,first_soc,front
112.618,11.7025,100,0
time
37.72,77.626
soc
75,62
f1,f2,first_soc,front
112.765,11.563,100,0
time
45.88,75.4767
soc
62,67
f1,f2,first_soc,front
112.391,11.9595,100,0
time
45.88,95.8371
soc
70,38
f1,f2,first_soc,front
110.757,13.3397,100,0
time
45.88
soc
78
f1,f2,first_soc,front
105.025,19.8933,100,0
time
44.52
soc
69
f1,f2,first_soc,front
105.853,18.948,100,0
time
43.16
soc
73
f1,f2,first_soc,front
104.843,20.103,100,0
time
43.16
soc
71
f1,f2,first_soc,front
112.26,12.1097,100,0
time
45.88,75.4767
soc
62,66
f1,f2,first_soc,front
108.737,15.6497,100,0
time
45.88
soc
74
f1,f2,first_soc,front
109.571,14.6959,100,0
time
44.52
soc
78
f1,f2,first_soc,front
104.52,20.4708,100,0
time
44.52
soc
68
f1,f2,first_soc,front
110.757,13.3397,100,0
time
45.88
soc
78
f1,f2,first_soc,front
105.677,19.149,100,0
time
41.8
soc
75
f1,f2,first_soc,front
107.192,17.4165,100,0
time
41.8
soc
78
f1,f2,first_soc,front
112.538,11.7921,100,0
time
45.88,96.1474
soc
76,43
f1,f2,first_soc,front
107.55,17.0059,100,0
time
44.52
soc
74
f1,f2,first_soc,front
109.571,14.6959,100,0
time
44.52
soc
78
f1,f2,first_soc,front
108.055,16.4284,100,0
time
44.52
soc
75
f1,f2,first_soc,front
105.025,19.8933,100,0
time
44.52
soc
69
f1,f2,first_soc,front
104.843,20.103,100,0
time
43.16
soc
71
f1,f2,first_soc,front
105.202,19.6922,100,0
time
45.88
soc
67
f1,f2,first_soc,front
108.232,16.2272,100,0
time
45.88
soc
73
f1,f2,first_soc,front
105.677,19.149,100,0
time
41.8
soc
75
f1,f2,first_soc,front
106.717,17.9597,100,0
time
45.88
soc
70
f1,f2,first_soc,front
107.727,16.8047,100,0
time
45.88
soc
72
f1,f2,first_soc,front
109.242,15.0722,100,0
time
45.88
soc
75
f1,f2,first_soc,front
108.737,15.6497,100,0
time
45.88
soc
74
f1,f2,first_soc,front
110.252,13.9172,100,0
time
45.88
soc
77
f1,f2,first_soc,front
104.52,20.4708,100,0
time
44.52
soc
68
f1,f2,first_soc,front
107.55,17.0059,100,0
time
44.52
soc
74
f1,f2,first_soc,front
104.015,21.0483,100,0
time
44.52
soc
67
f1,f2,first_soc,front
105.025,19.8933,100,0
time
44.52
soc
69
f1,f2,first_soc,front
108.055,16.4284,100,0
time
44.52
soc
75
f1,f2,first_soc,front
105.202,19.6922,100,0
time
45.88
soc
67
f1,f2,first_soc,front
106.717,17.9597,100,0
time
45.88
soc
70
f1,f2,first_soc,front
107.727,16.8047,100,0
time
45.88
soc
72
f1,f2,first_soc,front
104.843,20.103,100,0
time
43.16
soc
71
f1,f2,first_soc,front
108.232,16.2272,100,0
time
45.88
soc
73
f1,f2,first_soc,front
109.242,15.0722,100,0
time
45.88
soc
75
f1,f2,first_soc,front
112.538,11.7921,100,0
time
45.88,96.1474
soc
76,43
f1,f2,first_soc,front
105.853,18.948,100,0
time
43.16
soc
73
f1,f2,first_soc,front
104.843,20.103,100,0
time
43.16
soc
71
f1,f2,first_soc,front
104.015,21.0483,100,0
time
44.52
soc
67
f1,f2,first_soc,front
107.192,17.4165,100,0
time
41.8
soc
78
f1,f2,first_soc,front
105.025,19.8933,100,0
time
44.52
soc
69
f1,f2,first_soc,front
112.553,11.7747,100,0
time
45.88,73.067
soc
68,76
f1,f2,first_soc,front
111.755,12.6872,100,0
time
45.88,74.4666
soc
60,65
f1,f2,first_soc,front
112.618,11.7025,100,0
time
37.72,77.626
soc
75,62
f1,f2,first_soc,front
112.618,11.7025,100,0
time
37.72,77.626
soc
75,62
f1,f2,first_soc,front
107.222,17.3822,100,0
time
45.88
soc
71
f1,f2,first_soc,front
108.202,16.2616,100,0
time
41.8
soc
80
f1,f2,first_soc,front
105.172,19.7265,100,0
time
41.8
soc
74
f1,f2,first_soc,front
107.697,16.839,100,0
time
41.8
soc
79
f1,f2,first_soc,front
106.687,17.994,100,0
time
41.8
soc
77
f1,f2,first_soc,front
105.707,19.1147,100,0
time
45.88
soc
68
f1,f2,first_soc,front
107.192,17.4165,100,0
time
41.8
soc
78
f1,f2,first_soc,front
112.553,11.7747,100,0
time
45.88,73.572
soc
69,76
f1,f2,first_soc,front
106.717,17.9597,100,0
time
45.88
soc
70
f1,f2,first_soc,front
108.232,16.2272,100,0
time
45.88
soc
73
f1,f2,first_soc,front
105.202,19.6922,100,0
time
45.88
soc
67
f1,f2,first_soc,front
107.727,16.8047,100,0
time
45.88
soc
72
f1,f2,first_soc,front
112.538,11.7921,100,0
time
45.88,96.1474
soc
76,43
f1,f2,first_soc,front
104.015,21.0483,100,0
time
44.52
soc
67
f1,f2,first_soc,front
105.025,19.8933,100,0
time
44.52
soc
69
f1,f2,first_soc,front
105.025,19.8933,100,0
time
44.52
soc
69
f1,f2,first_soc,front
104.697,20.2697,100,0
time
45.88
soc
66
f1,f2,first_soc,front
104.015,21.0483,100,0
time
44.52
soc
67
f1,f2,first_soc,front
104.015,21.0483,100,0
time
44.52
soc
67
f1,f2,first_soc,front
105.025,19.8933,100,0
time
44.52
soc
69
f1,f2,first_soc,front
105.025,19.8933,100,0
time
44.52
soc
69
f1,f2,first_soc,front
104.015,21.0483,100,0
time
44.52
soc
67
f1,f2,first_soc,front
104.015,21.0483,100,0
time
44.52
soc
67
f1,f2,first_soc,front
104.015,21.0483,100,0
time
44.52
soc
67
f1,f2,first_soc,front
105.025,19.8933,100,0
time
44.52
soc
69
f1,f2,first_soc,front
104.697,20.2697,100,0
time
45.88
soc
66
f1,f2,first_soc,front
104.015,21.0483,100,0
time
44.52
soc
67
f1,f2,first_soc,front
104.697,20.2697,100,0
time
45.88
soc
66
f1,f2,first_soc,front
105.025,19.8933,100,0
time
44.52
soc
69
f1,f2,first_soc,front
105.172,19.7265,100,0
time
41.8
soc
74
f1,f2,first_soc,front
105.172,19.7265,100,0
time
41.8
soc
74
f1,f2,first_soc,front
104.015,21.0483,100,0
time
44.52
soc
67
f1,f2,first_soc,front
105.172,19.7265,100,0
time
41.8
soc
74
f1,f2,first_soc,front
104.015,21.0483,100,0
time
44.52
soc
67
f1,f2,first_soc,front
104.015,21.0483,100,0
time
44.52
soc
67
f1,f2,first_soc,front
105.172,19.7265,100,0
time
41.8
soc
74
f1,f2,first_soc,front
105.172,19.7265,100,0
time
41.8
soc
74
f1,f2,first_soc,front
104.697,20.2697,100,0
time
45.88
soc
66
f1,f2,first_soc,front
105.172,19.7265,100,0
time
41.8
soc
74
f1,f2,first_soc,front
105.172,19.7265,100,0
time
41.8
soc
74
f1,f2,first_soc,front
104.015,21.0483,100,0
time
44.52
soc
67
f1,f2,first_soc,front
105.172,19.7265,100,0
time
41.8
soc
74
f1,f2,first_soc,front
104.015,21.0483,100,0
time
44.52
soc
67
f1,f2,first_soc,front
104.015,21.0483,100,0
time
44.52
soc
67
f1,f2,first_soc,front
105.202,19.6922,100,0
time
45.88
soc
67
f1,f2,first_soc,front
105.202,19.6922,100,0
time
45.88
soc
67
f1,f2,first_soc,front
104.015,21.0483,100,0
time
44.52
soc
67
f1,f2,first_soc,front
105.025,19.8933,100,0
time
44.52
soc
69
f1,f2,first_soc,front
105.025,19.8933,100,0
time
44.52
soc
69
f1,f2,first_soc,front
105.025,19.8933,100,0
time
44.52
soc
69
f1,f2,first_soc,front
105.202,19.6922,100,0
time
45.88
soc
67
f1,f2,first_soc,front
104.843,20.103,100,0
time
43.16
soc
71
f1,f2,first_soc,front
104.015,21.0483,100,0
time
44.52
soc
67
f1,f2,first_soc,front
104.015,21.0483,100,0
time
44.52
soc
67
f1,f2,first_soc,front
104.843,20.103,100,0
time
43.16
soc
71
f1,f2,first_soc,front
104.015,21.0483,100,0
time
44.52
soc
67
f1,f2,first_soc,front
104.015,21.0483,100,0
time
44.52
soc
67
f1,f2,first_soc,front
104.843,20.103,100,0
time
43.16
soc
71
f1,f2,first_soc,front
104.843,20.103,100,0
time
43.16
soc
71
f1,f2,first_soc,front
104.843,20.103,100,0
time
43.16
soc
71
f1,f2,first_soc,front
104.843,20.103,100,0
time
43.16
soc
71
f1,f2,first_soc,front
104.843,20.103,100,0
time
43.16
soc
71
f1,f2,first_soc,front
104.015,21.0483,100,0
time
44.52
soc
67
f1,f2,first_soc,front
104.843,20.103,100,0
time
43.16
soc
71
f1,f2,first_soc,front
105.025,19.8933,100,0
time
44.52
soc
69
f1,f2,first_soc,front
104.843,20.103,100,0
time
43.16
soc
71
f1,f2,first_soc,front
104.843,20.103,100,0
time
43.16
soc
71
f1,f2,first_soc,front
104.843,20.103,100,0
time
43.16
soc
71
f1,f2,first_soc,front
104.843,20.103,100,0
time
43.16
soc
71
f1,f2,first_soc,front
104.843,20.103,100,0
time
43.16
soc
71
f1,f2,first_soc,front
104.843,20.103,100,0
time
43.16
soc
71
f1,f2,first_soc,front
104.162,20.8815,100,0
time
41.8
soc
72
f1,f2,first_soc,front
104.162,20.8815,100,0
time
41.8
soc
72
f1,f2,first_soc,front
104.843,20.103,100,0
time
43.16
soc
71
f1,f2,first_soc,front
107.045,17.5834,100,0
time
44.52
soc
73
f1,f2,first_soc,front
104.843,20.103,100,0
time
43.16
soc
71
f1,f2,first_soc,front
104.843,20.103,100,0
time
43.16
soc
71
f1,f2,first_soc,front
104.015,21.0483,100,0
time
44.52
soc
67
第80世代
f1,f2,first_soc,front
103.656,21.459,100,0
time
41.8
soc
71
f1,f2,first_soc,front
113.735,11.5601,100,0
time
44.52,96.3205
soc
76,43
f1,f2,first_soc,front
103.656,21.459,100,0
time
41.8
soc
71
f1,f2,first_soc,front
112.765,11.563,100,0
time
45.88,75.4767
soc
62,67
f1,f2,first_soc,front
111.263,12.7622,100,0
time
45.88
soc
79
f1,f2,first_soc,front
113.735,11.5601,100,0
time
44.52,96.3205
soc
76,43
f1,f2,first_soc,front
104.52,20.4708,100,0
time
44.52
soc
68
f1,f2,first_soc,front
110.581,13.5409,100,0
time
44.52
soc
80
f1,f2,first_soc,front
110.252,13.9172,100,0
time
45.88
soc
77
f1,f2,first_soc,front
109.747,14.4947,100,0
time
45.88
soc
76
f1,f2,first_soc,front
110.757,13.3397,100,0
time
45.88
soc
78
f1,f2,first_soc,front
111.755,12.6872,100,0
time
45.88,74.4666
soc
60,65
f1,f2,first_soc,front
111.768,12.1847,100,0
time
45.88
soc
80
f1,f2,first_soc,front
111.25,13.2647,100,0
time
45.88,74.9716
soc
61,64
f1,f2,first_soc,front
110.076,14.1184,100,0
time
44.52
soc
79
f1,f2,first_soc,front
104.015,21.0483,100,0
time
44.52
soc
67
f1,f2,first_soc,front
104.162,20.8815,100,0
time
41.8
soc
72
f1,f2,first_soc,front
111.25,13.2647,100,0
time
45.88,74.9716
soc
61,64
f1,f2,first_soc,front
111.755,12.6872,100,0
time
45.88,74.4666
soc
60,65
f1,f2,first_soc,front
111.768,12.1847,100,0
time
45.88
soc
80
f1,f2,first_soc,front
112.26,12.1097,100,0
time
45.88,75.4767
soc
62,66
f1,f2,first_soc,front
104.015,21.0483,100,0
time
44.52
soc
67
f1,f2,first_soc,front
104.162,20.8815,100,0
time
41.8
soc
72
f1,f2,first_soc,front
109.389,14.9056,100,0
time
43.16
soc
80
f1,f2,first_soc,front
108.379,16.0606,100,0
time
43.16
soc
78
f1,f2,first_soc,front
106.864,17.793,100,0
time
43.16
soc
75
f1,f2,first_soc,front
107.369,17.2156,100,0
time
43.16
soc
76
f1,f2,first_soc,front
108.884,15.4831,100,0
time
43.16
soc
79
f1,f2,first_soc,front
107.874,16.6381,100,0
time
43.16
soc
77
f1,f2,first_soc,front
106.358,18.3705,100,0
time
43.16
soc
74
f1,f2,first_soc,front
105.348,19.5255,100,0
time
43.16
soc
72
f1,f2,first_soc,front
106.54,18.1609,100,0
time
44.52
soc
72
f1,f2,first_soc,front
105.853,18.948,100,0
time
43.16
soc
73
f1,f2,first_soc,front
106.035,18.7383,100,0
time
44.52
soc
71
f1,f2,first_soc,front
109.571,14.6959,100,0
time
44.52
soc
78
f1,f2,first_soc,front
109.066,15.2734,100,0
time
44.52
soc
77
f1,f2,first_soc,front
109.066,15.2734,100,0
time
44.52
soc
77
f1,f2,first_soc,front
109.571,14.6959,100,0
time
44.52
soc
78
f1,f2,first_soc,front
106.035,18.7383,100,0
time
44.52
soc
71
f1,f2,first_soc,front
110.252,13.9172,100,0
time
45.88
soc
77
f1,f2,first_soc,front
110.581,13.5409,100,0
time
44.52
soc
80
f1,f2,first_soc,front
109.242,15.0722,100,0
time
45.88
soc
75
f1,f2,first_soc,front
109.747,14.4947,100,0
time
45.88
soc
76
f1,f2,first_soc,front
108.737,15.6497,100,0
time
45.88
soc
74
f1,f2,first_soc,front
108.561,15.8509,100,0
time
44.52
soc
76
f1,f2,first_soc,front
104.52,20.4708,100,0
time
44.52
soc
68
f1,f2,first_soc,front
108.055,16.4284,100,0
time
44.52
soc
75
f1,f2,first_soc,front
107.55,17.0059,100,0
time
44.52
soc
74
f1,f2,first_soc,front
105.53,19.3158,100,0
time
44.52
soc
70
f1,f2,first_soc,front
107.045,17.5834,100,0
time
44.52
soc
73
f1,f2,first_soc,front
103.656,21.459,100,0
time
41.8
soc
71
f1,f2,first_soc,front
108.055,16.4284,100,0
time
44.52
soc
75
f1,f2,first_soc,front
105.53,19.3158,100,0
time
44.52
soc
70
f1,f2,first_soc,front
106.212,18.5372,100,0
time
45.88
soc
69
f1,f2,first_soc,front
104.697,20.2697,100,0
time
45.88
soc
66
f1,f2,first_soc,front
110.076,14.1184,100,0
time
44.52
soc
79
f1,f2,first_soc,front
112.391,11.9595,100,0
time
45.88,95.8371
soc
70,38
f1,f2,first_soc,front
107.697,16.839,100,0
time
41.8
soc
79
f1,f2,first_soc,front
105.677,19.149,100,0
time
41.8
soc
75
f1,f2,first_soc,front
107.192,17.4165,100,0
time
41.8
soc
78
f1,f2,first_soc,front
108.202,16.2616,100,0
time
41.8
soc
80
f1,f2,first_soc,front
105.348,19.5255,100,0
time
43.16
soc
72
f1,f2,first_soc,front
105.202,19.6922,100,0
time
45.88
soc
67
f1,f2,first_soc,front
105.853,18.948,100,0
time
43.16
soc
73
f1,f2,first_soc,front
106.358,18.3705,100,0
time
43.16
soc
74
f1,f2,first_soc,front
106.864,17.793,100,0
time
43.16
soc
75
f1,f2,first_soc,front
108.884,15.4831,100,0
time
43.16
soc
79
f1,f2,first_soc,front
108.737,15.6497,100,0
time
45.88
soc
74
f1,f2,first_soc,front
107.874,16.6381,100,0
time
43.16
soc
77
f1,f2,first_soc,front
106.717,17.9597,100,0
time
45.88
soc
70
f1,f2,first_soc,front
109.389,14.9056,100,0
time
43.16
soc
80
f1,f2,first_soc,front
107.369,17.2156,100,0
time
43.16
soc
76
f1,f2,first_soc,front
109.242,15.0722,100,0
time
45.88
soc
75
f1,f2,first_soc,front
108.232,16.2272,100,0
time
45.88
soc
73
f1,f2,first_soc,front
108.379,16.0606,100,0
time
43.16
soc
78
f1,f2,first_soc,front
112.618,11.7025,100,0
time
37.72,77.626
soc
75,62
f1,f2,first_soc,front
112.391,11.9595,100,0
time
45.88,95.8371
soc
70,38
f1,f2,first_soc,front
105.025,19.8933,100,0
time
44.52
soc
69
f1,f2,first_soc,front
104.843,20.103,100,0
time
43.16
soc
71
f1,f2,first_soc,front
108.561,15.8509,100,0
time
44.52
soc
76
f1,f2,first_soc,front
112.26,12.1097,100,0
time
45.88,75.4767
soc
62,66
f1,f2,first_soc,front
110.076,14.1184,100,0
time
44.52
soc
79
f1,f2,first_soc,front
106.687,17.994,100,0
time
41.8
soc
77
f1,f2,first_soc,front
105.707,19.1147,100,0
time
45.88
soc
68
f1,f2,first_soc,front
112.538,11.7921,100,0
time
45.88,96.1474
soc
76,43
f1,f2,first_soc,front
108.561,15.8509,100,0
time
44.52
soc
76
f1,f2,first_soc,front
107.55,17.0059,100,0
time
44.52
soc
74
f1,f2,first_soc,front
107.045,17.5834,100,0
time
44.52
soc
73
f1,f2,first_soc,front
105.025,19.8933,100,0
time
44.52
soc
69
f1,f2,first_soc,front
104.843,20.103,100,0
time
43.16
soc
71
f1,f2,first_soc,front
107.222,17.3822,100,0
time
45.88
soc
71
f1,f2,first_soc,front
107.727,16.8047,100,0
time
45.88
soc
72
f1,f2,first_soc,front
104.697,20.2697,100,0
time
45.88
soc
66
f1,f2,first_soc,front
106.212,18.5372,100,0
time
45.88
soc
69
f1,f2,first_soc,front
110.757,13.3397,100,0
time
45.88
soc
78
f1,f2,first_soc,front
107.55,17.0059,100,0
time
44.52
soc
74
f1,f2,first_soc,front
106.54,18.1609,100,0
time
44.52
soc
72
f1,f2,first_soc,front
105.025,19.8933,100,0
time
44.52
soc
69
f1,f2,first_soc,front
105.172,19.7265,100,0
time
41.8
soc
74
f1,f2,first_soc,front
107.045,17.5834,100,0
time
44.52
soc
73
f1,f2,first_soc,front
104.843,20.103,100,0
time
43.16
soc
71
f1,f2,first_soc,front
104.697,20.2697,100,0
time
45.88
soc
66
f1,f2,first_soc,front
107.727,16.8047,100,0
time
45.88
soc
72
f1,f2,first_soc,front
106.212,18.5372,100,0
time
45.88
soc
69
f1,f2,first_soc,front
107.222,17.3822,100,0
time
45.88
soc
71
f1,f2,first_soc,front
112.26,12.1097,100,0
time
45.88,75.4767
soc
62,66
f1,f2,first_soc,front
112.538,11.7921,100,0
time
45.88,96.1474
soc
76,43
f1,f2,first_soc,front
105.707,19.1147,100,0
time
45.88
soc
68
f1,f2,first_soc,front
112.765,11.563,100,0
time
45.88,75.4767
soc
62,67
f1,f2,first_soc,front
104.843,20.103,100,0
time
43.16
soc
71
f1,f2,first_soc,front
105.025,19.8933,100,0
time
44.52
soc
69
f1,f2,first_soc,front
105.172,19.7265,100,0
time
41.8
soc
74
f1,f2,first_soc,front
104.015,21.0483,100,0
time
44.52
soc
67
f1,f2,first_soc,front
106.54,18.1609,100,0
time
44.52
soc
72
f1,f2,first_soc,front
106.687,17.994,100,0
time
41.8
soc
77
f1,f2,first_soc,front
104.162,20.8815,100,0
time
41.8
soc
72
f1,f2,first_soc,front
112.553,11.7747,100,0
time
45.88,73.067
soc
68,76
f1,f2,first_soc,front
112.618,11.7025,100,0
time
37.72,77.626
soc
75,62
f1,f2,first_soc,front
111.263,12.7622,100,0
time
45.88
soc
79
f1,f2,first_soc,front
110.757,13.3397,100,0
time
45.88
soc
78
f1,f2,first_soc,front
108.202,16.2616,100,0
time
41.8
soc
80
f1,f2,first_soc,front
107.192,17.4165,100,0
time
41.8
soc
78
f1,f2,first_soc,front
106.717,17.9597,100,0
time
45.88
soc
70
f1,f2,first_soc,front
105.677,19.149,100,0
time
41.8
soc
75
f1,f2,first_soc,front
105.172,19.7265,100,0
time
41.8
soc
74
f1,f2,first_soc,front
107.697,16.839,100,0
time
41.8
soc
79
f1,f2,first_soc,front
108.232,16.2272,100,0
time
45.88
soc
73
f1,f2,first_soc,front
106.687,17.994,100,0
time
41.8
soc
77
f1,f2,first_soc,front
105.202,19.6922,100,0
time
45.88
soc
67
f1,f2,first_soc,front
105.707,19.1147,100,0
time
45.88
soc
68
f1,f2,first_soc,front
112.553,11.7747,100,0
time
45.88,73.572
soc
69,76
f1,f2,first_soc,front
107.727,16.8047,100,0
time
45.88
soc
72
f1,f2,first_soc,front
108.232,16.2272,100,0
time
45.88
soc
73
f1,f2,first_soc,front
107.222,17.3822,100,0
time
45.88
soc
71
f1,f2,first_soc,front
105.202,19.6922,100,0
time
45.88
soc
67
f1,f2,first_soc,front
112.538,11.7921,100,0
time
45.88,96.1474
soc
76,43
f1,f2,first_soc,front
111.263,12.7622,100,0
time
45.88
soc
79
f1,f2,first_soc,front
112.765,11.563,100,0
time
45.88,75.4767
soc
62,67
f1,f2,first_soc,front
104.843,20.103,100,0
time
43.16
soc
71
f1,f2,first_soc,front
105.025,19.8933,100,0
time
44.52
soc
69
f1,f2,first_soc,front
105.025,19.8933,100,0
time
44.52
soc
69
f1,f2,first_soc,front
105.025,19.8933,100,0
time
44.52
soc
69
f1,f2,first_soc,front
105.172,19.7265,100,0
time
41.8
soc
74
f1,f2,first_soc,front
104.015,21.0483,100,0
time
44.52
soc
67
f1,f2,first_soc,front
105.172,19.7265,100,0
time
41.8
soc
74
f1,f2,first_soc,front
105.172,19.7265,100,0
time
41.8
soc
74
f1,f2,first_soc,front
105.025,19.8933,100,0
time
44.52
soc
69
f1,f2,first_soc,front
105.025,19.8933,100,0
time
44.52
soc
69
f1,f2,first_soc,front
103.656,21.459,100,0
time
41.8
soc
71
f1,f2,first_soc,front
103.656,21.459,100,0
time
41.8
soc
71
f1,f2,first_soc,front
105.025,19.8933,100,0
time
44.52
soc
69
f1,f2,first_soc,front
105.025,19.8933,100,0
time
44.52
soc
69
f1,f2,first_soc,front
105.172,19.7265,100,0
time
41.8
soc
74
f1,f2,first_soc,front
104.843,20.103,100,0
time
43.16
soc
71
f1,f2,first_soc,front
105.172,19.7265,100,0
time
41.8
soc
74
f1,f2,first_soc,front
105.025,19.8933,100,0
time
44.52
soc
69
f1,f2,first_soc,front
105.025,19.8933,100,0
time
44.52
soc
69
f1,f2,first_soc,front
104.843,20.103,100,0
time
43.16
soc
71
f1,f2,first_soc,front
104.843,20.103,100,0
time
43.16
soc
71
f1,f2,first_soc,front
105.025,19.8933,100,0
time
44.52
soc
69
f1,f2,first_soc,front
104.843,20.103,100,0
time
43.16
soc
71
f1,f2,first_soc,front
105.025,19.8933,100,0
time
44.52
soc
69
f1,f2,first_soc,front
104.843,20.103,100,0
time
43.16
soc
71
f1,f2,first_soc,front
104.843,20.103,100,0
time
43.16
soc
71
f1,f2,first_soc,front
105.025,19.8933,100,0
time
44.52
soc
69
f1,f2,first_soc,front
105.025,19.8933,100,0
time
44.52
soc
69
f1,f2,first_soc,front
103.656,21.459,100,0
time
41.8
soc
71
f1,f2,first_soc,front
104.843,20.103,100,0
time
43.16
soc
71
f1,f2,first_soc,front
105.025,19.8933,100,0
time
44.52
soc
69
f1,f2,first_soc,front
105.025,19.8933,100,0
time
44.52
soc
69
f1,f2,first_soc,front
104.015,21.0483,100,0
time
44.52
soc
67
f1,f2,first_soc,front
104.52,20.4708,100,0
time
44.52
soc
68
f1,f2,first_soc,front
104.015,21.0483,100,0
time
44.52
soc
67
f1,f2,first_soc,front
104.015,21.0483,100,0
time
44.52
soc
67
f1,f2,first_soc,front
104.52,20.4708,100,0
time
44.52
soc
68
f1,f2,first_soc,front
104.52,20.4708,100,0
time
44.52
soc
68
f1,f2,first_soc,front
104.015,21.0483,100,0
time
44.52
soc
67
f1,f2,first_soc,front
104.015,21.0483,100,0
time
44.52
soc
67
f1,f2,first_soc,front
104.162,20.8815,100,0
time
41.8
soc
72
f1,f2,first_soc,front
104.015,21.0483,100,0
time
44.52
soc
67
f1,f2,first_soc,front
104.015,21.0483,100,0
time
44.52
soc
67
f1,f2,first_soc,front
104.162,20.8815,100,0
time
41.8
soc
72
f1,f2,first_soc,front
104.162,20.8815,100,0
time
41.8
soc
72
f1,f2,first_soc,front
104.015,21.0483,100,0
time
44.52
soc
67
f1,f2,first_soc,front
104.015,21.0483,100,0
time
44.52
soc
67
f1,f2,first_soc,front
104.52,20.4708,100,0
time
44.52
soc
68
f1,f2,first_soc,front
104.015,21.0483,100,0
time
44.52
soc
67
f1,f2,first_soc,front
104.015,21.0483,100,0
time
44.52
soc
67
f1,f2,first_soc,front
104.015,21.0483,100,0
time
44.52
soc
67
f1,f2,first_soc,front
104.015,21.0483,100,0
time
44.52
soc
67
f1,f2,first_soc,front
104.015,21.0483,100,0
time
44.52
soc
67
f1,f2,first_soc,front
104.015,21.0483,100,0
time
44.52
soc
67
f1,f2,first_soc,front
104.015,21.0483,100,0
time
44.52
soc
67
f1,f2,first_soc,front
104.015,21.0483,100,0
time
44.52
soc
67
f1,f2,first_soc,front
104.015,21.0483,100,0
time
44.52
soc
67
f1,f2,first_soc,front
104.015,21.0483,100,0
time
44.52
soc
67
f1,f2,first_soc,front
104.015,21.0483,100,0
time
44.52
soc
67
f1,f2,first_soc,front
104.015,21.0483,100,0
time
44.52
soc
67
f1,f2,first_soc,front
104.015,21.0483,100,0
time
44.52
soc
67
f1,f2,first_soc,front
104.015,21.0483,100,0
time
44.52
soc
67
第81世代
f1,f2,first_soc,front
103.656,21.459,100,0
time
41.8
soc
71
f1,f2,first_soc,front
113.735,11.5601,100,0
time
44.52,96.3205
soc
76,43
f1,f2,first_soc,front
103.656,21.459,100,0
time
41.8
soc
71
f1,f2,first_soc,front
112.765,11.563,100,0
time
45.88,75.4767
soc
62,67
f1,f2,first_soc,front
111.755,12.6872,100,0
time
45.88,74.4666
soc
60,65
f1,f2,first_soc,front
113.735,11.5601,100,0
time
44.52,96.3205
soc
76,43
f1,f2,first_soc,front
109.747,14.4947,100,0
time
45.88
soc
76
f1,f2,first_soc,front
110.252,13.9172,100,0
time
45.88
soc
77
f1,f2,first_soc,front
111.263,12.7622,100,0
time
45.88
soc
79
f1,f2,first_soc,front
112.26,12.1097,100,0
time
45.88,75.4767
soc
62,66
f1,f2,first_soc,front
111.768,12.1847,100,0
time
45.88
soc
80
f1,f2,first_soc,front
110.757,13.3397,100,0
time
45.88
soc
78
f1,f2,first_soc,front
104.52,20.4708,100,0
time
44.52
soc
68
f1,f2,first_soc,front
110.076,14.1184,100,0
time
44.52
soc
79
f1,f2,first_soc,front
110.581,13.5409,100,0
time
44.52
soc
80
f1,f2,first_soc,front
104.162,20.8815,100,0
time
41.8
soc
72
f1,f2,first_soc,front
111.263,12.7622,100,0
time
45.88
soc
79
f1,f2,first_soc,front
111.768,12.1847,100,0
time
45.88
soc
80
f1,f2,first_soc,front
111.25,13.2647,100,0
time
45.88,74.9716
soc
61,64
f1,f2,first_soc,front
111.25,13.2647,100,0
time
45.88,74.9716
soc
61,64
f1,f2,first_soc,front
104.162,20.8815,100,0
time
41.8
soc
72
f1,f2,first_soc,front
104.52,20.4708,100,0
time
44.52
soc
68
f1,f2,first_soc,front
104.015,21.0483,100,0
time
44.52
soc
67
f1,f2,first_soc,front
109.571,14.6959,100,0
time
44.52
soc
78
f1,f2,first_soc,front
109.389,14.9056,100,0
time
43.16
soc
80
f1,f2,first_soc,front
107.874,16.6381,100,0
time
43.16
soc
77
f1,f2,first_soc,front
107.369,17.2156,100,0
time
43.16
soc
76
f1,f2,first_soc,front
108.379,16.0606,100,0
time
43.16
soc
78
f1,f2,first_soc,front
107.045,17.5834,100,0
time
44.52
soc
73
f1,f2,first_soc,front
108.884,15.4831,100,0
time
43.16
soc
79
f1,f2,first_soc,front
109.066,15.2734,100,0
time
44.52
soc
77
f1,f2,first_soc,front
105.348,19.5255,100,0
time
43.16
soc
72
f1,f2,first_soc,front
105.53,19.3158,100,0
time
44.52
soc
70
f1,f2,first_soc,front
106.54,18.1609,100,0
time
44.52
soc
72
f1,f2,first_soc,front
105.853,18.948,100,0
time
43.16
soc
73
f1,f2,first_soc,front
108.561,15.8509,100,0
time
44.52
soc
76
f1,f2,first_soc,front
110.581,13.5409,100,0
time
44.52
soc
80
f1,f2,first_soc,front
106.182,18.5715,100,0
time
41.8
soc
76
f1,f2,first_soc,front
109.066,15.2734,100,0
time
44.52
soc
77
f1,f2,first_soc,front
110.757,13.3397,100,0
time
45.88
soc
78
f1,f2,first_soc,front
108.737,15.6497,100,0
time
45.88
soc
74
f1,f2,first_soc,front
110.252,13.9172,100,0
time
45.88
soc
77
f1,f2,first_soc,front
109.571,14.6959,100,0
time
44.52
soc
78
f1,f2,first_soc,front
109.747,14.4947,100,0
time
45.88
soc
76
f1,f2,first_soc,front
104.697,20.2697,100,0
time
45.88
soc
66
f1,f2,first_soc,front
106.358,18.3705,100,0
time
43.16
soc
74
f1,f2,first_soc,front
108.055,16.4284,100,0
time
44.52
soc
75
f1,f2,first_soc,front
107.55,17.0059,100,0
time
44.52
soc
74
f1,f2,first_soc,front
106.864,17.793,100,0
time
43.16
soc
75
f1,f2,first_soc,front
103.656,21.459,100,0
time
41.8
soc
71
f1,f2,first_soc,front
104.015,21.0483,100,0
time
44.52
soc
67
f1,f2,first_soc,front
106.864,17.793,100,0
time
43.16
soc
75
f1,f2,first_soc,front
109.242,15.0722,100,0
time
45.88
soc
75
f1,f2,first_soc,front
109.242,15.0722,100,0
time
45.88
soc
75
f1,f2,first_soc,front
110.076,14.1184,100,0
time
44.52
soc
79
f1,f2,first_soc,front
112.538,11.7921,100,0
time
45.88,96.1474
soc
76,43
f1,f2,first_soc,front
105.53,19.3158,100,0
time
44.52
soc
70
f1,f2,first_soc,front
105.677,19.149,100,0
time
41.8
soc
75
f1,f2,first_soc,front
106.687,17.994,100,0
time
41.8
soc
77
f1,f2,first_soc,front
106.54,18.1609,100,0
time
44.52
soc
72
f1,f2,first_soc,front
107.697,16.839,100,0
time
41.8
soc
79
f1,f2,first_soc,front
106.035,18.7383,100,0
time
44.52
soc
71
f1,f2,first_soc,front
107.045,17.5834,100,0
time
44.52
soc
73
f1,f2,first_soc,front
108.202,16.2616,100,0
time
41.8
soc
80
f1,f2,first_soc,front
105.348,19.5255,100,0
time
43.16
soc
72
f1,f2,first_soc,front
104.697,20.2697,100,0
time
45.88
soc
66
f1,f2,first_soc,front
106.212,18.5372,100,0
time
45.88
soc
69
f1,f2,first_soc,front
105.853,18.948,100,0
time
43.16
soc
73
f1,f2,first_soc,front
108.737,15.6497,100,0
time
45.88
soc
74
f1,f2,first_soc,front
107.874,16.6381,100,0
time
43.16
soc
77
f1,f2,first_soc,front
107.222,17.3822,100,0
time
45.88
soc
71
f1,f2,first_soc,front
107.369,17.2156,100,0
time
43.16
soc
76
f1,f2,first_soc,front
108.379,16.0606,100,0
time
43.16
soc
78
f1,f2,first_soc,front
109.389,14.9056,100,0
time
43.16
soc
80
f1,f2,first_soc,front
112.391,11.9595,100,0
time
45.88,95.8371
soc
70,38
f1,f2,first_soc,front
112.391,11.9595,100,0
time
45.88,95.8371
soc
70,38
f1,f2,first_soc,front
112.618,11.7025,100,0
time
37.72,77.626
soc
75,62
f1,f2,first_soc,front
112.26,12.1097,100,0
time
45.88,75.4767
soc
62,66
f1,f2,first_soc,front
106.035,18.7383,100,0
time
44.52
soc
71
f1,f2,first_soc,front
104.843,20.103,100,0
time
43.16
soc
71
f1,f2,first_soc,front
105.025,19.8933,100,0
time
44.52
soc
69
f1,f2,first_soc,front
108.561,15.8509,100,0
time
44.52
soc
76
f1,f2,first_soc,front
110.076,14.1184,100,0
time
44.52
soc
79
f1,f2,first_soc,front
105.172,19.7265,100,0
time
41.8
soc
74
f1,f2,first_soc,front
105.202,19.6922,100,0
time
45.88
soc
67
f1,f2,first_soc,front
107.55,17.0059,100,0
time
44.52
soc
74
f1,f2,first_soc,front
108.055,16.4284,100,0
time
44.52
soc
75
f1,f2,first_soc,front
108.561,15.8509,100,0
time
44.52
soc
76
f1,f2,first_soc,front
105.025,19.8933,100,0
time
44.52
soc
69
f1,f2,first_soc,front
106.035,18.7383,100,0
time
44.52
soc
71
f1,f2,first_soc,front
106.358,18.3705,100,0
time
43.16
soc
74
f1,f2,first_soc,front
104.843,20.103,100,0
time
43.16
soc
71
f1,f2,first_soc,front
105.707,19.1147,100,0
time
45.88
soc
68
f1,f2,first_soc,front
108.232,16.2272,100,0
time
45.88
soc
73
f1,f2,first_soc,front
107.727,16.8047,100,0
time
45.88
soc
72
f1,f2,first_soc,front
104.52,20.4708,100,0
time
44.52
soc
68
f1,f2,first_soc,front
110.581,13.5409,100,0
time
44.52
soc
80
f1,f2,first_soc,front
107.55,17.0059,100,0
time
44.52
soc
74
f1,f2,first_soc,front
104.015,21.0483,100,0
time
44.52
soc
67
f1,f2,first_soc,front
107.192,17.4165,100,0
time
41.8
soc
78
f1,f2,first_soc,front
105.025,19.8933,100,0
time
44.52
soc
69
f1,f2,first_soc,front
108.055,16.4284,100,0
time
44.52
soc
75
f1,f2,first_soc,front
108.884,15.4831,100,0
time
43.16
soc
79
f1,f2,first_soc,front
104.843,20.103,100,0
time
43.16
soc
71
f1,f2,first_soc,front
106.717,17.9597,100,0
time
45.88
soc
70
f1,f2,first_soc,front
107.727,16.8047,100,0
time
45.88
soc
72
f1,f2,first_soc,front
108.232,16.2272,100,0
time
45.88
soc
73
f1,f2,first_soc,front
105.707,19.1147,100,0
time
45.88
soc
68
f1,f2,first_soc,front
106.358,18.3705,100,0
time
43.16
soc
74
f1,f2,first_soc,front
112.765,11.563,100,0
time
45.88,75.4767
soc
62,67
f1,f2,first_soc,front
105.202,19.6922,100,0
time
45.88
soc
67
f1,f2,first_soc,front
104.843,20.103,100,0
time
43.16
soc
71
f1,f2,first_soc,front
107.192,17.4165,100,0
time
41.8
soc
78
f1,f2,first_soc,front
104.015,21.0483,100,0
time
44.52
soc
67
f1,f2,first_soc,front
104.162,20.8815,100,0
time
41.8
soc
72
f1,f2,first_soc,front
105.025,19.8933,100,0
time
44.52
soc
69
f1,f2,first_soc,front
108.884,15.4831,100,0
time
43.16
soc
79
f1,f2,first_soc,front
105.172,19.7265,100,0
time
41.8
soc
74
f1,f2,first_soc,front
106.717,17.9597,100,0
time
45.88
soc
70
f1,f2,first_soc,front
112.618,11.7025,100,0
time
37.72,77.626
soc
75,62
f1,f2,first_soc,front
111.755,12.6872,100,0
time
45.88,74.4666
soc
60,65
f1,f2,first_soc,front
111.25,13.2647,100,0
time
45.88,74.9716
soc
61,64
f1,f2,first_soc,front
112.553,11.7747,100,0
time
45.88,73.067
soc
68,76
f1,f2,first_soc,front
112.553,11.7747,100,0
time
45.88,73.067
soc
68,76
f1,f2,first_soc,front
106.212,18.5372,100,0
time
45.88
soc
69
f1,f2,first_soc,front
107.222,17.3822,100,0
time
45.88
soc
71
f1,f2,first_soc,front
108.202,16.2616,100,0
time
41.8
soc
80
f1,f2,first_soc,front
107.192,17.4165,100,0
time
41.8
soc
78
f1,f2,first_soc,front
107.697,16.839,100,0
time
41.8
soc
79
f1,f2,first_soc,front
106.687,17.994,100,0
time
41.8
soc
77
f1,f2,first_soc,front
105.677,19.149,100,0
time
41.8
soc
75
f1,f2,first_soc,front
106.717,17.9597,100,0
time
45.88
soc
70
f1,f2,first_soc,front
105.172,19.7265,100,0
time
41.8
soc
74
f1,f2,first_soc,front
105.202,19.6922,100,0
time
45.88
soc
67
f1,f2,first_soc,front
112.538,11.7921,100,0
time
45.88,96.1474
soc
76,43
f1,f2,first_soc,front
108.232,16.2272,100,0
time
45.88
soc
73
f1,f2,first_soc,front
107.727,16.8047,100,0
time
45.88
soc
72
f1,f2,first_soc,front
105.707,19.1147,100,0
time
45.88
soc
68
f1,f2,first_soc,front
112.553,11.7747,100,0
time
45.88,73.572
soc
69,76
f1,f2,first_soc,front
112.765,11.563,100,0
time
45.88,75.4767
soc
62,67
f1,f2,first_soc,front
104.843,20.103,100,0
time
43.16
soc
71
f1,f2,first_soc,front
104.843,20.103,100,0
time
43.16
soc
71
f1,f2,first_soc,front
104.843,20.103,100,0
time
43.16
soc
71
f1,f2,first_soc,front
104.843,20.103,100,0
time
43.16
soc
71
f1,f2,first_soc,front
104.843,20.103,100,0
time
43.16
soc
71
f1,f2,first_soc,front
112.391,11.9595,100,0
time
45.88,95.8371
soc
70,38
f1,f2,first_soc,front
104.843,20.103,100,0
time
43.16
soc
71
f1,f2,first_soc,front
104.843,20.103,100,0
time
43.16
soc
71
f1,f2,first_soc,front
112.391,11.9595,100,0
time
45.88,95.8371
soc
70,38
f1,f2,first_soc,front
104.843,20.103,100,0
time
43.16
soc
71
f1,f2,first_soc,front
104.843,20.103,100,0
time
43.16
soc
71
f1,f2,first_soc,front
104.843,20.103,100,0
time
43.16
soc
71
f1,f2,first_soc,front
104.843,20.103,100,0
time
43.16
soc
71
f1,f2,first_soc,front
104.843,20.103,100,0
time
43.16
soc
71
f1,f2,first_soc,front
112.538,11.7921,100,0
time
45.88,96.1474
soc
76,43
f1,f2,first_soc,front
112.538,11.7921,100,0
time
45.88,96.1474
soc
76,43
f1,f2,first_soc,front
104.697,20.2697,100,0
time
45.88
soc
66
f1,f2,first_soc,front
104.697,20.2697,100,0
time
45.88
soc
66
f1,f2,first_soc,front
112.538,11.7921,100,0
time
45.88,96.1474
soc
76,43
f1,f2,first_soc,front
104.52,20.4708,100,0
time
44.52
soc
68
f1,f2,first_soc,front
104.52,20.4708,100,0
time
44.52
soc
68
f1,f2,first_soc,front
104.52,20.4708,100,0
time
44.52
soc
68
f1,f2,first_soc,front
104.52,20.4708,100,0
time
44.52
soc
68
f1,f2,first_soc,front
105.025,19.8933,100,0
time
44.52
soc
69
f1,f2,first_soc,front
105.025,19.8933,100,0
time
44.52
soc
69
f1,f2,first_soc,front
105.025,19.8933,100,0
time
44.52
soc
69
f1,f2,first_soc,front
105.025,19.8933,100,0
time
44.52
soc
69
f1,f2,first_soc,front
105.025,19.8933,100,0
time
44.52
soc
69
f1,f2,first_soc,front
111.768,12.1847,100,0
time
45.88
soc
80
f1,f2,first_soc,front
105.025,19.8933,100,0
time
44.52
soc
69
f1,f2,first_soc,front
105.025,19.8933,100,0
time
44.52
soc
69
f1,f2,first_soc,front
112.26,12.1097,100,0
time
45.88,75.4767
soc
62,66
f1,f2,first_soc,front
105.025,19.8933,100,0
time
44.52
soc
69
f1,f2,first_soc,front
105.025,19.8933,100,0
time
44.52
soc
69
f1,f2,first_soc,front
105.025,19.8933,100,0
time
44.52
soc
69
f1,f2,first_soc,front
105.025,19.8933,100,0
time
44.52
soc
69
f1,f2,first_soc,front
104.843,20.103,100,0
time
43.16
soc
71
f1,f2,first_soc,front
105.025,19.8933,100,0
time
44.52
soc
69
f1,f2,first_soc,front
105.025,19.8933,100,0
time
44.52
soc
69
f1,f2,first_soc,front
105.025,19.8933,100,0
time
44.52
soc
69
f1,f2,first_soc,front
112.26,12.1097,100,0
time
45.88,75.4767
soc
62,66
f1,f2,first_soc,front
112.26,12.1097,100,0
time
45.88,75.4767
soc
62,66
f1,f2,first_soc,front
104.843,20.103,100,0
time
43.16
soc
71
f1,f2,first_soc,front
104.843,20.103,100,0
time
43.16
soc
71
f1,f2,first_soc,front
104.843,20.103,100,0
time
43.16
soc
71
f1,f2,first_soc,front
104.843,20.103,100,0
time
43.16
soc
71
f1,f2,first_soc,front
104.52,20.4708,100,0
time
44.52
soc
68
f1,f2,first_soc,front
104.843,20.103,100,0
time
43.16
soc
71
f1,f2,first_soc,front
104.843,20.103,100,0
time
43.16
soc
71
f1,f2,first_soc,front
104.015,21.0483,100,0
time
44.52
soc
67
f1,f2,first_soc,front
104.015,21.0483,100,0
time
44.52
soc
67
f1,f2,first_soc,front
112.765,11.563,100,0
time
45.88,75.4767
soc
62,67
f1,f2,first_soc,front
104.015,21.0483,100,0
time
44.52
soc
67
f1,f2,first_soc,front
112.765,11.563,100,0
time
45.88,75.4767
soc
62,67
f1,f2,first_soc,front
104.015,21.0483,100,0
time
44.52
soc
67
f1,f2,first_soc,front
104.015,21.0483,100,0
time
44.52
soc
67
f1,f2,first_soc,front
104.015,21.0483,100,0
time
44.52
soc
67
f1,f2,first_soc,front
104.015,21.0483,100,0
time
44.52
soc
67
f1,f2,first_soc,front
104.015,21.0483,100,0
time
44.52
soc
67
f1,f2,first_soc,front
104.015,21.0483,100,0
time
44.52
soc
67
第82世代
f1,f2,first_soc,front
103.656,21.459,100,0
time
41.8
soc
71
f1,f2,first_soc,front
103.656,21.459,100,0
time
41.8
soc
71
f1,f2,first_soc,front
113.735,11.5601,100,0
time
44.52,96.3205
soc
76,43
f1,f2,first_soc,front
112.765,11.563,100,0
time
45.88,75.4767
soc
62,67
f1,f2,first_soc,front
111.263,12.7622,100,0
time
45.88
soc
79
f1,f2,first_soc,front
111.768,12.1847,100,0
time
45.88
soc
80
f1,f2,first_soc,front
113.735,11.5601,100,0
time
44.52,96.3205
soc
76,43
f1,f2,first_soc,front
110.581,13.5409,100,0
time
44.52
soc
80
f1,f2,first_soc,front
110.076,14.1184,100,0
time
44.52
soc
79
f1,f2,first_soc,front
111.755,12.6872,100,0
time
45.88,75.9817
soc
63,65
f1,f2,first_soc,front
112.26,12.1097,100,0
time
45.88,75.4767
soc
62,66
f1,f2,first_soc,front
111.25,13.2647,100,0
time
45.88,74.9716
soc
61,64
f1,f2,first_soc,front
110.757,13.3397,100,0
time
45.88
soc
78
f1,f2,first_soc,front
104.015,21.0483,100,0
time
44.52
soc
67
f1,f2,first_soc,front
104.52,20.4708,100,0
time
44.52
soc
68
f1,f2,first_soc,front
109.747,14.4947,100,0
time
45.88
soc
76
f1,f2,first_soc,front
110.252,13.9172,100,0
time
45.88
soc
77
f1,f2,first_soc,front
104.162,20.8815,100,0
time
41.8
soc
72
f1,f2,first_soc,front
111.25,13.2647,100,0
time
45.88,74.9716
soc
61,64
f1,f2,first_soc,front
111.755,12.6872,100,0
time
45.88,74.4666
soc
60,65
f1,f2,first_soc,front
104.52,20.4708,100,0
time
44.52
soc
68
f1,f2,first_soc,front
104.162,20.8815,100,0
time
41.8
soc
72
f1,f2,first_soc,front
109.571,14.6959,100,0
time
44.52
soc
78
f1,f2,first_soc,front
108.055,16.4284,100,0
time
44.52
soc
75
f1,f2,first_soc,front
108.379,16.0606,100,0
time
43.16
soc
78
f1,f2,first_soc,front
109.066,15.2734,100,0
time
44.52
soc
77
f1,f2,first_soc,front
107.55,17.0059,100,0
time
44.52
soc
74
f1,f2,first_soc,front
106.864,17.793,100,0
time
43.16
soc
75
f1,f2,first_soc,front
107.045,17.5834,100,0
time
44.52
soc
73
f1,f2,first_soc,front
105.853,18.948,100,0
time
43.16
soc
73
f1,f2,first_soc,front
106.54,18.1609,100,0
time
44.52
soc
72
f1,f2,first_soc,front
105.53,19.3158,100,0
time
44.52
soc
70
f1,f2,first_soc,front
108.561,15.8509,100,0
time
44.52
soc
76
f1,f2,first_soc,front
110.252,13.9172,100,0
time
45.88
soc
77
f1,f2,first_soc,front
109.066,15.2734,100,0
time
44.52
soc
77
f1,f2,first_soc,front
109.571,14.6959,100,0
time
44.52
soc
78
f1,f2,first_soc,front
110.581,13.5409,100,0
time
44.52
soc
80
f1,f2,first_soc,front
109.242,15.0722,100,0
time
45.88
soc
75
f1,f2,first_soc,front
108.737,15.6497,100,0
time
45.88
soc
74
f1,f2,first_soc,front
110.076,14.1184,100,0
time
44.52
soc
79
f1,f2,first_soc,front
109.389,14.9056,100,0
time
43.16
soc
80
f1,f2,first_soc,front
108.884,15.4831,100,0
time
43.16
soc
79
f1,f2,first_soc,front
106.035,18.7383,100,0
time
44.52
soc
71
f1,f2,first_soc,front
103.656,21.459,100,0
time
41.8
soc
71
f1,f2,first_soc,front
104.015,21.0483,100,0
time
44.52
soc
67
f1,f2,first_soc,front
107.874,16.6381,100,0
time
43.16
soc
77
f1,f2,first_soc,front
109.389,14.9056,100,0
time
43.16
soc
80
f1,f2,first_soc,front
107.369,17.2156,100,0
time
43.16
soc
76
f1,f2,first_soc,front
104.697,20.2697,100,0
time
45.88
soc
66
f1,f2,first_soc,front
109.747,14.4947,100,0
time
45.88
soc
76
f1,f2,first_soc,front
112.538,11.7921,100,0
time
45.88,96.1474
soc
76,43
f1,f2,first_soc,front
106.182,18.5715,100,0
time
41.8
soc
76
f1,f2,first_soc,front
107.55,17.0059,100,0
time
44.52
soc
74
f1,f2,first_soc,front
105.677,19.149,100,0
time
41.8
soc
75
f1,f2,first_soc,front
105.53,19.3158,100,0
time
44.52
soc
70
f1,f2,first_soc,front
106.54,18.1609,100,0
time
44.52
soc
72
f1,f2,first_soc,front
108.055,16.4284,100,0
time
44.52
soc
75
f1,f2,first_soc,front
105.202,19.6922,100,0
time
45.88
soc
67
f1,f2,first_soc,front
106.212,18.5372,100,0
time
45.88
soc
69
f1,f2,first_soc,front
105.853,18.948,100,0
time
43.16
soc
73
f1,f2,first_soc,front
107.727,16.8047,100,0
time
45.88
soc
72
f1,f2,first_soc,front
106.717,17.9597,100,0
time
45.88
soc
70
f1,f2,first_soc,front
106.864,17.793,100,0
time
43.16
soc
75
f1,f2,first_soc,front
108.737,15.6497,100,0
time
45.88
soc
74
f1,f2,first_soc,front
109.242,15.0722,100,0
time
45.88
soc
75
f1,f2,first_soc,front
107.222,17.3822,100,0
time
45.88
soc
71
f1,f2,first_soc,front
108.232,16.2272,100,0
time
45.88
soc
73
f1,f2,first_soc,front
108.379,16.0606,100,0
time
43.16
soc
78
f1,f2,first_soc,front
112.391,11.9595,100,0
time
45.88,95.8371
soc
70,38
f1,f2,first_soc,front
112.618,11.7025,100,0
time
37.72,77.626
soc
75,62
f1,f2,first_soc,front
112.26,12.1097,100,0
time
45.88,75.4767
soc
62,66
f1,f2,first_soc,front
104.843,20.103,100,0
time
43.16
soc
71
f1,f2,first_soc,front
107.874,16.6381,100,0
time
43.16
soc
77
f1,f2,first_soc,front
105.025,19.8933,100,0
time
44.52
soc
69
f1,f2,first_soc,front
107.369,17.2156,100,0
time
43.16
soc
76
f1,f2,first_soc,front
106.358,18.3705,100,0
time
43.16
soc
74
f1,f2,first_soc,front
105.348,19.5255,100,0
time
43.16
soc
72
f1,f2,first_soc,front
108.561,15.8509,100,0
time
44.52
soc
76
f1,f2,first_soc,front
109.747,14.4947,100,0
time
45.88
soc
76
f1,f2,first_soc,front
110.757,13.3397,100,0
time
45.88
soc
78
f1,f2,first_soc,front
107.192,17.4165,100,0
time
41.8
soc
78
f1,f2,first_soc,front
108.202,16.2616,100,0
time
41.8
soc
80
f1,f2,first_soc,front
108.561,15.8509,100,0
time
44.52
soc
76
f1,f2,first_soc,front
108.884,15.4831,100,0
time
43.16
soc
79
f1,f2,first_soc,front
104.843,20.103,100,0
time
43.16
soc
71
f1,f2,first_soc,front
106.358,18.3705,100,0
time
43.16
soc
74
f1,f2,first_soc,front
105.348,19.5255,100,0
time
43.16
soc
72
f1,f2,first_soc,front
105.025,19.8933,100,0
time
44.52
soc
69
f1,f2,first_soc,front
106.035,18.7383,100,0
time
44.52
soc
71
f1,f2,first_soc,front
105.707,19.1147,100,0
time
45.88
soc
68
f1,f2,first_soc,front
108.202,16.2616,100,0
time
41.8
soc
80
f1,f2,first_soc,front
110.757,13.3397,100,0
time
45.88
soc
78
f1,f2,first_soc,front
104.697,20.2697,100,0
time
45.88
soc
66
f1,f2,first_soc,front
110.252,13.9172,100,0
time
45.88
soc
77
f1,f2,first_soc,front
104.52,20.4708,100,0
time
44.52
soc
68
f1,f2,first_soc,front
112.391,11.9595,100,0
time
45.88,95.8371
soc
70,38
f1,f2,first_soc,front
106.035,18.7383,100,0
time
44.52
soc
71
f1,f2,first_soc,front
107.697,16.839,100,0
time
41.8
soc
79
f1,f2,first_soc,front
104.015,21.0483,100,0
time
44.52
soc
67
f1,f2,first_soc,front
106.687,17.994,100,0
time
41.8
soc
77
f1,f2,first_soc,front
105.025,19.8933,100,0
time
44.52
soc
69
f1,f2,first_soc,front
105.172,19.7265,100,0
time
41.8
soc
74
f1,f2,first_soc,front
107.045,17.5834,100,0
time
44.52
soc
73
f1,f2,first_soc,front
108.884,15.4831,100,0
time
43.16
soc
79
f1,f2,first_soc,front
105.348,19.5255,100,0
time
43.16
soc
72
f1,f2,first_soc,front
104.843,20.103,100,0
time
43.16
soc
71
f1,f2,first_soc,front
104.697,20.2697,100,0
time
45.88
soc
66
f1,f2,first_soc,front
105.707,19.1147,100,0
time
45.88
soc
68
f1,f2,first_soc,front
106.358,18.3705,100,0
time
43.16
soc
74
f1,f2,first_soc,front
105.348,19.5255,100,0
time
43.16
soc
72
f1,f2,first_soc,front
106.358,18.3705,100,0
time
43.16
soc
74
f1,f2,first_soc,front
104.843,20.103,100,0
time
43.16
soc
71
f1,f2,first_soc,front
112.765,11.563,100,0
time
45.88,75.4767
soc
62,67
f1,f2,first_soc,front
106.687,17.994,100,0
time
41.8
soc
77
f1,f2,first_soc,front
105.025,19.8933,100,0
time
44.52
soc
69
f1,f2,first_soc,front
107.369,17.2156,100,0
time
43.16
soc
76
f1,f2,first_soc,front
107.697,16.839,100,0
time
41.8
soc
79
f1,f2,first_soc,front
104.162,20.8815,100,0
time
41.8
soc
72
f1,f2,first_soc,front
105.172,19.7265,100,0
time
41.8
soc
74
f1,f2,first_soc,front
107.192,17.4165,100,0
time
41.8
soc
78
f1,f2,first_soc,front
107.874,16.6381,100,0
time
43.16
soc
77
f1,f2,first_soc,front
107.045,17.5834,100,0
time
44.52
soc
73
f1,f2,first_soc,front
112.618,11.7025,100,0
time
37.72,77.626
soc
75,62
f1,f2,first_soc,front
112.391,11.9595,100,0
time
45.88,95.8371
soc
70,38
f1,f2,first_soc,front
111.768,12.1847,100,0
time
45.88
soc
80
f1,f2,first_soc,front
112.553,11.7747,100,0
time
45.88,73.067
soc
68,76
f1,f2,first_soc,front
111.263,12.7622,100,0
time
45.88
soc
79
f1,f2,first_soc,front
112.553,11.7747,100,0
time
45.88,73.572
soc
69,76
f1,f2,first_soc,front
106.182,18.5715,100,0
time
41.8
soc
76
f1,f2,first_soc,front
106.212,18.5372,100,0
time
45.88
soc
69
f1,f2,first_soc,front
108.232,16.2272,100,0
time
45.88
soc
73
f1,f2,first_soc,front
107.222,17.3822,100,0
time
45.88
soc
71
f1,f2,first_soc,front
107.697,16.839,100,0
time
41.8
soc
79
f1,f2,first_soc,front
107.727,16.8047,100,0
time
45.88
soc
72
f1,f2,first_soc,front
106.717,17.9597,100,0
time
45.88
soc
70
f1,f2,first_soc,front
106.687,17.994,100,0
time
41.8
soc
77
f1,f2,first_soc,front
105.172,19.7265,100,0
time
41.8
soc
74
f1,f2,first_soc,front
105.202,19.6922,100,0
time
45.88
soc
67
f1,f2,first_soc,front
105.677,19.149,100,0
time
41.8
soc
75
f1,f2,first_soc,front
107.192,17.4165,100,0
time
41.8
soc
78
f1,f2,first_soc,front
112.538,11.7921,100,0
time
45.88,96.1474
soc
76,43
f1,f2,first_soc,front
105.707,19.1147,100,0
time
45.88
soc
68
f1,f2,first_soc,front
112.553,11.7747,100,0
time
45.88,73.067
soc
68,76
f1,f2,first_soc,front
111.263,12.7622,100,0
time
45.88
soc
79
f1,f2,first_soc,front
112.765,11.563,100,0
time
45.88,75.4767
soc
62,67
f1,f2,first_soc,front
105.025,19.8933,100,0
time
44.52
soc
69
f1,f2,first_soc,front
105.025,19.8933,100,0
time
44.52
soc
69
f1,f2,first_soc,front
105.025,19.8933,100,0
time
44.52
soc
69
f1,f2,first_soc,front
104.843,20.103,100,0
time
43.16
soc
71
f1,f2,first_soc,front
105.348,19.5255,100,0
time
43.16
soc
72
f1,f2,first_soc,front
105.348,19.5255,100,0
time
43.16
soc
72
f1,f2,first_soc,front
105.202,19.6922,100,0
time
45.88
soc
67
f1,f2,first_soc,front
105.202,19.6922,100,0
time
45.88
soc
67
f1,f2,first_soc,front
105.202,19.6922,100,0
time
45.88
soc
67
f1,f2,first_soc,front
105.172,19.7265,100,0
time
41.8
soc
74
f1,f2,first_soc,front
105.172,19.7265,100,0
time
41.8
soc
74
f1,f2,first_soc,front
105.172,19.7265,100,0
time
41.8
soc
74
f1,f2,first_soc,front
105.025,19.8933,100,0
time
44.52
soc
69
f1,f2,first_soc,front
105.025,19.8933,100,0
time
44.52
soc
69
f1,f2,first_soc,front
105.025,19.8933,100,0
time
44.52
soc
69
f1,f2,first_soc,front
105.025,19.8933,100,0
time
44.52
soc
69
f1,f2,first_soc,front
105.025,19.8933,100,0
time
44.52
soc
69
f1,f2,first_soc,front
105.025,19.8933,100,0
time
44.52
soc
69
f1,f2,first_soc,front
105.025,19.8933,100,0
time
44.52
soc
69
f1,f2,first_soc,front
105.025,19.8933,100,0
time
44.52
soc
69
f1,f2,first_soc,front
105.025,19.8933,100,0
time
44.52
soc
69
f1,f2,first_soc,front
105.025,19.8933,100,0
time
44.52
soc
69
f1,f2,first_soc,front
105.025,19.8933,100,0
time
44.52
soc
69
f1,f2,first_soc,front
104.52,20.4708,100,0
time
44.52
soc
68
f1,f2,first_soc,front
104.162,20.8815,100,0
time
41.8
soc
72
f1,f2,first_soc,front
104.162,20.8815,100,0
time
41.8
soc
72
f1,f2,first_soc,front
104.162,20.8815,100,0
time
41.8
soc
72
f1,f2,first_soc,front
112.765,11.563,100,0
time
45.88,75.4767
soc
62,67
f1,f2,first_soc,front
104.52,20.4708,100,0
time
44.52
soc
68
f1,f2,first_soc,front
104.52,20.4708,100,0
time
44.52
soc
68
f1,f2,first_soc,front
104.52,20.4708,100,0
time
44.52
soc
68
f1,f2,first_soc,front
104.52,20.4708,100,0
time
44.52
soc
68
f1,f2,first_soc,front
104.015,21.0483,100,0
time
44.52
soc
67
f1,f2,first_soc,front
104.52,20.4708,100,0
time
44.52
soc
68
f1,f2,first_soc,front
104.52,20.4708,100,0
time
44.52
soc
68
f1,f2,first_soc,front
104.52,20.4708,100,0
time
44.52
soc
68
f1,f2,first_soc,front
112.765,11.563,100,0
time
45.88,75.4767
soc
62,67
f1,f2,first_soc,front
104.697,20.2697,100,0
time
45.88
soc
66
f1,f2,first_soc,front
104.697,20.2697,100,0
time
45.88
soc
66
f1,f2,first_soc,front
104.697,20.2697,100,0
time
45.88
soc
66
f1,f2,first_soc,front
104.015,21.0483,100,0
time
44.52
soc
67
f1,f2,first_soc,front
113.735,11.5601,100,0
time
44.52,96.3205
soc
76,43
f1,f2,first_soc,front
103.656,21.459,100,0
time
41.8
soc
71
f1,f2,first_soc,front
103.656,21.459,100,0
time
41.8
soc
71
f1,f2,first_soc,front
103.656,21.459,100,0
time
41.8
soc
71
f1,f2,first_soc,front
103.656,21.459,100,0
time
41.8
soc
71
f1,f2,first_soc,front
113.735,11.5601,100,0
time
44.52,96.3205
soc
76,43
f1,f2,first_soc,front
113.735,11.5601,100,0
time
44.52,96.3205
soc
76,43
f1,f2,first_soc,front
104.015,21.0483,100,0
time
44.52
soc
67
f1,f2,first_soc,front
104.843,20.103,100,0
time
43.16
soc
71
f1,f2,first_soc,front
104.015,21.0483,100,0
time
44.52
soc
67
f1,f2,first_soc,front
104.015,21.0483,100,0
time
44.52
soc
67
f1,f2,first_soc,front
104.015,21.0483,100,0
time
44.52
soc
67
f1,f2,first_soc,front
104.015,21.0483,100,0
time
44.52
soc
67
f1,f2,first_soc,front
104.015,21.0483,100,0
time
44.52
soc
67
第83世代
f1,f2,first_soc,front
103.656,21.459,100,0
time
41.8
soc
71
f1,f2,first_soc,front
113.735,11.5601,100,0
time
44.52,96.3205
soc
76,43
f1,f2,first_soc,front
112.765,11.563,100,0
time
45.88,75.4767
soc
62,67
f1,f2,first_soc,front
111.768,12.1847,100,0
time
45.88
soc
80
f1,f2,first_soc,front
113.735,11.5601,100,0
time
44.52,96.3205
soc
76,43
f1,f2,first_soc,front
109.747,14.4947,100,0
time
45.88
soc
76
f1,f2,first_soc,front
110.252,13.9172,100,0
time
45.88
soc
77
f1,f2,first_soc,front
111.263,12.7622,100,0
time
45.88
soc
79
f1,f2,first_soc,front
111.755,12.6872,100,0
time
45.88,74.4666
soc
60,65
f1,f2,first_soc,front
110.757,13.3397,100,0
time
45.88
soc
78
f1,f2,first_soc,front
112.26,12.1097,100,0
time
45.88,75.4767
soc
62,66
f1,f2,first_soc,front
104.52,20.4708,100,0
time
44.52
soc
68
f1,f2,first_soc,front
110.076,14.1184,100,0
time
44.52
soc
79
f1,f2,first_soc,front
110.581,13.5409,100,0
time
44.52
soc
80
f1,f2,first_soc,front
104.162,20.8815,100,0
time
41.8
soc
72
f1,f2,first_soc,front
111.263,12.7622,100,0
time
45.88
soc
79
f1,f2,first_soc,front
111.755,12.6872,100,0
time
45.88,75.9817
soc
63,65
f1,f2,first_soc,front
111.25,13.2647,100,0
time
45.88,74.9716
soc
61,64
f1,f2,first_soc,front
111.25,13.2647,100,0
time
45.88,74.9716
soc
61,64
f1,f2,first_soc,front
104.015,21.0483,100,0
time
44.52
soc
67
f1,f2,first_soc,front
104.52,20.4708,100,0
time
44.52
soc
68
f1,f2,first_soc,front
104.162,20.8815,100,0
time
41.8
soc
72
f1,f2,first_soc,front
103.656,21.459,100,0
time
41.8
soc
71
f1,f2,first_soc,front
109.389,14.9056,100,0
time
43.16
soc
80
f1,f2,first_soc,front
108.379,16.0606,100,0
time
43.16
soc
78
f1,f2,first_soc,front
107.55,17.0059,100,0
time
44.52
soc
74
f1,f2,first_soc,front
107.874,16.6381,100,0
time
43.16
soc
77
f1,f2,first_soc,front
107.369,17.2156,100,0
time
43.16
soc
76
f1,f2,first_soc,front
109.066,15.2734,100,0
time
44.52
soc
77
f1,f2,first_soc,front
107.045,17.5834,100,0
time
44.52
soc
73
f1,f2,first_soc,front
106.864,17.793,100,0
time
43.16
soc
75
f1,f2,first_soc,front
106.54,18.1609,100,0
time
44.52
soc
72
f1,f2,first_soc,front
105.853,18.948,100,0
time
43.16
soc
73
f1,f2,first_soc,front
105.348,19.5255,100,0
time
43.16
soc
72
f1,f2,first_soc,front
108.561,15.8509,100,0
time
44.52
soc
76
f1,f2,first_soc,front
109.571,14.6959,100,0
time
44.52
soc
78
f1,f2,first_soc,front
109.747,14.4947,100,0
time
45.88
soc
76
f1,f2,first_soc,front
110.757,13.3397,100,0
time
45.88
soc
78
f1,f2,first_soc,front
109.242,15.0722,100,0
time
45.88
soc
75
f1,f2,first_soc,front
108.737,15.6497,100,0
time
45.88
soc
74
f1,f2,first_soc,front
110.252,13.9172,100,0
time
45.88
soc
77
f1,f2,first_soc,front
109.066,15.2734,100,0
time
44.52
soc
77
f1,f2,first_soc,front
106.358,18.3705,100,0
time
43.16
soc
74
f1,f2,first_soc,front
105.53,19.3158,100,0
time
44.52
soc
70
f1,f2,first_soc,front
108.884,15.4831,100,0
time
43.16
soc
79
f1,f2,first_soc,front
108.055,16.4284,100,0
time
44.52
soc
75
f1,f2,first_soc,front
106.035,18.7383,100,0
time
44.52
soc
71
f1,f2,first_soc,front
104.015,21.0483,100,0
time
44.52
soc
67
f1,f2,first_soc,front
103.656,21.459,100,0
time
41.8
soc
71
f1,f2,first_soc,front
105.53,19.3158,100,0
time
44.52
soc
70
f1,f2,first_soc,front
104.697,20.2697,100,0
time
45.88
soc
66
f1,f2,first_soc,front
110.581,13.5409,100,0
time
44.52
soc
80
f1,f2,first_soc,front
110.076,14.1184,100,0
time
44.52
soc
79
f1,f2,first_soc,front
112.538,11.7921,100,0
time
45.88,96.1474
soc
76,43
f1,f2,first_soc,front
106.182,18.5715,100,0
time
41.8
soc
76
f1,f2,first_soc,front
105.677,19.149,100,0
time
41.8
soc
75
f1,f2,first_soc,front
106.687,17.994,100,0
time
41.8
soc
77
f1,f2,first_soc,front
106.54,18.1609,100,0
time
44.52
soc
72
f1,f2,first_soc,front
107.55,17.0059,100,0
time
44.52
soc
74
f1,f2,first_soc,front
107.045,17.5834,100,0
time
44.52
soc
73
f1,f2,first_soc,front
108.202,16.2616,100,0
time
41.8
soc
80
f1,f2,first_soc,front
107.192,17.4165,100,0
time
41.8
soc
78
f1,f2,first_soc,front
105.348,19.5255,100,0
time
43.16
soc
72
f1,f2,first_soc,front
105.853,18.948,100,0
time
43.16
soc
73
f1,f2,first_soc,front
106.212,18.5372,100,0
time
45.88
soc
69
f1,f2,first_soc,front
107.874,16.6381,100,0
time
43.16
soc
77
f1,f2,first_soc,front
107.727,16.8047,100,0
time
45.88
soc
72
f1,f2,first_soc,front
108.737,15.6497,100,0
time
45.88
soc
74
f1,f2,first_soc,front
106.864,17.793,100,0
time
43.16
soc
75
f1,f2,first_soc,front
108.379,16.0606,100,0
time
43.16
soc
78
f1,f2,first_soc,front
107.369,17.2156,100,0
time
43.16
soc
76
f1,f2,first_soc,front
109.389,14.9056,100,0
time
43.16
soc
80
f1,f2,first_soc,front
109.242,15.0722,100,0
time
45.88
soc
75
f1,f2,first_soc,front
112.391,11.9595,100,0
time
45.88,95.8371
soc
70,38
f1,f2,first_soc,front
112.618,11.7025,100,0
time
37.72,77.626
soc
75,62
f1,f2,first_soc,front
112.26,12.1097,100,0
time
45.88,75.4767
soc
62,66
f1,f2,first_soc,front
109.571,14.6959,100,0
time
44.52
soc
78
f1,f2,first_soc,front
104.843,20.103,100,0
time
43.16
soc
71
f1,f2,first_soc,front
105.025,19.8933,100,0
time
44.52
soc
69
f1,f2,first_soc,front
110.076,14.1184,100,0
time
44.52
soc
79
f1,f2,first_soc,front
110.581,13.5409,100,0
time
44.52
soc
80
f1,f2,first_soc,front
108.561,15.8509,100,0
time
44.52
soc
76
f1,f2,first_soc,front
105.172,19.7265,100,0
time
41.8
soc
74
f1,f2,first_soc,front
106.717,17.9597,100,0
time
45.88
soc
70
f1,f2,first_soc,front
105.707,19.1147,100,0
time
45.88
soc
68
f1,f2,first_soc,front
108.884,15.4831,100,0
time
43.16
soc
79
f1,f2,first_soc,front
108.055,16.4284,100,0
time
44.52
soc
75
f1,f2,first_soc,front
108.561,15.8509,100,0
time
44.52
soc
76
f1,f2,first_soc,front
109.571,14.6959,100,0
time
44.52
soc
78
f1,f2,first_soc,front
105.025,19.8933,100,0
time
44.52
soc
69
f1,f2,first_soc,front
106.358,18.3705,100,0
time
43.16
soc
74
f1,f2,first_soc,front
106.035,18.7383,100,0
time
44.52
soc
71
f1,f2,first_soc,front
104.843,20.103,100,0
time
43.16
soc
71
f1,f2,first_soc,front
105.707,19.1147,100,0
time
45.88
soc
68
f1,f2,first_soc,front
108.232,16.2272,100,0
time
45.88
soc
73
f1,f2,first_soc,front
107.222,17.3822,100,0
time
45.88
soc
71
f1,f2,first_soc,front
106.717,17.9597,100,0
time
45.88
soc
70
f1,f2,first_soc,front
104.52,20.4708,100,0
time
44.52
soc
68
f1,f2,first_soc,front
104.697,20.2697,100,0
time
45.88
soc
66
f1,f2,first_soc,front
112.391,11.9595,100,0
time
45.88,95.8371
soc
70,38
f1,f2,first_soc,front
104.015,21.0483,100,0
time
44.52
soc
67
f1,f2,first_soc,front
107.697,16.839,100,0
time
41.8
soc
79
f1,f2,first_soc,front
106.035,18.7383,100,0
time
44.52
soc
71
f1,f2,first_soc,front
108.055,16.4284,100,0
time
44.52
soc
75
f1,f2,first_soc,front
105.025,19.8933,100,0
time
44.52
soc
69
f1,f2,first_soc,front
108.884,15.4831,100,0
time
43.16
soc
79
f1,f2,first_soc,front
104.697,20.2697,100,0
time
45.88
soc
66
f1,f2,first_soc,front
104.843,20.103,100,0
time
43.16
soc
71
f1,f2,first_soc,front
105.202,19.6922,100,0
time
45.88
soc
67
f1,f2,first_soc,front
106.358,18.3705,100,0
time
43.16
soc
74
f1,f2,first_soc,front
108.232,16.2272,100,0
time
45.88
soc
73
f1,f2,first_soc,front
107.222,17.3822,100,0
time
45.88
soc
71
f1,f2,first_soc,front
112.765,11.563,100,0
time
45.88,75.4767
soc
62,67
f1,f2,first_soc,front
104.843,20.103,100,0
time
43.16
soc
71
f1,f2,first_soc,front
105.202,19.6922,100,0
time
45.88
soc
67
f1,f2,first_soc,front
104.015,21.0483,100,0
time
44.52
soc
67
f1,f2,first_soc,front
105.025,19.8933,100,0
time
44.52
soc
69
f1,f2,first_soc,front
107.697,16.839,100,0
time
41.8
soc
79
f1,f2,first_soc,front
104.162,20.8815,100,0
time
41.8
soc
72
f1,f2,first_soc,front
105.172,19.7265,100,0
time
41.8
soc
74
f1,f2,first_soc,front
112.618,11.7025,100,0
time
37.72,77.626
soc
75,62
f1,f2,first_soc,front
112.391,11.9595,100,0
time
45.88,95.8371
soc
70,38
f1,f2,first_soc,front
111.25,13.2647,100,0
time
45.88,74.9716
soc
61,64
f1,f2,first_soc,front
112.553,11.7747,100,0
time
45.88,73.067
soc
68,76
f1,f2,first_soc,front
111.768,12.1847,100,0
time
45.88
soc
80
f1,f2,first_soc,front
112.553,11.7747,100,0
time
45.88,73.572
soc
69,76
f1,f2,first_soc,front
106.212,18.5372,100,0
time
45.88
soc
69
f1,f2,first_soc,front
108.202,16.2616,100,0
time
41.8
soc
80
f1,f2,first_soc,front
107.192,17.4165,100,0
time
41.8
soc
78
f1,f2,first_soc,front
106.182,18.5715,100,0
time
41.8
soc
76
f1,f2,first_soc,front
105.677,19.149,100,0
time
41.8
soc
75
f1,f2,first_soc,front
106.687,17.994,100,0
time
41.8
soc
77
f1,f2,first_soc,front
107.727,16.8047,100,0
time
45.88
soc
72
f1,f2,first_soc,front
105.202,19.6922,100,0
time
45.88
soc
67
f1,f2,first_soc,front
105.172,19.7265,100,0
time
41.8
soc
74
f1,f2,first_soc,front
107.697,16.839,100,0
time
41.8
soc
79
f1,f2,first_soc,front
112.538,11.7921,100,0
time
45.88,96.1474
soc
76,43
f1,f2,first_soc,front
105.202,19.6922,100,0
time
45.88
soc
67
f1,f2,first_soc,front
107.697,16.839,100,0
time
41.8
soc
79
f1,f2,first_soc,front
107.222,17.3822,100,0
time
45.88
soc
71
f1,f2,first_soc,front
108.232,16.2272,100,0
time
45.88
soc
73
f1,f2,first_soc,front
112.553,11.7747,100,0
time
45.88,73.572
soc
69,76
f1,f2,first_soc,front
111.768,12.1847,100,0
time
45.88
soc
80
f1,f2,first_soc,front
112.765,11.563,100,0
time
45.88,75.4767
soc
62,67
f1,f2,first_soc,front
105.172,19.7265,100,0
time
41.8
soc
74
f1,f2,first_soc,front
104.52,20.4708,100,0
time
44.52
soc
68
f1,f2,first_soc,front
104.697,20.2697,100,0
time
45.88
soc
66
f1,f2,first_soc,front
105.172,19.7265,100,0
time
41.8
soc
74
f1,f2,first_soc,front
105.172,19.7265,100,0
time
41.8
soc
74
f1,f2,first_soc,front
104.697,20.2697,100,0
time
45.88
soc
66
f1,f2,first_soc,front
104.52,20.4708,100,0
time
44.52
soc
68
f1,f2,first_soc,front
104.52,20.4708,100,0
time
44.52
soc
68
f1,f2,first_soc,front
105.172,19.7265,100,0
time
41.8
soc
74
f1,f2,first_soc,front
104.697,20.2697,100,0
time
45.88
soc
66
f1,f2,first_soc,front
104.697,20.2697,100,0
time
45.88
soc
66
f1,f2,first_soc,front
104.52,20.4708,100,0
time
44.52
soc
68
f1,f2,first_soc,front
105.172,19.7265,100,0
time
41.8
soc
74
f1,f2,first_soc,front
104.52,20.4708,100,0
time
44.52
soc
68
f1,f2,first_soc,front
104.52,20.4708,100,0
time
44.52
soc
68
f1,f2,first_soc,front
104.843,20.103,100,0
time
43.16
soc
71
f1,f2,first_soc,front
106.864,17.793,100,0
time
43.16
soc
75
f1,f2,first_soc,front
105.025,19.8933,100,0
time
44.52
soc
69
f1,f2,first_soc,front
105.025,19.8933,100,0
time
44.52
soc
69
f1,f2,first_soc,front
104.843,20.103,100,0
time
43.16
soc
71
f1,f2,first_soc,front
104.52,20.4708,100,0
time
44.52
soc
68
f1,f2,first_soc,front
105.348,19.5255,100,0
time
43.16
soc
72
f1,f2,first_soc,front
105.348,19.5255,100,0
time
43.16
soc
72
f1,f2,first_soc,front
103.656,21.459,100,0
time
41.8
soc
71
f1,f2,first_soc,front
103.656,21.459,100,0
time
41.8
soc
71
f1,f2,first_soc,front
103.656,21.459,100,0
time
41.8
soc
71
f1,f2,first_soc,front
104.52,20.4708,100,0
time
44.52
soc
68
f1,f2,first_soc,front
104.52,20.4708,100,0
time
44.52
soc
68
f1,f2,first_soc,front
105.202,19.6922,100,0
time
45.88
soc
67
f1,f2,first_soc,front
104.52,20.4708,100,0
time
44.52
soc
68
f1,f2,first_soc,front
105.202,19.6922,100,0
time
45.88
soc
67
f1,f2,first_soc,front
103.656,21.459,100,0
time
41.8
soc
71
f1,f2,first_soc,front
104.52,20.4708,100,0
time
44.52
soc
68
f1,f2,first_soc,front
105.202,19.6922,100,0
time
45.88
soc
67
f1,f2,first_soc,front
103.656,21.459,100,0
time
41.8
soc
71
f1,f2,first_soc,front
103.656,21.459,100,0
time
41.8
soc
71
f1,f2,first_soc,front
105.202,19.6922,100,0
time
45.88
soc
67
f1,f2,first_soc,front
105.202,19.6922,100,0
time
45.88
soc
67
f1,f2,first_soc,front
104.52,20.4708,100,0
time
44.52
soc
68
f1,f2,first_soc,front
104.015,21.0483,100,0
time
44.52
soc
67
f1,f2,first_soc,front
103.656,21.459,100,0
time
41.8
soc
71
f1,f2,first_soc,front
104.015,21.0483,100,0
time
44.52
soc
67
f1,f2,first_soc,front
105.025,19.8933,100,0
time
44.52
soc
69
f1,f2,first_soc,front
105.025,19.8933,100,0
time
44.52
soc
69
f1,f2,first_soc,front
104.843,20.103,100,0
time
43.16
soc
71
f1,f2,first_soc,front
104.843,20.103,100,0
time
43.16
soc
71
f1,f2,first_soc,front
104.52,20.4708,100,0
time
44.52
soc
68
f1,f2,first_soc,front
104.162,20.8815,100,0
time
41.8
soc
72
f1,f2,first_soc,front
104.015,21.0483,100,0
time
44.52
soc
67
f1,f2,first_soc,front
105.025,19.8933,100,0
time
44.52
soc
69
f1,f2,first_soc,front
105.025,19.8933,100,0
time
44.52
soc
69
f1,f2,first_soc,front
104.015,21.0483,100,0
time
44.52
soc
67
f1,f2,first_soc,front
105.025,19.8933,100,0
time
44.52
soc
69
f1,f2,first_soc,front
105.025,19.8933,100,0
time
44.52
soc
69
f1,f2,first_soc,front
104.015,21.0483,100,0
time
44.52
soc
67
f1,f2,first_soc,front
104.162,20.8815,100,0
time
41.8
soc
72
第84世代
f1,f2,first_soc,front
103.656,21.459,100,0
time
41.8
soc
71
f1,f2,first_soc,front
113.735,11.5601,100,0
time
44.52,96.3205
soc
76,43
f1,f2,first_soc,front
112.765,11.563,100,0
time
45.88,75.4767
soc
62,67
f1,f2,first_soc,front
111.768,12.1847,100,0
time
45.88
soc
80
f1,f2,first_soc,front
113.735,11.5601,100,0
time
44.52,96.3205
soc
76,43
f1,f2,first_soc,front
109.747,14.4947,100,0
time
45.88
soc
76
f1,f2,first_soc,front
110.076,14.1184,100,0
time
44.52
soc
79
f1,f2,first_soc,front
111.263,12.7622,100,0
time
45.88
soc
79
f1,f2,first_soc,front
111.755,12.6872,100,0
time
45.88,75.9817
soc
63,65
f1,f2,first_soc,front
110.757,13.3397,100,0
time
45.88
soc
78
f1,f2,first_soc,front
112.26,12.1097,100,0
time
45.88,75.4767
soc
62,66
f1,f2,first_soc,front
104.162,20.8815,100,0
time
41.8
soc
72
f1,f2,first_soc,front
111.263,12.7622,100,0
time
45.88
soc
79
f1,f2,first_soc,front
111.755,12.6872,100,0
time
45.88,74.4666
soc
60,65
f1,f2,first_soc,front
111.25,13.2647,100,0
time
45.88,74.9716
soc
61,64
f1,f2,first_soc,front
111.25,13.2647,100,0
time
45.88,75.4767
soc
62,64
f1,f2,first_soc,front
103.656,21.459,100,0
time
41.8
soc
71
f1,f2,first_soc,front
104.015,21.0483,100,0
time
44.52
soc
67
f1,f2,first_soc,front
104.52,20.4708,100,0
time
44.52
soc
68
f1,f2,first_soc,front
104.162,20.8815,100,0
time
41.8
soc
72
f1,f2,first_soc,front
109.389,14.9056,100,0
time
43.16
soc
80
f1,f2,first_soc,front
108.055,16.4284,100,0
time
44.52
soc
75
f1,f2,first_soc,front
108.379,16.0606,100,0
time
43.16
soc
78
f1,f2,first_soc,front
107.045,17.5834,100,0
time
44.52
soc
73
f1,f2,first_soc,front
107.874,16.6381,100,0
time
43.16
soc
77
f1,f2,first_soc,front
107.55,17.0059,100,0
time
44.52
soc
74
f1,f2,first_soc,front
109.066,15.2734,100,0
time
44.52
soc
77
f1,f2,first_soc,front
105.853,18.948,100,0
time
43.16
soc
73
f1,f2,first_soc,front
106.54,18.1609,100,0
time
44.52
soc
72
f1,f2,first_soc,front
106.358,18.3705,100,0
time
43.16
soc
74
f1,f2,first_soc,front
105.53,19.3158,100,0
time
44.52
soc
70
f1,f2,first_soc,front
109.571,14.6959,100,0
time
44.52
soc
78
f1,f2,first_soc,front
108.561,15.8509,100,0
time
44.52
soc
76
f1,f2,first_soc,front
110.252,13.9172,100,0
time
45.88
soc
77
f1,f2,first_soc,front
110.581,13.5409,100,0
time
44.52
soc
80
f1,f2,first_soc,front
110.076,14.1184,100,0
time
44.52
soc
79
f1,f2,first_soc,front
109.747,14.4947,100,0
time
45.88
soc
76
f1,f2,first_soc,front
109.066,15.2734,100,0
time
44.52
soc
77
f1,f2,first_soc,front
110.757,13.3397,100,0
time
45.88
soc
78
f1,f2,first_soc,front
110.581,13.5409,100,0
time
44.52
soc
80
f1,f2,first_soc,front
108.737,15.6497,100,0
time
45.88
soc
74
f1,f2,first_soc,front
106.035,18.7383,100,0
time
44.52
soc
71
f1,f2,first_soc,front
104.52,20.4708,100,0
time
44.52
soc
68
f1,f2,first_soc,front
104.015,21.0483,100,0
time
44.52
soc
67
f1,f2,first_soc,front
103.656,21.459,100,0
time
41.8
soc
71
f1,f2,first_soc,front
106.035,18.7383,100,0
time
44.52
soc
71
f1,f2,first_soc,front
108.884,15.4831,100,0
time
43.16
soc
79
f1,f2,first_soc,front
104.843,20.103,100,0
time
43.16
soc
71
f1,f2,first_soc,front
105.348,19.5255,100,0
time
43.16
soc
72
f1,f2,first_soc,front
109.242,15.0722,100,0
time
45.88
soc
75
f1,f2,first_soc,front
110.581,13.5409,100,0
time
44.52
soc
80
f1,f2,first_soc,front
110.252,13.9172,100,0
time
45.88
soc
77
f1,f2,first_soc,front
112.391,11.9595,100,0
time
45.88,95.8371
soc
70,38
f1,f2,first_soc,front
106.54,18.1609,100,0
time
44.52
soc
72
f1,f2,first_soc,front
106.182,18.5715,100,0
time
41.8
soc
76
f1,f2,first_soc,front
107.55,17.0059,100,0
time
44.52
soc
74
f1,f2,first_soc,front
105.53,19.3158,100,0
time
44.52
soc
70
f1,f2,first_soc,front
105.677,19.149,100,0
time
41.8
soc
75
f1,f2,first_soc,front
107.045,17.5834,100,0
time
44.52
soc
73
f1,f2,first_soc,front
108.055,16.4284,100,0
time
44.52
soc
75
f1,f2,first_soc,front
108.202,16.2616,100,0
time
41.8
soc
80
f1,f2,first_soc,front
105.853,18.948,100,0
time
43.16
soc
73
f1,f2,first_soc,front
106.358,18.3705,100,0
time
43.16
soc
74
f1,f2,first_soc,front
106.212,18.5372,100,0
time
45.88
soc
69
f1,f2,first_soc,front
108.737,15.6497,100,0
time
45.88
soc
74
f1,f2,first_soc,front
106.864,17.793,100,0
time
43.16
soc
75
f1,f2,first_soc,front
106.717,17.9597,100,0
time
45.88
soc
70
f1,f2,first_soc,front
107.727,16.8047,100,0
time
45.88
soc
72
f1,f2,first_soc,front
107.222,17.3822,100,0
time
45.88
soc
71
f1,f2,first_soc,front
109.389,14.9056,100,0
time
43.16
soc
80
f1,f2,first_soc,front
108.379,16.0606,100,0
time
43.16
soc
78
f1,f2,first_soc,front
112.618,11.7025,100,0
time
37.72,77.626
soc
75,62
f1,f2,first_soc,front
112.391,11.9595,100,0
time
45.88,95.8371
soc
70,38
f1,f2,first_soc,front
112.26,12.1097,100,0
time
45.88,75.4767
soc
62,66
f1,f2,first_soc,front
106.864,17.793,100,0
time
43.16
soc
75
f1,f2,first_soc,front
105.348,19.5255,100,0
time
43.16
soc
72
f1,f2,first_soc,front
108.561,15.8509,100,0
time
44.52
soc
76
f1,f2,first_soc,front
105.025,19.8933,100,0
time
44.52
soc
69
f1,f2,first_soc,front
107.369,17.2156,100,0
time
43.16
soc
76
f1,f2,first_soc,front
104.843,20.103,100,0
time
43.16
soc
71
f1,f2,first_soc,front
108.884,15.4831,100,0
time
43.16
soc
79
f1,f2,first_soc,front
104.697,20.2697,100,0
time
45.88
soc
66
f1,f2,first_soc,front
104.52,20.4708,100,0
time
44.52
soc
68
f1,f2,first_soc,front
109.571,14.6959,100,0
time
44.52
soc
78
f1,f2,first_soc,front
110.252,13.9172,100,0
time
45.88
soc
77
f1,f2,first_soc,front
107.697,16.839,100,0
time
41.8
soc
79
f1,f2,first_soc,front
106.687,17.994,100,0
time
41.8
soc
77
f1,f2,first_soc,front
107.192,17.4165,100,0
time
41.8
soc
78
f1,f2,first_soc,front
105.172,19.7265,100,0
time
41.8
soc
74
f1,f2,first_soc,front
105.707,19.1147,100,0
time
45.88
soc
68
f1,f2,first_soc,front
112.538,11.7921,100,0
time
45.88,96.1474
soc
76,43
f1,f2,first_soc,front
109.571,14.6959,100,0
time
44.52
soc
78
f1,f2,first_soc,front
107.369,17.2156,100,0
time
43.16
soc
76
f1,f2,first_soc,front
106.864,17.793,100,0
time
43.16
soc
75
f1,f2,first_soc,front
105.025,19.8933,100,0
time
44.52
soc
69
f1,f2,first_soc,front
108.232,16.2272,100,0
time
45.88
soc
73
f1,f2,first_soc,front
107.192,17.4165,100,0
time
41.8
soc
78
f1,f2,first_soc,front
107.697,16.839,100,0
time
41.8
soc
79
f1,f2,first_soc,front
104.697,20.2697,100,0
time
45.88
soc
66
f1,f2,first_soc,front
110.252,13.9172,100,0
time
45.88
soc
77
f1,f2,first_soc,front
108.561,15.8509,100,0
time
44.52
soc
76
f1,f2,first_soc,front
104.52,20.4708,100,0
time
44.52
soc
68
f1,f2,first_soc,front
109.242,15.0722,100,0
time
45.88
soc
75
f1,f2,first_soc,front
104.015,21.0483,100,0
time
44.52
soc
67
f1,f2,first_soc,front
105.025,19.8933,100,0
time
44.52
soc
69
f1,f2,first_soc,front
105.202,19.6922,100,0
time
45.88
soc
67
f1,f2,first_soc,front
107.874,16.6381,100,0
time
43.16
soc
77
f1,f2,first_soc,front
104.697,20.2697,100,0
time
45.88
soc
66
f1,f2,first_soc,front
109.242,15.0722,100,0
time
45.88
soc
75
f1,f2,first_soc,front
107.369,17.2156,100,0
time
43.16
soc
76
f1,f2,first_soc,front
108.232,16.2272,100,0
time
45.88
soc
73
f1,f2,first_soc,front
112.538,11.7921,100,0
time
45.88,96.1474
soc
76,43
f1,f2,first_soc,front
104.697,20.2697,100,0
time
45.88
soc
66
f1,f2,first_soc,front
105.707,19.1147,100,0
time
45.88
soc
68
f1,f2,first_soc,front
105.348,19.5255,100,0
time
43.16
soc
72
f1,f2,first_soc,front
112.765,11.563,100,0
time
45.88,75.4767
soc
62,67
f1,f2,first_soc,front
105.202,19.6922,100,0
time
45.88
soc
67
f1,f2,first_soc,front
104.843,20.103,100,0
time
43.16
soc
71
f1,f2,first_soc,front
107.874,16.6381,100,0
time
43.16
soc
77
f1,f2,first_soc,front
104.162,20.8815,100,0
time
41.8
soc
72
f1,f2,first_soc,front
104.015,21.0483,100,0
time
44.52
soc
67
f1,f2,first_soc,front
106.687,17.994,100,0
time
41.8
soc
77
f1,f2,first_soc,front
108.884,15.4831,100,0
time
43.16
soc
79
f1,f2,first_soc,front
105.172,19.7265,100,0
time
41.8
soc
74
f1,f2,first_soc,front
105.025,19.8933,100,0
time
44.52
soc
69
f1,f2,first_soc,front
107.369,17.2156,100,0
time
43.16
soc
76
f1,f2,first_soc,front
112.618,11.7025,100,0
time
37.72,77.626
soc
75,62
f1,f2,first_soc,front
112.553,11.7747,100,0
time
45.88,73.067
soc
68,76
f1,f2,first_soc,front
111.25,13.2647,100,0
time
45.88,74.9716
soc
61,64
f1,f2,first_soc,front
111.768,12.1847,100,0
time
45.88
soc
80
f1,f2,first_soc,front
106.182,18.5715,100,0
time
41.8
soc
76
f1,f2,first_soc,front
108.202,16.2616,100,0
time
41.8
soc
80
f1,f2,first_soc,front
107.222,17.3822,100,0
time
45.88
soc
71
f1,f2,first_soc,front
106.212,18.5372,100,0
time
45.88
soc
69
f1,f2,first_soc,front
106.717,17.9597,100,0
time
45.88
soc
70
f1,f2,first_soc,front
107.727,16.8047,100,0
time
45.88
soc
72
f1,f2,first_soc,front
105.677,19.149,100,0
time
41.8
soc
75
f1,f2,first_soc,front
105.172,19.7265,100,0
time
41.8
soc
74
f1,f2,first_soc,front
105.707,19.1147,100,0
time
45.88
soc
68
f1,f2,first_soc,front
105.202,19.6922,100,0
time
45.88
soc
67
f1,f2,first_soc,front
106.687,17.994,100,0
time
41.8
soc
77
f1,f2,first_soc,front
112.553,11.7747,100,0
time
45.88,73.067
soc
68,76
f1,f2,first_soc,front
105.202,19.6922,100,0
time
45.88
soc
67
f1,f2,first_soc,front
108.232,16.2272,100,0
time
45.88
soc
73
f1,f2,first_soc,front
112.538,11.7921,100,0
time
45.88,96.1474
soc
76,43
f1,f2,first_soc,front
111.768,12.1847,100,0
time
45.88
soc
80
f1,f2,first_soc,front
112.765,11.563,100,0
time
45.88,75.4767
soc
62,67
f1,f2,first_soc,front
104.015,21.0483,100,0
time
44.52
soc
67
f1,f2,first_soc,front
105.172,19.7265,100,0
time
41.8
soc
74
f1,f2,first_soc,front
105.172,19.7265,100,0
time
41.8
soc
74
f1,f2,first_soc,front
105.172,19.7265,100,0
time
41.8
soc
74
f1,f2,first_soc,front
104.015,21.0483,100,0
time
44.52
soc
67
f1,f2,first_soc,front
104.015,21.0483,100,0
time
44.52
soc
67
f1,f2,first_soc,front
105.172,19.7265,100,0
time
41.8
soc
74
f1,f2,first_soc,front
105.172,19.7265,100,0
time
41.8
soc
74
f1,f2,first_soc,front
104.015,21.0483,100,0
time
44.52
soc
67
f1,f2,first_soc,front
104.015,21.0483,100,0
time
44.52
soc
67
f1,f2,first_soc,front
104.015,21.0483,100,0
time
44.52
soc
67
f1,f2,first_soc,front
104.015,21.0483,100,0
time
44.52
soc
67
f1,f2,first_soc,front
104.015,21.0483,100,0
time
44.52
soc
67
f1,f2,first_soc,front
104.015,21.0483,100,0
time
44.52
soc
67
f1,f2,first_soc,front
104.015,21.0483,100,0
time
44.52
soc
67
f1,f2,first_soc,front
104.162,20.8815,100,0
time
41.8
soc
72
f1,f2,first_soc,front
104.162,20.8815,100,0
time
41.8
soc
72
f1,f2,first_soc,front
105.025,19.8933,100,0
time
44.52
soc
69
f1,f2,first_soc,front
105.025,19.8933,100,0
time
44.52
soc
69
f1,f2,first_soc,front
105.025,19.8933,100,0
time
44.52
soc
69
f1,f2,first_soc,front
104.162,20.8815,100,0
time
41.8
soc
72
f1,f2,first_soc,front
104.52,20.4708,100,0
time
44.52
soc
68
f1,f2,first_soc,front
105.202,19.6922,100,0
time
45.88
soc
67
f1,f2,first_soc,front
105.202,19.6922,100,0
time
45.88
soc
67
f1,f2,first_soc,front
103.656,21.459,100,0
time
41.8
soc
71
f1,f2,first_soc,front
103.656,21.459,100,0
time
41.8
soc
71
f1,f2,first_soc,front
105.202,19.6922,100,0
time
45.88
soc
67
f1,f2,first_soc,front
105.202,19.6922,100,0
time
45.88
soc
67
f1,f2,first_soc,front
105.202,19.6922,100,0
time
45.88
soc
67
f1,f2,first_soc,front
105.202,19.6922,100,0
time
45.88
soc
67
f1,f2,first_soc,front
103.656,21.459,100,0
time
41.8
soc
71
f1,f2,first_soc,front
103.656,21.459,100,0
time
41.8
soc
71
f1,f2,first_soc,front
103.656,21.459,100,0
time
41.8
soc
71
f1,f2,first_soc,front
105.172,19.7265,100,0
time
41.8
soc
74
f1,f2,first_soc,front
103.656,21.459,100,0
time
41.8
soc
71
f1,f2,first_soc,front
103.656,21.459,100,0
time
41.8
soc
71
f1,f2,first_soc,front
103.656,21.459,100,0
time
41.8
soc
71
f1,f2,first_soc,front
103.656,21.459,100,0
time
41.8
soc
71
f1,f2,first_soc,front
103.656,21.459,100,0
time
41.8
soc
71
f1,f2,first_soc,front
104.015,21.0483,100,0
time
44.52
soc
67
f1,f2,first_soc,front
104.015,21.0483,100,0
time
44.52
soc
67
f1,f2,first_soc,front
104.015,21.0483,100,0
time
44.52
soc
67
f1,f2,first_soc,front
105.025,19.8933,100,0
time
44.52
soc
69
f1,f2,first_soc,front
104.843,20.103,100,0
time
43.16
soc
71
f1,f2,first_soc,front
104.52,20.4708,100,0
time
44.52
soc
68
f1,f2,first_soc,front
104.52,20.4708,100,0
time
44.52
soc
68
f1,f2,first_soc,front
106.864,17.793,100,0
time
43.16
soc
75
f1,f2,first_soc,front
104.697,20.2697,100,0
time
45.88
soc
66
f1,f2,first_soc,front
104.697,20.2697,100,0
time
45.88
soc
66
f1,f2,first_soc,front
104.843,20.103,100,0
time
43.16
soc
71
f1,f2,first_soc,front
104.843,20.103,100,0
time
43.16
soc
71
f1,f2,first_soc,front
104.697,20.2697,100,0
time
45.88
soc
66
f1,f2,first_soc,front
104.697,20.2697,100,0
time
45.88
soc
66
第85世代
f1,f2,first_soc,front
103.656,21.459,100,0
time
41.8
soc
71
f1,f2,first_soc,front
113.735,11.5601,100,0
time
44.52,96.3205
soc
76,43
f1,f2,first_soc,front
113.735,11.5601,100,0
time
44.52,96.3205
soc
76,43
f1,f2,first_soc,front
112.765,11.563,100,0
time
45.88,75.4767
soc
62,67
f1,f2,first_soc,front
109.747,14.4947,100,0
time
45.88
soc
76
f1,f2,first_soc,front
110.076,14.1184,100,0
time
44.52
soc
79
f1,f2,first_soc,front
110.581,13.5409,100,0
time
44.52
soc
80
f1,f2,first_soc,front
110.757,13.3397,100,0
time
45.88
soc
78
f1,f2,first_soc,front
104.52,20.4708,100,0
time
44.52
soc
68
f1,f2,first_soc,front
111.263,12.7622,100,0
time
45.88
soc
79
f1,f2,first_soc,front
111.768,12.1847,100,0
time
45.88
soc
80
f1,f2,first_soc,front
112.26,12.1097,100,0
time
45.88,75.4767
soc
62,66
f1,f2,first_soc,front
104.162,20.8815,100,0
time
41.8
soc
72
f1,f2,first_soc,front
111.263,12.7622,100,0
time
45.88
soc
79
f1,f2,first_soc,front
111.755,12.6872,100,0
time
45.88,74.4666
soc
60,65
f1,f2,first_soc,front
111.768,12.1847,100,0
time
45.88
soc
80
f1,f2,first_soc,front
111.25,13.2647,100,0
time
45.88,74.9716
soc
61,64
f1,f2,first_soc,front
111.25,13.2647,100,0
time
45.88,74.9716
soc
61,64
f1,f2,first_soc,front
111.755,12.6872,100,0
time
45.88,74.4666
soc
60,65
f1,f2,first_soc,front
104.162,20.8815,100,0
time
41.8
soc
72
f1,f2,first_soc,front
104.015,21.0483,100,0
time
44.52
soc
67
f1,f2,first_soc,front
103.656,21.459,100,0
time
41.8
soc
71
f1,f2,first_soc,front
109.389,14.9056,100,0
time
43.16
soc
80
f1,f2,first_soc,front
108.561,15.8509,100,0
time
44.52
soc
76
f1,f2,first_soc,front
108.055,16.4284,100,0
time
44.52
soc
75
f1,f2,first_soc,front
107.369,17.2156,100,0
time
43.16
soc
76
f1,f2,first_soc,front
107.045,17.5834,100,0
time
44.52
soc
73
f1,f2,first_soc,front
109.066,15.2734,100,0
time
44.52
soc
77
f1,f2,first_soc,front
106.035,18.7383,100,0
time
44.52
soc
71
f1,f2,first_soc,front
105.53,19.3158,100,0
time
44.52
soc
70
f1,f2,first_soc,front
106.358,18.3705,100,0
time
43.16
soc
74
f1,f2,first_soc,front
109.571,14.6959,100,0
time
44.52
soc
78
f1,f2,first_soc,front
110.252,13.9172,100,0
time
45.88
soc
77
f1,f2,first_soc,front
110.581,13.5409,100,0
time
44.52
soc
80
f1,f2,first_soc,front
110.076,14.1184,100,0
time
44.52
soc
79
f1,f2,first_soc,front
108.737,15.6497,100,0
time
45.88
soc
74
f1,f2,first_soc,front
108.561,15.8509,100,0
time
44.52
soc
76
f1,f2,first_soc,front
109.066,15.2734,100,0
time
44.52
soc
77
f1,f2,first_soc,front
105.853,18.948,100,0
time
43.16
soc
73
f1,f2,first_soc,front
107.55,17.0059,100,0
time
44.52
soc
74
f1,f2,first_soc,front
107.874,16.6381,100,0
time
43.16
soc
77
f1,f2,first_soc,front
105.025,19.8933,100,0
time
44.52
soc
69
f1,f2,first_soc,front
106.54,18.1609,100,0
time
44.52
soc
72
f1,f2,first_soc,front
106.864,17.793,100,0
time
43.16
soc
75
f1,f2,first_soc,front
108.884,15.4831,100,0
time
43.16
soc
79
f1,f2,first_soc,front
104.015,21.0483,100,0
time
44.52
soc
67
f1,f2,first_soc,front
104.52,20.4708,100,0
time
44.52
soc
68
f1,f2,first_soc,front
103.656,21.459,100,0
time
41.8
soc
71
f1,f2,first_soc,front
107.55,17.0059,100,0
time
44.52
soc
74
f1,f2,first_soc,front
107.874,16.6381,100,0
time
43.16
soc
77
f1,f2,first_soc,front
106.864,17.793,100,0
time
43.16
soc
75
f1,f2,first_soc,front
108.379,16.0606,100,0
time
43.16
soc
78
f1,f2,first_soc,front
104.843,20.103,100,0
time
43.16
soc
71
f1,f2,first_soc,front
105.348,19.5255,100,0
time
43.16
soc
72
f1,f2,first_soc,front
105.853,18.948,100,0
time
43.16
soc
73
f1,f2,first_soc,front
104.697,20.2697,100,0
time
45.88
soc
66
f1,f2,first_soc,front
109.242,15.0722,100,0
time
45.88
soc
75
f1,f2,first_soc,front
109.242,15.0722,100,0
time
45.88
soc
75
f1,f2,first_soc,front
110.252,13.9172,100,0
time
45.88
soc
77
f1,f2,first_soc,front
112.538,11.7921,100,0
time
45.88,96.1474
soc
76,43
f1,f2,first_soc,front
106.687,17.994,100,0
time
41.8
soc
77
f1,f2,first_soc,front
106.182,18.5715,100,0
time
41.8
soc
76
f1,f2,first_soc,front
105.53,19.3158,100,0
time
44.52
soc
70
f1,f2,first_soc,front
107.697,16.839,100,0
time
41.8
soc
79
f1,f2,first_soc,front
106.035,18.7383,100,0
time
44.52
soc
71
f1,f2,first_soc,front
107.192,17.4165,100,0
time
41.8
soc
78
f1,f2,first_soc,front
108.055,16.4284,100,0
time
44.52
soc
75
f1,f2,first_soc,front
107.045,17.5834,100,0
time
44.52
soc
73
f1,f2,first_soc,front
105.707,19.1147,100,0
time
45.88
soc
68
f1,f2,first_soc,front
106.358,18.3705,100,0
time
43.16
soc
74
f1,f2,first_soc,front
107.727,16.8047,100,0
time
45.88
soc
72
f1,f2,first_soc,front
106.717,17.9597,100,0
time
45.88
soc
70
f1,f2,first_soc,front
108.737,15.6497,100,0
time
45.88
soc
74
f1,f2,first_soc,front
107.369,17.2156,100,0
time
43.16
soc
76
f1,f2,first_soc,front
109.389,14.9056,100,0
time
43.16
soc
80
f1,f2,first_soc,front
108.232,16.2272,100,0
time
45.88
soc
73
f1,f2,first_soc,front
112.391,11.9595,100,0
time
45.88,95.8371
soc
70,38
f1,f2,first_soc,front
112.765,11.563,100,0
time
45.88,75.4767
soc
62,67
f1,f2,first_soc,front
112.618,11.7025,100,0
time
37.72,77.626
soc
75,62
f1,f2,first_soc,front
112.26,12.1097,100,0
time
45.88,75.4767
soc
62,66
f1,f2,first_soc,front
110.757,13.3397,100,0
time
45.88
soc
78
f1,f2,first_soc,front
109.571,14.6959,100,0
time
44.52
soc
78
f1,f2,first_soc,front
105.348,19.5255,100,0
time
43.16
soc
72
f1,f2,first_soc,front
104.843,20.103,100,0
time
43.16
soc
71
f1,f2,first_soc,front
108.379,16.0606,100,0
time
43.16
soc
78
f1,f2,first_soc,front
109.747,14.4947,100,0
time
45.88
soc
76
f1,f2,first_soc,front
104.52,20.4708,100,0
time
44.52
soc
68
f1,f2,first_soc,front
110.252,13.9172,100,0
time
45.88
soc
77
f1,f2,first_soc,front
105.172,19.7265,100,0
time
41.8
soc
74
f1,f2,first_soc,front
107.222,17.3822,100,0
time
45.88
soc
71
f1,f2,first_soc,front
108.884,15.4831,100,0
time
43.16
soc
79
f1,f2,first_soc,front
106.54,18.1609,100,0
time
44.52
soc
72
f1,f2,first_soc,front
105.025,19.8933,100,0
time
44.52
soc
69
f1,f2,first_soc,front
106.212,18.5372,100,0
time
45.88
soc
69
f1,f2,first_soc,front
107.222,17.3822,100,0
time
45.88
soc
71
f1,f2,first_soc,front
108.202,16.2616,100,0
time
41.8
soc
80
f1,f2,first_soc,front
109.571,14.6959,100,0
time
44.52
soc
78
f1,f2,first_soc,front
104.697,20.2697,100,0
time
45.88
soc
66
f1,f2,first_soc,front
110.252,13.9172,100,0
time
45.88
soc
77
f1,f2,first_soc,front
109.747,14.4947,100,0
time
45.88
soc
76
f1,f2,first_soc,front
112.391,11.9595,100,0
time
45.88,95.8371
soc
70,38
f1,f2,first_soc,front
105.677,19.149,100,0
time
41.8
soc
75
f1,f2,first_soc,front
104.015,21.0483,100,0
time
44.52
soc
67
f1,f2,first_soc,front
106.54,18.1609,100,0
time
44.52
soc
72
f1,f2,first_soc,front
108.202,16.2616,100,0
time
41.8
soc
80
f1,f2,first_soc,front
105.025,19.8933,100,0
time
44.52
soc
69
f1,f2,first_soc,front
104.697,20.2697,100,0
time
45.88
soc
66
f1,f2,first_soc,front
108.884,15.4831,100,0
time
43.16
soc
79
f1,f2,first_soc,front
105.202,19.6922,100,0
time
45.88
soc
67
f1,f2,first_soc,front
106.212,18.5372,100,0
time
45.88
soc
69
f1,f2,first_soc,front
105.348,19.5255,100,0
time
43.16
soc
72
f1,f2,first_soc,front
104.843,20.103,100,0
time
43.16
soc
71
f1,f2,first_soc,front
105.202,19.6922,100,0
time
45.88
soc
67
f1,f2,first_soc,front
105.677,19.149,100,0
time
41.8
soc
75
f1,f2,first_soc,front
108.379,16.0606,100,0
time
43.16
soc
78
f1,f2,first_soc,front
105.172,19.7265,100,0
time
41.8
soc
74
f1,f2,first_soc,front
104.162,20.8815,100,0
time
41.8
soc
72
f1,f2,first_soc,front
104.015,21.0483,100,0
time
44.52
soc
67
f1,f2,first_soc,front
112.553,11.7747,100,0
time
45.88,73.067
soc
68,76
f1,f2,first_soc,front
112.391,11.9595,100,0
time
45.88,95.8371
soc
70,38
f1,f2,first_soc,front
111.755,12.6872,100,0
time
45.88,75.9817
soc
63,65
f1,f2,first_soc,front
111.25,13.2647,100,0
time
45.88,75.4767
soc
62,64
f1,f2,first_soc,front
112.618,11.7025,100,0
time
37.72,77.626
soc
75,62
f1,f2,first_soc,front
112.618,11.7025,100,0
time
37.72,77.626
soc
75,62
f1,f2,first_soc,front
108.232,16.2272,100,0
time
45.88
soc
73
f1,f2,first_soc,front
106.182,18.5715,100,0
time
41.8
soc
76
f1,f2,first_soc,front
107.192,17.4165,100,0
time
41.8
soc
78
f1,f2,first_soc,front
105.707,19.1147,100,0
time
45.88
soc
68
f1,f2,first_soc,front
107.727,16.8047,100,0
time
45.88
soc
72
f1,f2,first_soc,front
107.697,16.839,100,0
time
41.8
soc
79
f1,f2,first_soc,front
105.677,19.149,100,0
time
41.8
soc
75
f1,f2,first_soc,front
106.687,17.994,100,0
time
41.8
soc
77
f1,f2,first_soc,front
106.717,17.9597,100,0
time
45.88
soc
70
f1,f2,first_soc,front
105.202,19.6922,100,0
time
45.88
soc
67
f1,f2,first_soc,front
105.172,19.7265,100,0
time
41.8
soc
74
f1,f2,first_soc,front
112.553,11.7747,100,0
time
45.88,73.067
soc
68,76
f1,f2,first_soc,front
112.538,11.7921,100,0
time
45.88,96.1474
soc
76,43
f1,f2,first_soc,front
106.212,18.5372,100,0
time
45.88
soc
69
f1,f2,first_soc,front
105.202,19.6922,100,0
time
45.88
soc
67
f1,f2,first_soc,front
108.202,16.2616,100,0
time
41.8
soc
80
f1,f2,first_soc,front
111.25,13.2647,100,0
time
45.88,75.4767
soc
62,64
f1,f2,first_soc,front
104.162,20.8815,100,0
time
41.8
soc
72
f1,f2,first_soc,front
104.162,20.8815,100,0
time
41.8
soc
72
f1,f2,first_soc,front
103.656,21.459,100,0
time
41.8
soc
71
f1,f2,first_soc,front
103.656,21.459,100,0
time
41.8
soc
71
f1,f2,first_soc,front
105.202,19.6922,100,0
time
45.88
soc
67
f1,f2,first_soc,front
103.656,21.459,100,0
time
41.8
soc
71
f1,f2,first_soc,front
105.172,19.7265,100,0
time
41.8
soc
74
f1,f2,first_soc,front
105.172,19.7265,100,0
time
41.8
soc
74
f1,f2,first_soc,front
105.202,19.6922,100,0
time
45.88
soc
67
f1,f2,first_soc,front
105.172,19.7265,100,0
time
41.8
soc
74
f1,f2,first_soc,front
105.202,19.6922,100,0
time
45.88
soc
67
f1,f2,first_soc,front
105.025,19.8933,100,0
time
44.52
soc
69
f1,f2,first_soc,front
103.656,21.459,100,0
time
41.8
soc
71
f1,f2,first_soc,front
103.656,21.459,100,0
time
41.8
soc
71
f1,f2,first_soc,front
105.025,19.8933,100,0
time
44.52
soc
69
f1,f2,first_soc,front
103.656,21.459,100,0
time
41.8
soc
71
f1,f2,first_soc,front
103.656,21.459,100,0
time
41.8
soc
71
f1,f2,first_soc,front
105.172,19.7265,100,0
time
41.8
soc
74
f1,f2,first_soc,front
105.172,19.7265,100,0
time
41.8
soc
74
f1,f2,first_soc,front
105.202,19.6922,100,0
time
45.88
soc
67
f1,f2,first_soc,front
105.172,19.7265,100,0
time
41.8
soc
74
f1,f2,first_soc,front
105.202,19.6922,100,0
time
45.88
soc
67
f1,f2,first_soc,front
105.202,19.6922,100,0
time
45.88
soc
67
f1,f2,first_soc,front
103.656,21.459,100,0
time
41.8
soc
71
f1,f2,first_soc,front
105.202,19.6922,100,0
time
45.88
soc
67
f1,f2,first_soc,front
105.202,19.6922,100,0
time
45.88
soc
67
f1,f2,first_soc,front
105.172,19.7265,100,0
time
41.8
soc
74
f1,f2,first_soc,front
105.172,19.7265,100,0
time
41.8
soc
74
f1,f2,first_soc,front
105.202,19.6922,100,0
time
45.88
soc
67
f1,f2,first_soc,front
105.172,19.7265,100,0
time
41.8
soc
74
f1,f2,first_soc,front
105.172,19.7265,100,0
time
41.8
soc
74
f1,f2,first_soc,front
103.656,21.459,100,0
time
41.8
soc
71
f1,f2,first_soc,front
105.202,19.6922,100,0
time
45.88
soc
67
f1,f2,first_soc,front
103.656,21.459,100,0
time
41.8
soc
71
f1,f2,first_soc,front
106.717,17.9597,100,0
time
45.88
soc
70
f1,f2,first_soc,front
104.015,21.0483,100,0
time
44.52
soc
67
f1,f2,first_soc,front
104.015,21.0483,100,0
time
44.52
soc
67
f1,f2,first_soc,front
104.015,21.0483,100,0
time
44.52
soc
67
f1,f2,first_soc,front
104.52,20.4708,100,0
time
44.52
soc
68
f1,f2,first_soc,front
104.697,20.2697,100,0
time
45.88
soc
66
f1,f2,first_soc,front
104.697,20.2697,100,0
time
45.88
soc
66
f1,f2,first_soc,front
104.697,20.2697,100,0
time
45.88
soc
66
f1,f2,first_soc,front
104.697,20.2697,100,0
time
45.88
soc
66
f1,f2,first_soc,front
104.697,20.2697,100,0
time
45.88
soc
66
f1,f2,first_soc,front
104.697,20.2697,100,0
time
45.88
soc
66
f1,f2,first_soc,front
104.697,20.2697,100,0
time
45.88
soc
66
f1,f2,first_soc,front
104.015,21.0483,100,0
time
44.52
soc
67
f1,f2,first_soc,front
104.52,20.4708,100,0
time
44.52
soc
68
f1,f2,first_soc,front
104.697,20.2697,100,0
time
45.88
soc
66
f1,f2,first_soc,front
104.697,20.2697,100,0
time
45.88
soc
66
f1,f2,first_soc,front
104.015,21.0483,100,0
time
44.52
soc
67
f1,f2,first_soc,front
104.015,21.0483,100,0
time
44.52
soc
67
f1,f2,first_soc,front
104.162,20.8815,100,0
time
41.8
soc
72
f1,f2,first_soc,front
104.015,21.0483,100,0
time
44.52
soc
67
f1,f2,first_soc,front
104.015,21.0483,100,0
time
44.52
soc
67
f1,f2,first_soc,front
104.162,20.8815,100,0
time
41.8
soc
72
f1,f2,first_soc,front
104.015,21.0483,100,0
time
44.52
soc
67
f1,f2,first_soc,front
104.52,20.4708,100,0
time
44.52
soc
68
f1,f2,first_soc,front
104.52,20.4708,100,0
time
44.52
soc
68
第86世代
f1,f2,first_soc,front
103.656,21.459,100,0
time
41.8
soc
71
f1,f2,first_soc,front
113.735,11.5601,100,0
time
44.52,96.3205
soc
76,43
f1,f2,first_soc,front
111.263,12.7622,100,0
time
45.88
soc
79
f1,f2,first_soc,front
111.768,12.1847,100,0
time
45.88
soc
80
f1,f2,first_soc,front
113.735,11.5601,100,0
time
44.52,96.3205
soc
76,43
f1,f2,first_soc,front
112.765,11.563,100,0
time
45.88,75.4767
soc
62,67
f1,f2,first_soc,front
110.076,14.1184,100,0
time
44.52
soc
79
f1,f2,first_soc,front
111.755,12.6872,100,0
time
45.88,74.9716
soc
61,65
f1,f2,first_soc,front
110.757,13.3397,100,0
time
45.88
soc
78
f1,f2,first_soc,front
112.26,12.1097,100,0
time
45.88,75.4767
soc
62,66
f1,f2,first_soc,front
110.581,13.5409,100,0
time
44.52
soc
80
f1,f2,first_soc,front
110.252,13.9172,100,0
time
45.88
soc
77
f1,f2,first_soc,front
110.252,13.9172,100,0
time
45.88
soc
77
f1,f2,first_soc,front
109.747,14.4947,100,0
time
45.88
soc
76
f1,f2,first_soc,front
104.015,21.0483,100,0
time
44.52
soc
67
f1,f2,first_soc,front
104.162,20.8815,100,0
time
41.8
soc
72
f1,f2,first_soc,front
111.755,12.6872,100,0
time
45.88,75.9817
soc
63,65
f1,f2,first_soc,front
111.25,13.2647,100,0
time
45.88,75.4767
soc
62,64
f1,f2,first_soc,front
111.25,13.2647,100,0
time
45.88,74.9716
soc
61,64
f1,f2,first_soc,front
104.52,20.4708,100,0
time
44.52
soc
68
f1,f2,first_soc,front
104.162,20.8815,100,0
time
41.8
soc
72
f1,f2,first_soc,front
104.015,21.0483,100,0
time
44.52
soc
67
f1,f2,first_soc,front
103.656,21.459,100,0
time
41.8
soc
71
f1,f2,first_soc,front
109.571,14.6959,100,0
time
44.52
soc
78
f1,f2,first_soc,front
107.874,16.6381,100,0
time
43.16
soc
77
f1,f2,first_soc,front
108.055,16.4284,100,0
time
44.52
soc
75
f1,f2,first_soc,front
108.379,16.0606,100,0
time
43.16
soc
78
f1,f2,first_soc,front
107.55,17.0059,100,0
time
44.52
soc
74
f1,f2,first_soc,front
109.066,15.2734,100,0
time
44.52
soc
77
f1,f2,first_soc,front
107.045,17.5834,100,0
time
44.52
soc
73
f1,f2,first_soc,front
106.864,17.793,100,0
time
43.16
soc
75
f1,f2,first_soc,front
105.853,18.948,100,0
time
43.16
soc
73
f1,f2,first_soc,front
105.53,19.3158,100,0
time
44.52
soc
70
f1,f2,first_soc,front
106.035,18.7383,100,0
time
44.52
soc
71
f1,f2,first_soc,front
106.358,18.3705,100,0
time
43.16
soc
74
f1,f2,first_soc,front
106.54,18.1609,100,0
time
44.52
soc
72
f1,f2,first_soc,front
108.561,15.8509,100,0
time
44.52
soc
76
f1,f2,first_soc,front
108.561,15.8509,100,0
time
44.52
soc
76
f1,f2,first_soc,front
109.747,14.4947,100,0
time
45.88
soc
76
f1,f2,first_soc,front
109.571,14.6959,100,0
time
44.52
soc
78
f1,f2,first_soc,front
109.242,15.0722,100,0
time
45.88
soc
75
f1,f2,first_soc,front
109.066,15.2734,100,0
time
44.52
soc
77
f1,f2,first_soc,front
110.076,14.1184,100,0
time
44.52
soc
79
f1,f2,first_soc,front
110.757,13.3397,100,0
time
45.88
soc
78
f1,f2,first_soc,front
108.737,15.6497,100,0
time
45.88
soc
74
f1,f2,first_soc,front
104.843,20.103,100,0
time
43.16
soc
71
f1,f2,first_soc,front
109.389,14.9056,100,0
time
43.16
soc
80
f1,f2,first_soc,front
105.025,19.8933,100,0
time
44.52
soc
69
f1,f2,first_soc,front
103.656,21.459,100,0
time
41.8
soc
71
f1,f2,first_soc,front
104.52,20.4708,100,0
time
44.52
soc
68
f1,f2,first_soc,front
108.884,15.4831,100,0
time
43.16
soc
79
f1,f2,first_soc,front
107.369,17.2156,100,0
time
43.16
soc
76
f1,f2,first_soc,front
109.389,14.9056,100,0
time
43.16
soc
80
f1,f2,first_soc,front
105.348,19.5255,100,0
time
43.16
soc
72
f1,f2,first_soc,front
104.843,20.103,100,0
time
43.16
soc
71
f1,f2,first_soc,front
110.581,13.5409,100,0
time
44.52
soc
80
f1,f2,first_soc,front
112.538,11.7921,100,0
time
45.88,96.1474
soc
76,43
f1,f2,first_soc,front
107.55,17.0059,100,0
time
44.52
soc
74
f1,f2,first_soc,front
106.687,17.994,100,0
time
41.8
soc
77
f1,f2,first_soc,front
106.54,18.1609,100,0
time
44.52
soc
72
f1,f2,first_soc,front
106.035,18.7383,100,0
time
44.52
soc
71
f1,f2,first_soc,front
105.677,19.149,100,0
time
41.8
soc
75
f1,f2,first_soc,front
105.53,19.3158,100,0
time
44.52
soc
70
f1,f2,first_soc,front
107.697,16.839,100,0
time
41.8
soc
79
f1,f2,first_soc,front
107.045,17.5834,100,0
time
44.52
soc
73
f1,f2,first_soc,front
108.055,16.4284,100,0
time
44.52
soc
75
f1,f2,first_soc,front
104.697,20.2697,100,0
time
45.88
soc
66
f1,f2,first_soc,front
105.853,18.948,100,0
time
43.16
soc
73
f1,f2,first_soc,front
105.707,19.1147,100,0
time
45.88
soc
68
f1,f2,first_soc,front
106.212,18.5372,100,0
time
45.88
soc
69
f1,f2,first_soc,front
106.864,17.793,100,0
time
43.16
soc
75
f1,f2,first_soc,front
108.737,15.6497,100,0
time
45.88
soc
74
f1,f2,first_soc,front
109.242,15.0722,100,0
time
45.88
soc
75
f1,f2,first_soc,front
107.222,17.3822,100,0
time
45.88
soc
71
f1,f2,first_soc,front
108.232,16.2272,100,0
time
45.88
soc
73
f1,f2,first_soc,front
108.379,16.0606,100,0
time
43.16
soc
78
f1,f2,first_soc,front
112.391,11.9595,100,0
time
45.88,95.8371
soc
70,38
f1,f2,first_soc,front
112.765,11.563,100,0
time
45.88,75.4767
soc
62,67
f1,f2,first_soc,front
112.26,12.1097,100,0
time
45.88,75.4767
soc
62,66
f1,f2,first_soc,front
112.618,11.7025,100,0
time
37.72,77.626
soc
75,62
f1,f2,first_soc,front
107.369,17.2156,100,0
time
43.16
soc
76
f1,f2,first_soc,front
108.884,15.4831,100,0
time
43.16
soc
79
f1,f2,first_soc,front
105.348,19.5255,100,0
time
43.16
soc
72
f1,f2,first_soc,front
110.581,13.5409,100,0
time
44.52
soc
80
f1,f2,first_soc,front
104.52,20.4708,100,0
time
44.52
soc
68
f1,f2,first_soc,front
104.697,20.2697,100,0
time
45.88
soc
66
f1,f2,first_soc,front
106.182,18.5715,100,0
time
41.8
soc
76
f1,f2,first_soc,front
108.202,16.2616,100,0
time
41.8
soc
80
f1,f2,first_soc,front
105.172,19.7265,100,0
time
41.8
soc
74
f1,f2,first_soc,front
107.192,17.4165,100,0
time
41.8
soc
78
f1,f2,first_soc,front
107.727,16.8047,100,0
time
45.88
soc
72
f1,f2,first_soc,front
105.025,19.8933,100,0
time
44.52
soc
69
f1,f2,first_soc,front
106.717,17.9597,100,0
time
45.88
soc
70
f1,f2,first_soc,front
104.52,20.4708,100,0
time
44.52
soc
68
f1,f2,first_soc,front
109.747,14.4947,100,0
time
45.88
soc
76
f1,f2,first_soc,front
104.697,20.2697,100,0
time
45.88
soc
66
f1,f2,first_soc,front
112.391,11.9595,100,0
time
45.88,95.8371
soc
70,38
f1,f2,first_soc,front
105.025,19.8933,100,0
time
44.52
soc
69
f1,f2,first_soc,front
106.717,17.9597,100,0
time
45.88
soc
70
f1,f2,first_soc,front
105.202,19.6922,100,0
time
45.88
soc
67
f1,f2,first_soc,front
107.874,16.6381,100,0
time
43.16
soc
77
f1,f2,first_soc,front
106.358,18.3705,100,0
time
43.16
soc
74
f1,f2,first_soc,front
105.202,19.6922,100,0
time
45.88
soc
67
f1,f2,first_soc,front
106.358,18.3705,100,0
time
43.16
soc
74
f1,f2,first_soc,front
105.348,19.5255,100,0
time
43.16
soc
72
f1,f2,first_soc,front
105.172,19.7265,100,0
time
41.8
soc
74
f1,f2,first_soc,front
107.369,17.2156,100,0
time
43.16
soc
76
f1,f2,first_soc,front
104.162,20.8815,100,0
time
41.8
soc
72
f1,f2,first_soc,front
107.727,16.8047,100,0
time
45.88
soc
72
f1,f2,first_soc,front
108.202,16.2616,100,0
time
41.8
soc
80
f1,f2,first_soc,front
107.192,17.4165,100,0
time
41.8
soc
78
f1,f2,first_soc,front
108.884,15.4831,100,0
time
43.16
soc
79
f1,f2,first_soc,front
104.015,21.0483,100,0
time
44.52
soc
67
f1,f2,first_soc,front
107.874,16.6381,100,0
time
43.16
soc
77
f1,f2,first_soc,front
106.182,18.5715,100,0
time
41.8
soc
76
f1,f2,first_soc,front
112.618,11.7025,100,0
time
37.72,77.626
soc
75,62
f1,f2,first_soc,front
112.553,11.7747,100,0
time
45.88,73.067
soc
68,76
f1,f2,first_soc,front
112.391,11.9595,100,0
time
45.88,95.8371
soc
70,38
f1,f2,first_soc,front
111.25,13.2647,100,0
time
45.88,75.4767
soc
62,64
f1,f2,first_soc,front
111.263,12.7622,100,0
time
45.88
soc
79
f1,f2,first_soc,front
111.768,12.1847,100,0
time
45.88
soc
80
f1,f2,first_soc,front
112.618,11.7025,100,0
time
37.72,77.626
soc
75,62
f1,f2,first_soc,front
106.212,18.5372,100,0
time
45.88
soc
69
f1,f2,first_soc,front
107.222,17.3822,100,0
time
45.88
soc
71
f1,f2,first_soc,front
108.232,16.2272,100,0
time
45.88
soc
73
f1,f2,first_soc,front
105.707,19.1147,100,0
time
45.88
soc
68
f1,f2,first_soc,front
107.697,16.839,100,0
time
41.8
soc
79
f1,f2,first_soc,front
105.677,19.149,100,0
time
41.8
soc
75
f1,f2,first_soc,front
106.687,17.994,100,0
time
41.8
soc
77
f1,f2,first_soc,front
106.182,18.5715,100,0
time
41.8
soc
76
f1,f2,first_soc,front
107.192,17.4165,100,0
time
41.8
soc
78
f1,f2,first_soc,front
108.202,16.2616,100,0
time
41.8
soc
80
f1,f2,first_soc,front
105.202,19.6922,100,0
time
45.88
soc
67
f1,f2,first_soc,front
105.172,19.7265,100,0
time
41.8
soc
74
f1,f2,first_soc,front
107.727,16.8047,100,0
time
45.88
soc
72
f1,f2,first_soc,front
112.553,11.7747,100,0
time
45.88,73.067
soc
68,76
f1,f2,first_soc,front
112.538,11.7921,100,0
time
45.88,96.1474
soc
76,43
f1,f2,first_soc,front
105.202,19.6922,100,0
time
45.88
soc
67
f1,f2,first_soc,front
106.717,17.9597,100,0
time
45.88
soc
70
f1,f2,first_soc,front
111.768,12.1847,100,0
time
45.88
soc
80
f1,f2,first_soc,front
111.263,12.7622,100,0
time
45.88
soc
79
f1,f2,first_soc,front
105.172,19.7265,100,0
time
41.8
soc
74
f1,f2,first_soc,front
104.843,20.103,100,0
time
43.16
soc
71
f1,f2,first_soc,front
104.843,20.103,100,0
time
43.16
soc
71
f1,f2,first_soc,front
105.025,19.8933,100,0
time
44.52
soc
69
f1,f2,first_soc,front
105.025,19.8933,100,0
time
44.52
soc
69
f1,f2,first_soc,front
105.025,19.8933,100,0
time
44.52
soc
69
f1,f2,first_soc,front
105.172,19.7265,100,0
time
41.8
soc
74
f1,f2,first_soc,front
113.735,11.5601,100,0
time
44.52,96.3205
soc
76,43
f1,f2,first_soc,front
105.202,19.6922,100,0
time
45.88
soc
67
f1,f2,first_soc,front
105.202,19.6922,100,0
time
45.88
soc
67
f1,f2,first_soc,front
105.202,19.6922,100,0
time
45.88
soc
67
f1,f2,first_soc,front
105.202,19.6922,100,0
time
45.88
soc
67
f1,f2,first_soc,front
105.202,19.6922,100,0
time
45.88
soc
67
f1,f2,first_soc,front
105.202,19.6922,100,0
time
45.88
soc
67
f1,f2,first_soc,front
105.202,19.6922,100,0
time
45.88
soc
67
f1,f2,first_soc,front
105.202,19.6922,100,0
time
45.88
soc
67
f1,f2,first_soc,front
105.172,19.7265,100,0
time
41.8
soc
74
f1,f2,first_soc,front
105.172,19.7265,100,0
time
41.8
soc
74
f1,f2,first_soc,front
105.172,19.7265,100,0
time
41.8
soc
74
f1,f2,first_soc,front
105.172,19.7265,100,0
time
41.8
soc
74
f1,f2,first_soc,front
105.172,19.7265,100,0
time
41.8
soc
74
f1,f2,first_soc,front
105.172,19.7265,100,0
time
41.8
soc
74
f1,f2,first_soc,front
105.172,19.7265,100,0
time
41.8
soc
74
f1,f2,first_soc,front
105.172,19.7265,100,0
time
41.8
soc
74
f1,f2,first_soc,front
105.172,19.7265,100,0
time
41.8
soc
74
f1,f2,first_soc,front
105.202,19.6922,100,0
time
45.88
soc
67
f1,f2,first_soc,front
105.172,19.7265,100,0
time
41.8
soc
74
f1,f2,first_soc,front
105.172,19.7265,100,0
time
41.8
soc
74
f1,f2,first_soc,front
105.172,19.7265,100,0
time
41.8
soc
74
f1,f2,first_soc,front
105.172,19.7265,100,0
time
41.8
soc
74
f1,f2,first_soc,front
104.015,21.0483,100,0
time
44.52
soc
67
f1,f2,first_soc,front
112.765,11.563,100,0
time
45.88,75.4767
soc
62,67
f1,f2,first_soc,front
112.765,11.563,100,0
time
45.88,75.4767
soc
62,67
f1,f2,first_soc,front
104.015,21.0483,100,0
time
44.52
soc
67
f1,f2,first_soc,front
104.015,21.0483,100,0
time
44.52
soc
67
f1,f2,first_soc,front
104.015,21.0483,100,0
time
44.52
soc
67
f1,f2,first_soc,front
104.015,21.0483,100,0
time
44.52
soc
67
f1,f2,first_soc,front
104.015,21.0483,100,0
time
44.52
soc
67
f1,f2,first_soc,front
104.015,21.0483,100,0
time
44.52
soc
67
f1,f2,first_soc,front
103.656,21.459,100,0
time
41.8
soc
71
f1,f2,first_soc,front
104.015,21.0483,100,0
time
44.52
soc
67
f1,f2,first_soc,front
104.015,21.0483,100,0
time
44.52
soc
67
f1,f2,first_soc,front
104.015,21.0483,100,0
time
44.52
soc
67
f1,f2,first_soc,front
104.015,21.0483,100,0
time
44.52
soc
67
f1,f2,first_soc,front
104.015,21.0483,100,0
time
44.52
soc
67
f1,f2,first_soc,front
104.015,21.0483,100,0
time
44.52
soc
67
f1,f2,first_soc,front
104.015,21.0483,100,0
time
44.52
soc
67
f1,f2,first_soc,front
104.162,20.8815,100,0
time
41.8
soc
72
f1,f2,first_soc,front
103.656,21.459,100,0
time
41.8
soc
71
f1,f2,first_soc,front
110.581,13.5409,100,0
time
44.52
soc
80
f1,f2,first_soc,front
112.765,11.563,100,0
time
45.88,75.4767
soc
62,67
f1,f2,first_soc,front
103.656,21.459,100,0
time
41.8
soc
71
f1,f2,first_soc,front
103.656,21.459,100,0
time
41.8
soc
71
f1,f2,first_soc,front
103.656,21.459,100,0
time
41.8
soc
71
f1,f2,first_soc,front
103.656,21.459,100,0
time
41.8
soc
71
f1,f2,first_soc,front
103.656,21.459,100,0
time
41.8
soc
71
f1,f2,first_soc,front
103.656,21.459,100,0
time
41.8
soc
71
f1,f2,first_soc,front
104.162,20.8815,100,0
time
41.8
soc
72
f1,f2,first_soc,front
103.656,21.459,100,0
time
41.8
soc
71
第87世代
f1,f2,first_soc,front
103.656,21.459,100,0
time
41.8
soc
71
f1,f2,first_soc,front
113.735,11.5601,100,0
time
44.52,96.3205
soc
76,43
f1,f2,first_soc,front
112.765,11.563,100,0
time
45.88,75.4767
soc
62,67
f1,f2,first_soc,front
111.263,12.7622,100,0
time
45.88
soc
79
f1,f2,first_soc,front
111.768,12.1847,100,0
time
45.88
soc
80
f1,f2,first_soc,front
113.735,11.5601,100,0
time
44.52,96.3205
soc
76,43
f1,f2,first_soc,front
104.162,20.8815,100,0
time
41.8
soc
72
f1,f2,first_soc,front
110.252,13.9172,100,0
time
45.88
soc
77
f1,f2,first_soc,front
104.52,20.4708,100,0
time
44.52
soc
68
f1,f2,first_soc,front
111.755,12.6872,100,0
time
45.88,75.9817
soc
63,65
f1,f2,first_soc,front
110.757,13.3397,100,0
time
45.88
soc
78
f1,f2,first_soc,front
112.26,12.1097,100,0
time
45.88,75.4767
soc
62,66
f1,f2,first_soc,front
111.25,13.2647,100,0
time
45.88,75.4767
soc
62,64
f1,f2,first_soc,front
104.52,20.4708,100,0
time
44.52
soc
68
f1,f2,first_soc,front
110.581,13.5409,100,0
time
44.52
soc
80
f1,f2,first_soc,front
110.076,14.1184,100,0
time
44.52
soc
79
f1,f2,first_soc,front
110.076,14.1184,100,0
time
44.52
soc
79
f1,f2,first_soc,front
109.747,14.4947,100,0
time
45.88
soc
76
f1,f2,first_soc,front
111.25,13.2647,100,0
time
45.88,75.4767
soc
62,64
f1,f2,first_soc,front
111.755,12.6872,100,0
time
45.88,74.9716
soc
61,65
f1,f2,first_soc,front
103.656,21.459,100,0
time
41.8
soc
71
f1,f2,first_soc,front
104.015,21.0483,100,0
time
44.52
soc
67
f1,f2,first_soc,front
109.389,14.9056,100,0
time
43.16
soc
80
f1,f2,first_soc,front
109.571,14.6959,100,0
time
44.52
soc
78
f1,f2,first_soc,front
107.874,16.6381,100,0
time
43.16
soc
77
f1,f2,first_soc,front
108.561,15.8509,100,0
time
44.52
soc
76
f1,f2,first_soc,front
109.066,15.2734,100,0
time
44.52
soc
77
f1,f2,first_soc,front
107.045,17.5834,100,0
time
44.52
soc
73
f1,f2,first_soc,front
107.55,17.0059,100,0
time
44.52
soc
74
f1,f2,first_soc,front
105.025,19.8933,100,0
time
44.52
soc
69
f1,f2,first_soc,front
106.358,18.3705,100,0
time
43.16
soc
74
f1,f2,first_soc,front
105.853,18.948,100,0
time
43.16
soc
73
f1,f2,first_soc,front
105.53,19.3158,100,0
time
44.52
soc
70
f1,f2,first_soc,front
109.747,14.4947,100,0
time
45.88
soc
76
f1,f2,first_soc,front
108.737,15.6497,100,0
time
45.88
soc
74
f1,f2,first_soc,front
109.066,15.2734,100,0
time
44.52
soc
77
f1,f2,first_soc,front
108.561,15.8509,100,0
time
44.52
soc
76
f1,f2,first_soc,front
110.252,13.9172,100,0
time
45.88
soc
77
f1,f2,first_soc,front
109.571,14.6959,100,0
time
44.52
soc
78
f1,f2,first_soc,front
105.348,19.5255,100,0
time
43.16
soc
72
f1,f2,first_soc,front
104.843,20.103,100,0
time
43.16
soc
71
f1,f2,first_soc,front
107.369,17.2156,100,0
time
43.16
soc
76
f1,f2,first_soc,front
106.035,18.7383,100,0
time
44.52
soc
71
f1,f2,first_soc,front
108.055,16.4284,100,0
time
44.52
soc
75
f1,f2,first_soc,front
104.015,21.0483,100,0
time
44.52
soc
67
f1,f2,first_soc,front
103.656,21.459,100,0
time
41.8
soc
71
f1,f2,first_soc,front
106.035,18.7383,100,0
time
44.52
soc
71
f1,f2,first_soc,front
108.884,15.4831,100,0
time
43.16
soc
79
f1,f2,first_soc,front
108.379,16.0606,100,0
time
43.16
soc
78
f1,f2,first_soc,front
107.369,17.2156,100,0
time
43.16
soc
76
f1,f2,first_soc,front
105.348,19.5255,100,0
time
43.16
soc
72
f1,f2,first_soc,front
104.697,20.2697,100,0
time
45.88
soc
66
f1,f2,first_soc,front
109.242,15.0722,100,0
time
45.88
soc
75
f1,f2,first_soc,front
110.581,13.5409,100,0
time
44.52
soc
80
f1,f2,first_soc,front
112.538,11.7921,100,0
time
45.88,96.1474
soc
76,43
f1,f2,first_soc,front
104.162,20.8815,100,0
time
41.8
soc
72
f1,f2,first_soc,front
105.53,19.3158,100,0
time
44.52
soc
70
f1,f2,first_soc,front
107.55,17.0059,100,0
time
44.52
soc
74
f1,f2,first_soc,front
106.182,18.5715,100,0
time
41.8
soc
76
f1,f2,first_soc,front
106.54,18.1609,100,0
time
44.52
soc
72
f1,f2,first_soc,front
106.687,17.994,100,0
time
41.8
soc
77
f1,f2,first_soc,front
108.202,16.2616,100,0
time
41.8
soc
80
f1,f2,first_soc,front
105.025,19.8933,100,0
time
44.52
soc
69
f1,f2,first_soc,front
107.045,17.5834,100,0
time
44.52
soc
73
f1,f2,first_soc,front
107.192,17.4165,100,0
time
41.8
soc
78
f1,f2,first_soc,front
106.358,18.3705,100,0
time
43.16
soc
74
f1,f2,first_soc,front
105.853,18.948,100,0
time
43.16
soc
73
f1,f2,first_soc,front
105.707,19.1147,100,0
time
45.88
soc
68
f1,f2,first_soc,front
106.864,17.793,100,0
time
43.16
soc
75
f1,f2,first_soc,front
107.727,16.8047,100,0
time
45.88
soc
72
f1,f2,first_soc,front
107.874,16.6381,100,0
time
43.16
soc
77
f1,f2,first_soc,front
108.737,15.6497,100,0
time
45.88
soc
74
f1,f2,first_soc,front
106.717,17.9597,100,0
time
45.88
soc
70
f1,f2,first_soc,front
107.222,17.3822,100,0
time
45.88
soc
71
f1,f2,first_soc,front
108.232,16.2272,100,0
time
45.88
soc
73
f1,f2,first_soc,front
109.389,14.9056,100,0
time
43.16
soc
80
f1,f2,first_soc,front
112.391,11.9595,100,0
time
45.88,95.8371
soc
70,38
f1,f2,first_soc,front
112.26,12.1097,100,0
time
45.88,75.4767
soc
62,66
f1,f2,first_soc,front
106.864,17.793,100,0
time
43.16
soc
75
f1,f2,first_soc,front
106.54,18.1609,100,0
time
44.52
soc
72
f1,f2,first_soc,front
108.379,16.0606,100,0
time
43.16
soc
78
f1,f2,first_soc,front
108.884,15.4831,100,0
time
43.16
soc
79
f1,f2,first_soc,front
110.581,13.5409,100,0
time
44.52
soc
80
f1,f2,first_soc,front
110.757,13.3397,100,0
time
45.88
soc
78
f1,f2,first_soc,front
107.697,16.839,100,0
time
41.8
soc
79
f1,f2,first_soc,front
105.677,19.149,100,0
time
41.8
soc
75
f1,f2,first_soc,front
106.864,17.793,100,0
time
43.16
soc
75
f1,f2,first_soc,front
108.055,16.4284,100,0
time
44.52
soc
75
f1,f2,first_soc,front
104.843,20.103,100,0
time
43.16
soc
71
f1,f2,first_soc,front
106.54,18.1609,100,0
time
44.52
soc
72
f1,f2,first_soc,front
106.212,18.5372,100,0
time
45.88
soc
69
f1,f2,first_soc,front
105.172,19.7265,100,0
time
41.8
soc
74
f1,f2,first_soc,front
107.697,16.839,100,0
time
41.8
soc
79
f1,f2,first_soc,front
109.747,14.4947,100,0
time
45.88
soc
76
f1,f2,first_soc,front
104.697,20.2697,100,0
time
45.88
soc
66
f1,f2,first_soc,front
110.757,13.3397,100,0
time
45.88
soc
78
f1,f2,first_soc,front
109.242,15.0722,100,0
time
45.88
soc
75
f1,f2,first_soc,front
112.391,11.9595,100,0
time
45.88,95.8371
soc
70,38
f1,f2,first_soc,front
104.015,21.0483,100,0
time
44.52
soc
67
f1,f2,first_soc,front
105.172,19.7265,100,0
time
41.8
soc
74
f1,f2,first_soc,front
108.055,16.4284,100,0
time
44.52
soc
75
f1,f2,first_soc,front
105.202,19.6922,100,0
time
45.88
soc
67
f1,f2,first_soc,front
104.843,20.103,100,0
time
43.16
soc
71
f1,f2,first_soc,front
104.697,20.2697,100,0
time
45.88
soc
66
f1,f2,first_soc,front
109.242,15.0722,100,0
time
45.88
soc
75
f1,f2,first_soc,front
106.212,18.5372,100,0
time
45.88
soc
69
f1,f2,first_soc,front
105.202,19.6922,100,0
time
45.88
soc
67
f1,f2,first_soc,front
112.618,11.7025,100,0
time
37.72,77.626
soc
75,62
f1,f2,first_soc,front
112.765,11.563,100,0
time
45.88,75.4767
soc
62,67
f1,f2,first_soc,front
108.884,15.4831,100,0
time
43.16
soc
79
f1,f2,first_soc,front
108.379,16.0606,100,0
time
43.16
soc
78
f1,f2,first_soc,front
104.015,21.0483,100,0
time
44.52
soc
67
f1,f2,first_soc,front
105.677,19.149,100,0
time
41.8
soc
75
f1,f2,first_soc,front
112.618,11.7025,100,0
time
37.72,77.626
soc
75,62
f1,f2,first_soc,front
112.553,11.7747,100,0
time
45.88,73.067
soc
68,76
f1,f2,first_soc,front
112.391,11.9595,100,0
time
45.88,95.8371
soc
70,38
f1,f2,first_soc,front
111.263,12.7622,100,0
time
45.88
soc
79
f1,f2,first_soc,front
111.768,12.1847,100,0
time
45.88
soc
80
f1,f2,first_soc,front
112.618,11.7025,100,0
time
37.72,77.626
soc
75,62
f1,f2,first_soc,front
112.618,11.7025,100,0
time
37.72,77.626
soc
75,62
f1,f2,first_soc,front
108.232,16.2272,100,0
time
45.88
soc
73
f1,f2,first_soc,front
108.202,16.2616,100,0
time
41.8
soc
80
f1,f2,first_soc,front
106.182,18.5715,100,0
time
41.8
soc
76
f1,f2,first_soc,front
107.222,17.3822,100,0
time
45.88
soc
71
f1,f2,first_soc,front
107.192,17.4165,100,0
time
41.8
soc
78
f1,f2,first_soc,front
107.727,16.8047,100,0
time
45.88
soc
72
f1,f2,first_soc,front
106.687,17.994,100,0
time
41.8
soc
77
f1,f2,first_soc,front
106.717,17.9597,100,0
time
45.88
soc
70
f1,f2,first_soc,front
105.707,19.1147,100,0
time
45.88
soc
68
f1,f2,first_soc,front
105.202,19.6922,100,0
time
45.88
soc
67
f1,f2,first_soc,front
105.677,19.149,100,0
time
41.8
soc
75
f1,f2,first_soc,front
112.538,11.7921,100,0
time
45.88,96.1474
soc
76,43
f1,f2,first_soc,front
112.553,11.7747,100,0
time
45.88,73.067
soc
68,76
f1,f2,first_soc,front
105.172,19.7265,100,0
time
41.8
soc
74
f1,f2,first_soc,front
105.202,19.6922,100,0
time
45.88
soc
67
f1,f2,first_soc,front
106.212,18.5372,100,0
time
45.88
soc
69
f1,f2,first_soc,front
111.768,12.1847,100,0
time
45.88
soc
80
f1,f2,first_soc,front
111.263,12.7622,100,0
time
45.88
soc
79
f1,f2,first_soc,front
112.765,11.563,100,0
time
45.88,75.4767
soc
62,67
f1,f2,first_soc,front
105.202,19.6922,100,0
time
45.88
soc
67
f1,f2,first_soc,front
105.172,19.7265,100,0
time
41.8
soc
74
f1,f2,first_soc,front
105.172,19.7265,100,0
time
41.8
soc
74
f1,f2,first_soc,front
105.172,19.7265,100,0
time
41.8
soc
74
f1,f2,first_soc,front
105.172,19.7265,100,0
time
41.8
soc
74
f1,f2,first_soc,front
112.618,11.7025,100,0
time
37.72,77.626
soc
75,62
f1,f2,first_soc,front
105.202,19.6922,100,0
time
45.88
soc
67
f1,f2,first_soc,front
105.025,19.8933,100,0
time
44.52
soc
69
f1,f2,first_soc,front
105.172,19.7265,100,0
time
41.8
soc
74
f1,f2,first_soc,front
105.172,19.7265,100,0
time
41.8
soc
74
f1,f2,first_soc,front
105.172,19.7265,100,0
time
41.8
soc
74
f1,f2,first_soc,front
105.172,19.7265,100,0
time
41.8
soc
74
f1,f2,first_soc,front
105.025,19.8933,100,0
time
44.52
soc
69
f1,f2,first_soc,front
105.025,19.8933,100,0
time
44.52
soc
69
f1,f2,first_soc,front
105.172,19.7265,100,0
time
41.8
soc
74
f1,f2,first_soc,front
113.735,11.5601,100,0
time
44.52,96.3205
soc
76,43
f1,f2,first_soc,front
105.202,19.6922,100,0
time
45.88
soc
67
f1,f2,first_soc,front
105.202,19.6922,100,0
time
45.88
soc
67
f1,f2,first_soc,front
105.172,19.7265,100,0
time
41.8
soc
74
f1,f2,first_soc,front
105.172,19.7265,100,0
time
41.8
soc
74
f1,f2,first_soc,front
105.172,19.7265,100,0
time
41.8
soc
74
f1,f2,first_soc,front
105.202,19.6922,100,0
time
45.88
soc
67
f1,f2,first_soc,front
105.172,19.7265,100,0
time
41.8
soc
74
f1,f2,first_soc,front
105.172,19.7265,100,0
time
41.8
soc
74
f1,f2,first_soc,front
105.172,19.7265,100,0
time
41.8
soc
74
f1,f2,first_soc,front
105.172,19.7265,100,0
time
41.8
soc
74
f1,f2,first_soc,front
105.172,19.7265,100,0
time
41.8
soc
74
f1,f2,first_soc,front
105.202,19.6922,100,0
time
45.88
soc
67
f1,f2,first_soc,front
105.202,19.6922,100,0
time
45.88
soc
67
f1,f2,first_soc,front
105.202,19.6922,100,0
time
45.88
soc
67
f1,f2,first_soc,front
105.172,19.7265,100,0
time
41.8
soc
74
f1,f2,first_soc,front
105.202,19.6922,100,0
time
45.88
soc
67
f1,f2,first_soc,front
105.202,19.6922,100,0
time
45.88
soc
67
f1,f2,first_soc,front
105.172,19.7265,100,0
time
41.8
soc
74
f1,f2,first_soc,front
105.172,19.7265,100,0
time
41.8
soc
74
f1,f2,first_soc,front
104.015,21.0483,100,0
time
44.52
soc
67
f1,f2,first_soc,front
104.162,20.8815,100,0
time
41.8
soc
72
f1,f2,first_soc,front
104.015,21.0483,100,0
time
44.52
soc
67
f1,f2,first_soc,front
104.015,21.0483,100,0
time
44.52
soc
67
f1,f2,first_soc,front
104.015,21.0483,100,0
time
44.52
soc
67
f1,f2,first_soc,front
104.015,21.0483,100,0
time
44.52
soc
67
f1,f2,first_soc,front
104.015,21.0483,100,0
time
44.52
soc
67
f1,f2,first_soc,front
104.015,21.0483,100,0
time
44.52
soc
67
f1,f2,first_soc,front
104.015,21.0483,100,0
time
44.52
soc
67
f1,f2,first_soc,front
104.015,21.0483,100,0
time
44.52
soc
67
f1,f2,first_soc,front
104.015,21.0483,100,0
time
44.52
soc
67
f1,f2,first_soc,front
104.015,21.0483,100,0
time
44.52
soc
67
f1,f2,first_soc,front
104.015,21.0483,100,0
time
44.52
soc
67
f1,f2,first_soc,front
104.015,21.0483,100,0
time
44.52
soc
67
f1,f2,first_soc,front
104.015,21.0483,100,0
time
44.52
soc
67
f1,f2,first_soc,front
104.015,21.0483,100,0
time
44.52
soc
67
f1,f2,first_soc,front
104.162,20.8815,100,0
time
41.8
soc
72
f1,f2,first_soc,front
104.015,21.0483,100,0
time
44.52
soc
67
f1,f2,first_soc,front
113.735,11.5601,100,0
time
44.52,96.3205
soc
76,43
f1,f2,first_soc,front
113.735,11.5601,100,0
time
44.52,96.3205
soc
76,43
f1,f2,first_soc,front
103.656,21.459,100,0
time
41.8
soc
71
f1,f2,first_soc,front
103.656,21.459,100,0
time
41.8
soc
71
f1,f2,first_soc,front
103.656,21.459,100,0
time
41.8
soc
71
f1,f2,first_soc,front
103.656,21.459,100,0
time
41.8
soc
71
f1,f2,first_soc,front
103.656,21.459,100,0
time
41.8
soc
71
f1,f2,first_soc,front
103.656,21.459,100,0
time
41.8
soc
71
第88世代
f1,f2,first_soc,front
103.656,21.459,100,0
time
41.8
soc
71
f1,f2,first_soc,front
113.735,11.5601,100,0
time
44.52,96.3205
soc
76,43
f1,f2,first_soc,front
103.656,21.459,100,0
time
41.8
soc
71
f1,f2,first_soc,front
112.765,11.563,100,0
time
45.88,75.4767
soc
62,67
f1,f2,first_soc,front
111.263,12.7622,100,0
time
45.88
soc
79
f1,f2,first_soc,front
111.768,12.1847,100,0
time
45.88
soc
80
f1,f2,first_soc,front
113.735,11.5601,100,0
time
44.52,96.3205
soc
76,43
f1,f2,first_soc,front
110.076,14.1184,100,0
time
44.52
soc
79
f1,f2,first_soc,front
110.581,13.5409,100,0
time
44.52
soc
80
f1,f2,first_soc,front
110.757,13.3397,100,0
time
45.88
soc
78
f1,f2,first_soc,front
111.755,12.6872,100,0
time
45.88,74.9716
soc
61,65
f1,f2,first_soc,front
112.26,12.1097,100,0
time
45.88,75.9817
soc
63,66
f1,f2,first_soc,front
110.252,13.9172,100,0
time
45.88
soc
77
f1,f2,first_soc,front
109.747,14.4947,100,0
time
45.88
soc
76
f1,f2,first_soc,front
111.755,12.6872,100,0
time
45.88,74.9716
soc
61,65
f1,f2,first_soc,front
111.25,13.2647,100,0
time
45.88,75.4767
soc
62,64
f1,f2,first_soc,front
111.25,13.2647,100,0
time
45.88,75.4767
soc
62,64
f1,f2,first_soc,front
104.162,20.8815,100,0
time
41.8
soc
72
f1,f2,first_soc,front
104.52,20.4708,100,0
time
44.52
soc
68
f1,f2,first_soc,front
104.015,21.0483,100,0
time
44.52
soc
67
f1,f2,first_soc,front
109.571,14.6959,100,0
time
44.52
soc
78
f1,f2,first_soc,front
107.369,17.2156,100,0
time
43.16
soc
76
f1,f2,first_soc,front
108.561,15.8509,100,0
time
44.52
soc
76
f1,f2,first_soc,front
108.884,15.4831,100,0
time
43.16
soc
79
f1,f2,first_soc,front
107.874,16.6381,100,0
time
43.16
soc
77
f1,f2,first_soc,front
107.55,17.0059,100,0
time
44.52
soc
74
f1,f2,first_soc,front
107.045,17.5834,100,0
time
44.52
soc
73
f1,f2,first_soc,front
105.348,19.5255,100,0
time
43.16
soc
72
f1,f2,first_soc,front
106.358,18.3705,100,0
time
43.16
soc
74
f1,f2,first_soc,front
105.853,18.948,100,0
time
43.16
soc
73
f1,f2,first_soc,front
106.035,18.7383,100,0
time
44.52
soc
71
f1,f2,first_soc,front
105.53,19.3158,100,0
time
44.52
soc
70
f1,f2,first_soc,front
109.066,15.2734,100,0
time
44.52
soc
77
f1,f2,first_soc,front
110.252,13.9172,100,0
time
45.88
soc
77
f1,f2,first_soc,front
109.747,14.4947,100,0
time
45.88
soc
76
f1,f2,first_soc,front
104.52,20.4708,100,0
time
44.52
soc
68
f1,f2,first_soc,front
110.581,13.5409,100,0
time
44.52
soc
80
f1,f2,first_soc,front
108.561,15.8509,100,0
time
44.52
soc
76
f1,f2,first_soc,front
104.697,20.2697,100,0
time
45.88
soc
66
f1,f2,first_soc,front
109.242,15.0722,100,0
time
45.88
soc
75
f1,f2,first_soc,front
109.571,14.6959,100,0
time
44.52
soc
78
f1,f2,first_soc,front
110.076,14.1184,100,0
time
44.52
soc
79
f1,f2,first_soc,front
105.025,19.8933,100,0
time
44.52
soc
69
f1,f2,first_soc,front
104.52,20.4708,100,0
time
44.52
soc
68
f1,f2,first_soc,front
103.656,21.459,100,0
time
41.8
soc
71
f1,f2,first_soc,front
104.162,20.8815,100,0
time
41.8
soc
72
f1,f2,first_soc,front
104.015,21.0483,100,0
time
44.52
soc
67
f1,f2,first_soc,front
108.055,16.4284,100,0
time
44.52
soc
75
f1,f2,first_soc,front
106.54,18.1609,100,0
time
44.52
soc
72
f1,f2,first_soc,front
106.864,17.793,100,0
time
43.16
soc
75
f1,f2,first_soc,front
108.379,16.0606,100,0
time
43.16
soc
78
f1,f2,first_soc,front
109.389,14.9056,100,0
time
43.16
soc
80
f1,f2,first_soc,front
108.737,15.6497,100,0
time
45.88
soc
74
f1,f2,first_soc,front
112.538,11.7921,100,0
time
45.88,96.1474
soc
76,43
f1,f2,first_soc,front
112.391,11.9595,100,0
time
45.88,95.8371
soc
70,38
f1,f2,first_soc,front
106.182,18.5715,100,0
time
41.8
soc
76
f1,f2,first_soc,front
106.035,18.7383,100,0
time
44.52
soc
71
f1,f2,first_soc,front
107.55,17.0059,100,0
time
44.52
soc
74
f1,f2,first_soc,front
106.687,17.994,100,0
time
41.8
soc
77
f1,f2,first_soc,front
105.53,19.3158,100,0
time
44.52
soc
70
f1,f2,first_soc,front
105.677,19.149,100,0
time
41.8
soc
75
f1,f2,first_soc,front
107.192,17.4165,100,0
time
41.8
soc
78
f1,f2,first_soc,front
108.202,16.2616,100,0
time
41.8
soc
80
f1,f2,first_soc,front
107.045,17.5834,100,0
time
44.52
soc
73
f1,f2,first_soc,front
104.697,20.2697,100,0
time
45.88
soc
66
f1,f2,first_soc,front
106.358,18.3705,100,0
time
43.16
soc
74
f1,f2,first_soc,front
105.853,18.948,100,0
time
43.16
soc
73
f1,f2,first_soc,front
106.717,17.9597,100,0
time
45.88
soc
70
f1,f2,first_soc,front
108.884,15.4831,100,0
time
43.16
soc
79
f1,f2,first_soc,front
107.727,16.8047,100,0
time
45.88
soc
72
f1,f2,first_soc,front
107.874,16.6381,100,0
time
43.16
soc
77
f1,f2,first_soc,front
109.242,15.0722,100,0
time
45.88
soc
75
f1,f2,first_soc,front
107.369,17.2156,100,0
time
43.16
soc
76
f1,f2,first_soc,front
108.232,16.2272,100,0
time
45.88
soc
73
f1,f2,first_soc,front
112.26,12.1097,100,0
time
45.88,75.4767
soc
62,66
f1,f2,first_soc,front
112.618,11.7025,100,0
time
37.72,77.626
soc
75,62
f1,f2,first_soc,front
109.389,14.9056,100,0
time
43.16
soc
80
f1,f2,first_soc,front
108.379,16.0606,100,0
time
43.16
soc
78
f1,f2,first_soc,front
106.864,17.793,100,0
time
43.16
soc
75
f1,f2,first_soc,front
108.055,16.4284,100,0
time
44.52
soc
75
f1,f2,first_soc,front
104.843,20.103,100,0
time
43.16
soc
71
f1,f2,first_soc,front
106.54,18.1609,100,0
time
44.52
soc
72
f1,f2,first_soc,front
109.066,15.2734,100,0
time
44.52
soc
77
f1,f2,first_soc,front
107.697,16.839,100,0
time
41.8
soc
79
f1,f2,first_soc,front
109.066,15.2734,100,0
time
44.52
soc
77
f1,f2,first_soc,front
105.025,19.8933,100,0
time
44.52
soc
69
f1,f2,first_soc,front
104.843,20.103,100,0
time
43.16
soc
71
f1,f2,first_soc,front
106.212,18.5372,100,0
time
45.88
soc
69
f1,f2,first_soc,front
105.707,19.1147,100,0
time
45.88
soc
68
f1,f2,first_soc,front
110.252,13.9172,100,0
time
45.88
soc
77
f1,f2,first_soc,front
108.737,15.6497,100,0
time
45.88
soc
74
f1,f2,first_soc,front
110.757,13.3397,100,0
time
45.88
soc
78
f1,f2,first_soc,front
109.747,14.4947,100,0
time
45.88
soc
76
f1,f2,first_soc,front
104.162,20.8815,100,0
time
41.8
soc
72
f1,f2,first_soc,front
104.015,21.0483,100,0
time
44.52
soc
67
f1,f2,first_soc,front
105.172,19.7265,100,0
time
41.8
soc
74
f1,f2,first_soc,front
105.025,19.8933,100,0
time
44.52
soc
69
f1,f2,first_soc,front
105.348,19.5255,100,0
time
43.16
soc
72
f1,f2,first_soc,front
108.737,15.6497,100,0
time
45.88
soc
74
f1,f2,first_soc,front
105.202,19.6922,100,0
time
45.88
soc
67
f1,f2,first_soc,front
104.843,20.103,100,0
time
43.16
soc
71
f1,f2,first_soc,front
107.222,17.3822,100,0
time
45.88
soc
71
f1,f2,first_soc,front
105.707,19.1147,100,0
time
45.88
soc
68
f1,f2,first_soc,front
106.212,18.5372,100,0
time
45.88
soc
69
f1,f2,first_soc,front
112.391,11.9595,100,0
time
45.88,95.8371
soc
70,38
f1,f2,first_soc,front
105.202,19.6922,100,0
time
45.88
soc
67
f1,f2,first_soc,front
105.348,19.5255,100,0
time
43.16
soc
72
f1,f2,first_soc,front
104.843,20.103,100,0
time
43.16
soc
71
f1,f2,first_soc,front
112.765,11.563,100,0
time
45.88,75.9817
soc
63,67
f1,f2,first_soc,front
108.379,16.0606,100,0
time
43.16
soc
78
f1,f2,first_soc,front
105.172,19.7265,100,0
time
41.8
soc
74
f1,f2,first_soc,front
104.162,20.8815,100,0
time
41.8
soc
72
f1,f2,first_soc,front
108.055,16.4284,100,0
time
44.52
soc
75
f1,f2,first_soc,front
106.54,18.1609,100,0
time
44.52
soc
72
f1,f2,first_soc,front
107.697,16.839,100,0
time
41.8
soc
79
f1,f2,first_soc,front
107.222,17.3822,100,0
time
45.88
soc
71
f1,f2,first_soc,front
106.864,17.793,100,0
time
43.16
soc
75
f1,f2,first_soc,front
109.389,14.9056,100,0
time
43.16
soc
80
f1,f2,first_soc,front
104.015,21.0483,100,0
time
44.52
soc
67
f1,f2,first_soc,front
112.618,11.7025,100,0
time
37.72,77.626
soc
75,62
f1,f2,first_soc,front
112.391,11.9595,100,0
time
45.88,95.8371
soc
70,38
f1,f2,first_soc,front
112.553,11.7747,100,0
time
45.88,73.067
soc
68,76
f1,f2,first_soc,front
112.553,11.7747,100,0
time
45.88,73.067
soc
68,76
f1,f2,first_soc,front
111.263,12.7622,100,0
time
45.88
soc
79
f1,f2,first_soc,front
110.757,13.3397,100,0
time
45.88
soc
78
f1,f2,first_soc,front
111.768,12.1847,100,0
time
45.88
soc
80
f1,f2,first_soc,front
111.25,13.2647,100,0
time
45.88,75.4767
soc
62,64
f1,f2,first_soc,front
112.618,11.7025,100,0
time
37.72,77.626
soc
75,62
f1,f2,first_soc,front
106.182,18.5715,100,0
time
41.8
soc
76
f1,f2,first_soc,front
107.192,17.4165,100,0
time
41.8
soc
78
f1,f2,first_soc,front
108.202,16.2616,100,0
time
41.8
soc
80
f1,f2,first_soc,front
107.222,17.3822,100,0
time
45.88
soc
71
f1,f2,first_soc,front
108.232,16.2272,100,0
time
45.88
soc
73
f1,f2,first_soc,front
106.717,17.9597,100,0
time
45.88
soc
70
f1,f2,first_soc,front
107.727,16.8047,100,0
time
45.88
soc
72
f1,f2,first_soc,front
106.687,17.994,100,0
time
41.8
soc
77
f1,f2,first_soc,front
105.677,19.149,100,0
time
41.8
soc
75
f1,f2,first_soc,front
105.172,19.7265,100,0
time
41.8
soc
74
f1,f2,first_soc,front
107.697,16.839,100,0
time
41.8
soc
79
f1,f2,first_soc,front
105.202,19.6922,100,0
time
45.88
soc
67
f1,f2,first_soc,front
112.538,11.7921,100,0
time
45.88,96.1474
soc
76,43
f1,f2,first_soc,front
105.707,19.1147,100,0
time
45.88
soc
68
f1,f2,first_soc,front
105.172,19.7265,100,0
time
41.8
soc
74
f1,f2,first_soc,front
106.212,18.5372,100,0
time
45.88
soc
69
f1,f2,first_soc,front
105.202,19.6922,100,0
time
45.88
soc
67
f1,f2,first_soc,front
111.263,12.7622,100,0
time
45.88
soc
79
f1,f2,first_soc,front
111.25,13.2647,100,0
time
45.88,75.4767
soc
62,64
f1,f2,first_soc,front
111.768,12.1847,100,0
time
45.88
soc
80
f1,f2,first_soc,front
112.765,11.563,100,0
time
45.88,75.4767
soc
62,67
f1,f2,first_soc,front
105.202,19.6922,100,0
time
45.88
soc
67
f1,f2,first_soc,front
105.202,19.6922,100,0
time
45.88
soc
67
f1,f2,first_soc,front
103.656,21.459,100,0
time
41.8
soc
71
f1,f2,first_soc,front
105.202,19.6922,100,0
time
45.88
soc
67
f1,f2,first_soc,front
104.015,21.0483,100,0
time
44.52
soc
67
f1,f2,first_soc,front
104.015,21.0483,100,0
time
44.52
soc
67
f1,f2,first_soc,front
105.202,19.6922,100,0
time
45.88
soc
67
f1,f2,first_soc,front
104.015,21.0483,100,0
time
44.52
soc
67
f1,f2,first_soc,front
105.202,19.6922,100,0
time
45.88
soc
67
f1,f2,first_soc,front
103.656,21.459,100,0
time
41.8
soc
71
f1,f2,first_soc,front
103.656,21.459,100,0
time
41.8
soc
71
f1,f2,first_soc,front
103.656,21.459,100,0
time
41.8
soc
71
f1,f2,first_soc,front
103.656,21.459,100,0
time
41.8
soc
71
f1,f2,first_soc,front
105.025,19.8933,100,0
time
44.52
soc
69
f1,f2,first_soc,front
107.222,17.3822,100,0
time
45.88
soc
71
f1,f2,first_soc,front
105.202,19.6922,100,0
time
45.88
soc
67
f1,f2,first_soc,front
105.202,19.6922,100,0
time
45.88
soc
67
f1,f2,first_soc,front
105.202,19.6922,100,0
time
45.88
soc
67
f1,f2,first_soc,front
105.202,19.6922,100,0
time
45.88
soc
67
f1,f2,first_soc,front
104.015,21.0483,100,0
time
44.52
soc
67
f1,f2,first_soc,front
104.015,21.0483,100,0
time
44.52
soc
67
f1,f2,first_soc,front
105.202,19.6922,100,0
time
45.88
soc
67
f1,f2,first_soc,front
104.015,21.0483,100,0
time
44.52
soc
67
f1,f2,first_soc,front
104.015,21.0483,100,0
time
44.52
soc
67
f1,f2,first_soc,front
104.015,21.0483,100,0
time
44.52
soc
67
f1,f2,first_soc,front
105.202,19.6922,100,0
time
45.88
soc
67
f1,f2,first_soc,front
105.202,19.6922,100,0
time
45.88
soc
67
f1,f2,first_soc,front
105.202,19.6922,100,0
time
45.88
soc
67
f1,f2,first_soc,front
105.202,19.6922,100,0
time
45.88
soc
67
f1,f2,first_soc,front
104.015,21.0483,100,0
time
44.52
soc
67
f1,f2,first_soc,front
105.202,19.6922,100,0
time
45.88
soc
67
f1,f2,first_soc,front
105.202,19.6922,100,0
time
45.88
soc
67
f1,f2,first_soc,front
104.015,21.0483,100,0
time
44.52
soc
67
f1,f2,first_soc,front
103.656,21.459,100,0
time
41.8
soc
71
f1,f2,first_soc,front
105.172,19.7265,100,0
time
41.8
soc
74
f1,f2,first_soc,front
104.162,20.8815,100,0
time
41.8
soc
72
f1,f2,first_soc,front
104.162,20.8815,100,0
time
41.8
soc
72
f1,f2,first_soc,front
105.172,19.7265,100,0
time
41.8
soc
74
f1,f2,first_soc,front
104.162,20.8815,100,0
time
41.8
soc
72
f1,f2,first_soc,front
105.172,19.7265,100,0
time
41.8
soc
74
f1,f2,first_soc,front
105.172,19.7265,100,0
time
41.8
soc
74
f1,f2,first_soc,front
105.172,19.7265,100,0
time
41.8
soc
74
f1,f2,first_soc,front
105.172,19.7265,100,0
time
41.8
soc
74
f1,f2,first_soc,front
105.172,19.7265,100,0
time
41.8
soc
74
f1,f2,first_soc,front
104.52,20.4708,100,0
time
44.52
soc
68
f1,f2,first_soc,front
104.52,20.4708,100,0
time
44.52
soc
68
f1,f2,first_soc,front
105.172,19.7265,100,0
time
41.8
soc
74
f1,f2,first_soc,front
105.172,19.7265,100,0
time
41.8
soc
74
f1,f2,first_soc,front
104.52,20.4708,100,0
time
44.52
soc
68
f1,f2,first_soc,front
104.697,20.2697,100,0
time
45.88
soc
66
f1,f2,first_soc,front
104.697,20.2697,100,0
time
45.88
soc
66
第89世代
f1,f2,first_soc,front
103.656,21.459,100,0
time
41.8
soc
71
f1,f2,first_soc,front
113.735,11.5601,100,0
time
44.52,96.3205
soc
76,43
f1,f2,first_soc,front
111.768,12.1847,100,0
time
45.88
soc
80
f1,f2,first_soc,front
113.735,11.5601,100,0
time
44.52,96.3205
soc
76,43
f1,f2,first_soc,front
112.765,11.563,100,0
time
45.88,76.4868
soc
64,67
f1,f2,first_soc,front
104.52,20.4708,100,0
time
44.52
soc
68
f1,f2,first_soc,front
110.581,13.5409,100,0
time
44.52
soc
80
f1,f2,first_soc,front
110.076,14.1184,100,0
time
44.52
soc
79
f1,f2,first_soc,front
111.755,12.6872,100,0
time
45.88,74.9716
soc
61,65
f1,f2,first_soc,front
112.26,12.1097,100,0
time
45.88,75.4767
soc
62,66
f1,f2,first_soc,front
111.25,13.2647,100,0
time
45.88,75.4767
soc
62,64
f1,f2,first_soc,front
110.252,13.9172,100,0
time
45.88
soc
77
f1,f2,first_soc,front
104.162,20.8815,100,0
time
41.8
soc
72
f1,f2,first_soc,front
111.25,13.2647,100,0
time
45.88,75.9817
soc
63,64
f1,f2,first_soc,front
111.755,12.6872,100,0
time
45.88,74.9716
soc
61,65
f1,f2,first_soc,front
111.263,12.7622,100,0
time
45.88
soc
79
f1,f2,first_soc,front
111.263,12.7622,100,0
time
45.88
soc
79
f1,f2,first_soc,front
110.757,13.3397,100,0
time
45.88
soc
78
f1,f2,first_soc,front
104.015,21.0483,100,0
time
44.52
soc
67
f1,f2,first_soc,front
104.162,20.8815,100,0
time
41.8
soc
72
f1,f2,first_soc,front
103.656,21.459,100,0
time
41.8
soc
71
f1,f2,first_soc,front
109.389,14.9056,100,0
time
43.16
soc
80
f1,f2,first_soc,front
109.571,14.6959,100,0
time
44.52
soc
78
f1,f2,first_soc,front
108.055,16.4284,100,0
time
44.52
soc
75
f1,f2,first_soc,front
108.561,15.8509,100,0
time
44.52
soc
76
f1,f2,first_soc,front
107.369,17.2156,100,0
time
43.16
soc
76
f1,f2,first_soc,front
109.066,15.2734,100,0
time
44.52
soc
77
f1,f2,first_soc,front
107.045,17.5834,100,0
time
44.52
soc
73
f1,f2,first_soc,front
108.379,16.0606,100,0
time
43.16
soc
78
f1,f2,first_soc,front
105.53,19.3158,100,0
time
44.52
soc
70
f1,f2,first_soc,front
105.348,19.5255,100,0
time
43.16
soc
72
f1,f2,first_soc,front
106.54,18.1609,100,0
time
44.52
soc
72
f1,f2,first_soc,front
105.853,18.948,100,0
time
43.16
soc
73
f1,f2,first_soc,front
110.252,13.9172,100,0
time
45.88
soc
77
f1,f2,first_soc,front
109.747,14.4947,100,0
time
45.88
soc
76
f1,f2,first_soc,front
110.581,13.5409,100,0
time
44.52
soc
80
f1,f2,first_soc,front
108.561,15.8509,100,0
time
44.52
soc
76
f1,f2,first_soc,front
108.737,15.6497,100,0
time
45.88
soc
74
f1,f2,first_soc,front
110.076,14.1184,100,0
time
44.52
soc
79
f1,f2,first_soc,front
109.066,15.2734,100,0
time
44.52
soc
77
f1,f2,first_soc,front
104.52,20.4708,100,0
time
44.52
soc
68
f1,f2,first_soc,front
109.571,14.6959,100,0
time
44.52
soc
78
f1,f2,first_soc,front
106.035,18.7383,100,0
time
44.52
soc
71
f1,f2,first_soc,front
107.874,16.6381,100,0
time
43.16
soc
77
f1,f2,first_soc,front
103.656,21.459,100,0
time
41.8
soc
71
f1,f2,first_soc,front
104.015,21.0483,100,0
time
44.52
soc
67
f1,f2,first_soc,front
105.025,19.8933,100,0
time
44.52
soc
69
f1,f2,first_soc,front
108.884,15.4831,100,0
time
43.16
soc
79
f1,f2,first_soc,front
107.874,16.6381,100,0
time
43.16
soc
77
f1,f2,first_soc,front
104.843,20.103,100,0
time
43.16
soc
71
f1,f2,first_soc,front
106.358,18.3705,100,0
time
43.16
soc
74
f1,f2,first_soc,front
109.242,15.0722,100,0
time
45.88
soc
75
f1,f2,first_soc,front
109.747,14.4947,100,0
time
45.88
soc
76
f1,f2,first_soc,front
112.538,11.7921,100,0
time
45.88,96.1474
soc
76,43
f1,f2,first_soc,front
107.697,16.839,100,0
time
41.8
soc
79
f1,f2,first_soc,front
107.55,17.0059,100,0
time
44.52
soc
74
f1,f2,first_soc,front
105.53,19.3158,100,0
time
44.52
soc
70
f1,f2,first_soc,front
106.54,18.1609,100,0
time
44.52
soc
72
f1,f2,first_soc,front
106.182,18.5715,100,0
time
41.8
soc
76
f1,f2,first_soc,front
107.192,17.4165,100,0
time
41.8
soc
78
f1,f2,first_soc,front
107.045,17.5834,100,0
time
44.52
soc
73
f1,f2,first_soc,front
108.055,16.4284,100,0
time
44.52
soc
75
f1,f2,first_soc,front
105.348,19.5255,100,0
time
43.16
soc
72
f1,f2,first_soc,front
106.212,18.5372,100,0
time
45.88
soc
69
f1,f2,first_soc,front
105.707,19.1147,100,0
time
45.88
soc
68
f1,f2,first_soc,front
105.853,18.948,100,0
time
43.16
soc
73
f1,f2,first_soc,front
106.717,17.9597,100,0
time
45.88
soc
70
f1,f2,first_soc,front
108.737,15.6497,100,0
time
45.88
soc
74
f1,f2,first_soc,front
106.864,17.793,100,0
time
43.16
soc
75
f1,f2,first_soc,front
107.727,16.8047,100,0
time
45.88
soc
72
f1,f2,first_soc,front
108.379,16.0606,100,0
time
43.16
soc
78
f1,f2,first_soc,front
109.389,14.9056,100,0
time
43.16
soc
80
f1,f2,first_soc,front
107.369,17.2156,100,0
time
43.16
soc
76
f1,f2,first_soc,front
112.391,11.9595,100,0
time
45.88,95.8371
soc
70,38
f1,f2,first_soc,front
112.618,11.7025,100,0
time
37.72,77.626
soc
75,62
f1,f2,first_soc,front
112.765,11.563,100,0
time
45.88,75.9817
soc
63,67
f1,f2,first_soc,front
112.26,12.1097,100,0
time
45.88,75.9817
soc
63,66
f1,f2,first_soc,front
106.358,18.3705,100,0
time
43.16
soc
74
f1,f2,first_soc,front
104.843,20.103,100,0
time
43.16
soc
71
f1,f2,first_soc,front
108.884,15.4831,100,0
time
43.16
soc
79
f1,f2,first_soc,front
105.025,19.8933,100,0
time
44.52
soc
69
f1,f2,first_soc,front
106.864,17.793,100,0
time
43.16
soc
75
f1,f2,first_soc,front
107.55,17.0059,100,0
time
44.52
soc
74
f1,f2,first_soc,front
110.757,13.3397,100,0
time
45.88
soc
78
f1,f2,first_soc,front
104.697,20.2697,100,0
time
45.88
soc
66
f1,f2,first_soc,front
109.747,14.4947,100,0
time
45.88
soc
76
f1,f2,first_soc,front
106.687,17.994,100,0
time
41.8
soc
77
f1,f2,first_soc,front
105.677,19.149,100,0
time
41.8
soc
75
f1,f2,first_soc,front
105.172,19.7265,100,0
time
41.8
soc
74
f1,f2,first_soc,front
108.202,16.2616,100,0
time
41.8
soc
80
f1,f2,first_soc,front
108.232,16.2272,100,0
time
45.88
soc
73
f1,f2,first_soc,front
106.864,17.793,100,0
time
43.16
soc
75
f1,f2,first_soc,front
107.55,17.0059,100,0
time
44.52
soc
74
f1,f2,first_soc,front
106.035,18.7383,100,0
time
44.52
soc
71
f1,f2,first_soc,front
108.232,16.2272,100,0
time
45.88
soc
73
f1,f2,first_soc,front
107.222,17.3822,100,0
time
45.88
soc
71
f1,f2,first_soc,front
105.677,19.149,100,0
time
41.8
soc
75
f1,f2,first_soc,front
104.697,20.2697,100,0
time
45.88
soc
66
f1,f2,first_soc,front
109.747,14.4947,100,0
time
45.88
soc
76
f1,f2,first_soc,front
110.252,13.9172,100,0
time
45.88
soc
77
f1,f2,first_soc,front
109.242,15.0722,100,0
time
45.88
soc
75
f1,f2,first_soc,front
110.757,13.3397,100,0
time
45.88
soc
78
f1,f2,first_soc,front
112.391,11.9595,100,0
time
45.88,95.8371
soc
70,38
f1,f2,first_soc,front
106.035,18.7383,100,0
time
44.52
soc
71
f1,f2,first_soc,front
104.015,21.0483,100,0
time
44.52
soc
67
f1,f2,first_soc,front
105.202,19.6922,100,0
time
45.88
soc
67
f1,f2,first_soc,front
104.697,20.2697,100,0
time
45.88
soc
66
f1,f2,first_soc,front
107.222,17.3822,100,0
time
45.88
soc
71
f1,f2,first_soc,front
109.242,15.0722,100,0
time
45.88
soc
75
f1,f2,first_soc,front
104.843,20.103,100,0
time
43.16
soc
71
f1,f2,first_soc,front
106.358,18.3705,100,0
time
43.16
soc
74
f1,f2,first_soc,front
105.202,19.6922,100,0
time
45.88
soc
67
f1,f2,first_soc,front
104.697,20.2697,100,0
time
45.88
soc
66
f1,f2,first_soc,front
108.202,16.2616,100,0
time
41.8
soc
80
f1,f2,first_soc,front
104.162,20.8815,100,0
time
41.8
soc
72
f1,f2,first_soc,front
105.025,19.8933,100,0
time
44.52
soc
69
f1,f2,first_soc,front
105.172,19.7265,100,0
time
41.8
soc
74
f1,f2,first_soc,front
106.687,17.994,100,0
time
41.8
soc
77
f1,f2,first_soc,front
108.884,15.4831,100,0
time
43.16
soc
79
f1,f2,first_soc,front
104.015,21.0483,100,0
time
44.52
soc
67
f1,f2,first_soc,front
112.553,11.7747,100,0
time
45.88,73.067
soc
68,76
f1,f2,first_soc,front
112.391,11.9595,100,0
time
45.88,95.8371
soc
70,38
f1,f2,first_soc,front
111.263,12.7622,100,0
time
45.88
soc
79
f1,f2,first_soc,front
110.757,13.3397,100,0
time
45.88
soc
78
f1,f2,first_soc,front
111.768,12.1847,100,0
time
45.88
soc
80
f1,f2,first_soc,front
112.618,11.7025,100,0
time
37.72,78.131
soc
76,62
f1,f2,first_soc,front
112.618,11.7025,100,0
time
37.72,77.626
soc
75,62
f1,f2,first_soc,front
106.182,18.5715,100,0
time
41.8
soc
76
f1,f2,first_soc,front
107.192,17.4165,100,0
time
41.8
soc
78
f1,f2,first_soc,front
106.212,18.5372,100,0
time
45.88
soc
69
f1,f2,first_soc,front
105.707,19.1147,100,0
time
45.88
soc
68
f1,f2,first_soc,front
106.717,17.9597,100,0
time
45.88
soc
70
f1,f2,first_soc,front
107.697,16.839,100,0
time
41.8
soc
79
f1,f2,first_soc,front
107.727,16.8047,100,0
time
45.88
soc
72
f1,f2,first_soc,front
108.202,16.2616,100,0
time
41.8
soc
80
f1,f2,first_soc,front
105.172,19.7265,100,0
time
41.8
soc
74
f1,f2,first_soc,front
106.687,17.994,100,0
time
41.8
soc
77
f1,f2,first_soc,front
105.202,19.6922,100,0
time
45.88
soc
67
f1,f2,first_soc,front
112.538,11.7921,100,0
time
45.88,96.1474
soc
76,43
f1,f2,first_soc,front
112.553,11.7747,100,0
time
45.88,73.067
soc
68,76
f1,f2,first_soc,front
107.222,17.3822,100,0
time
45.88
soc
71
f1,f2,first_soc,front
105.202,19.6922,100,0
time
45.88
soc
67
f1,f2,first_soc,front
111.768,12.1847,100,0
time
45.88
soc
80
f1,f2,first_soc,front
111.263,12.7622,100,0
time
45.88
soc
79
f1,f2,first_soc,front
105.202,19.6922,100,0
time
45.88
soc
67
f1,f2,first_soc,front
105.202,19.6922,100,0
time
45.88
soc
67
f1,f2,first_soc,front
103.656,21.459,100,0
time
41.8
soc
71
f1,f2,first_soc,front
105.202,19.6922,100,0
time
45.88
soc
67
f1,f2,first_soc,front
104.015,21.0483,100,0
time
44.52
soc
67
f1,f2,first_soc,front
104.015,21.0483,100,0
time
44.52
soc
67
f1,f2,first_soc,front
104.015,21.0483,100,0
time
44.52
soc
67
f1,f2,first_soc,front
105.202,19.6922,100,0
time
45.88
soc
67
f1,f2,first_soc,front
104.697,20.2697,100,0
time
45.88
soc
66
f1,f2,first_soc,front
104.015,21.0483,100,0
time
44.52
soc
67
f1,f2,first_soc,front
105.202,19.6922,100,0
time
45.88
soc
67
f1,f2,first_soc,front
105.202,19.6922,100,0
time
45.88
soc
67
f1,f2,first_soc,front
105.202,19.6922,100,0
time
45.88
soc
67
f1,f2,first_soc,front
104.52,20.4708,100,0
time
44.52
soc
68
f1,f2,first_soc,front
105.202,19.6922,100,0
time
45.88
soc
67
f1,f2,first_soc,front
105.202,19.6922,100,0
time
45.88
soc
67
f1,f2,first_soc,front
104.015,21.0483,100,0
time
44.52
soc
67
f1,f2,first_soc,front
104.52,20.4708,100,0
time
44.52
soc
68
f1,f2,first_soc,front
104.015,21.0483,100,0
time
44.52
soc
67
f1,f2,first_soc,front
104.697,20.2697,100,0
time
45.88
soc
66
f1,f2,first_soc,front
105.348,19.5255,100,0
time
43.16
soc
72
f1,f2,first_soc,front
105.348,19.5255,100,0
time
43.16
soc
72
f1,f2,first_soc,front
104.52,20.4708,100,0
time
44.52
soc
68
f1,f2,first_soc,front
104.697,20.2697,100,0
time
45.88
soc
66
f1,f2,first_soc,front
104.015,21.0483,100,0
time
44.52
soc
67
f1,f2,first_soc,front
104.015,21.0483,100,0
time
44.52
soc
67
f1,f2,first_soc,front
105.202,19.6922,100,0
time
45.88
soc
67
f1,f2,first_soc,front
105.202,19.6922,100,0
time
45.88
soc
67
f1,f2,first_soc,front
105.202,19.6922,100,0
time
45.88
soc
67
f1,f2,first_soc,front
105.202,19.6922,100,0
time
45.88
soc
67
f1,f2,first_soc,front
105.202,19.6922,100,0
time
45.88
soc
67
f1,f2,first_soc,front
105.202,19.6922,100,0
time
45.88
soc
67
f1,f2,first_soc,front
104.52,20.4708,100,0
time
44.52
soc
68
f1,f2,first_soc,front
104.697,20.2697,100,0
time
45.88
soc
66
f1,f2,first_soc,front
104.015,21.0483,100,0
time
44.52
soc
67
f1,f2,first_soc,front
105.202,19.6922,100,0
time
45.88
soc
67
f1,f2,first_soc,front
105.202,19.6922,100,0
time
45.88
soc
67
f1,f2,first_soc,front
105.202,19.6922,100,0
time
45.88
soc
67
f1,f2,first_soc,front
105.348,19.5255,100,0
time
43.16
soc
72
f1,f2,first_soc,front
104.015,21.0483,100,0
time
44.52
soc
67
f1,f2,first_soc,front
105.202,19.6922,100,0
time
45.88
soc
67
f1,f2,first_soc,front
105.172,19.7265,100,0
time
41.8
soc
74
f1,f2,first_soc,front
105.172,19.7265,100,0
time
41.8
soc
74
f1,f2,first_soc,front
104.843,20.103,100,0
time
43.16
soc
71
f1,f2,first_soc,front
104.162,20.8815,100,0
time
41.8
soc
72
f1,f2,first_soc,front
104.162,20.8815,100,0
time
41.8
soc
72
f1,f2,first_soc,front
105.172,19.7265,100,0
time
41.8
soc
74
f1,f2,first_soc,front
105.172,19.7265,100,0
time
41.8
soc
74
f1,f2,first_soc,front
105.172,19.7265,100,0
time
41.8
soc
74
f1,f2,first_soc,front
105.172,19.7265,100,0
time
41.8
soc
74
f1,f2,first_soc,front
105.172,19.7265,100,0
time
41.8
soc
74
f1,f2,first_soc,front
104.162,20.8815,100,0
time
41.8
soc
72
f1,f2,first_soc,front
104.162,20.8815,100,0
time
41.8
soc
72
f1,f2,first_soc,front
104.162,20.8815,100,0
time
41.8
soc
72
f1,f2,first_soc,front
103.656,21.459,100,0
time
41.8
soc
71
f1,f2,first_soc,front
105.172,19.7265,100,0
time
41.8
soc
74
第90世代
f1,f2,first_soc,front
103.656,21.459,100,0
time
41.8
soc
71
f1,f2,first_soc,front
103.656,21.459,100,0
time
41.8
soc
71
f1,f2,first_soc,front
113.735,11.5601,100,0
time
44.52,96.3205
soc
76,43
f1,f2,first_soc,front
113.735,11.5601,100,0
time
44.52,96.3205
soc
76,43
f1,f2,first_soc,front
112.765,11.563,100,0
time
45.88,76.4868
soc
64,67
f1,f2,first_soc,front
110.581,13.5409,100,0
time
44.52
soc
80
f1,f2,first_soc,front
110.076,14.1184,100,0
time
44.52
soc
79
f1,f2,first_soc,front
110.757,13.3397,100,0
time
45.88
soc
78
f1,f2,first_soc,front
104.52,20.4708,100,0
time
44.52
soc
68
f1,f2,first_soc,front
111.755,12.6872,100,0
time
45.88,74.9716
soc
61,65
f1,f2,first_soc,front
111.768,12.1847,100,0
time
45.88
soc
80
f1,f2,first_soc,front
112.26,12.1097,100,0
time
45.88,75.4767
soc
62,66
f1,f2,first_soc,front
111.25,13.2647,100,0
time
45.88,75.9817
soc
63,64
f1,f2,first_soc,front
104.015,21.0483,100,0
time
44.52
soc
67
f1,f2,first_soc,front
110.252,13.9172,100,0
time
45.88
soc
77
f1,f2,first_soc,front
109.747,14.4947,100,0
time
45.88
soc
76
f1,f2,first_soc,front
111.25,13.2647,100,0
time
45.88,75.4767
soc
62,64
f1,f2,first_soc,front
111.755,12.6872,100,0
time
45.88,74.9716
soc
61,65
f1,f2,first_soc,front
111.263,12.7622,100,0
time
45.88
soc
79
f1,f2,first_soc,front
111.768,12.1847,100,0
time
45.88
soc
80
f1,f2,first_soc,front
111.263,12.7622,100,0
time
45.88
soc
79
f1,f2,first_soc,front
104.162,20.8815,100,0
time
41.8
soc
72
f1,f2,first_soc,front
109.571,14.6959,100,0
time
44.52
soc
78
f1,f2,first_soc,front
107.045,17.5834,100,0
time
44.52
soc
73
f1,f2,first_soc,front
107.55,17.0059,100,0
time
44.52
soc
74
f1,f2,first_soc,front
106.864,17.793,100,0
time
43.16
soc
75
f1,f2,first_soc,front
109.066,15.2734,100,0
time
44.52
soc
77
f1,f2,first_soc,front
108.884,15.4831,100,0
time
43.16
soc
79
f1,f2,first_soc,front
108.561,15.8509,100,0
time
44.52
soc
76
f1,f2,first_soc,front
108.055,16.4284,100,0
time
44.52
soc
75
f1,f2,first_soc,front
107.874,16.6381,100,0
time
43.16
soc
77
f1,f2,first_soc,front
106.358,18.3705,100,0
time
43.16
soc
74
f1,f2,first_soc,front
106.54,18.1609,100,0
time
44.52
soc
72
f1,f2,first_soc,front
106.035,18.7383,100,0
time
44.52
soc
71
f1,f2,first_soc,front
105.025,19.8933,100,0
time
44.52
soc
69
f1,f2,first_soc,front
105.53,19.3158,100,0
time
44.52
soc
70
f1,f2,first_soc,front
109.747,14.4947,100,0
time
45.88
soc
76
f1,f2,first_soc,front
109.066,15.2734,100,0
time
44.52
soc
77
f1,f2,first_soc,front
110.581,13.5409,100,0
time
44.52
soc
80
f1,f2,first_soc,front
109.242,15.0722,100,0
time
45.88
soc
75
f1,f2,first_soc,front
108.561,15.8509,100,0
time
44.52
soc
76
f1,f2,first_soc,front
109.571,14.6959,100,0
time
44.52
soc
78
f1,f2,first_soc,front
110.076,14.1184,100,0
time
44.52
soc
79
f1,f2,first_soc,front
105.853,18.948,100,0
time
43.16
soc
73
f1,f2,first_soc,front
109.389,14.9056,100,0
time
43.16
soc
80
f1,f2,first_soc,front
108.379,16.0606,100,0
time
43.16
soc
78
f1,f2,first_soc,front
103.656,21.459,100,0
time
41.8
soc
71
f1,f2,first_soc,front
104.162,20.8815,100,0
time
41.8
soc
72
f1,f2,first_soc,front
104.52,20.4708,100,0
time
44.52
soc
68
f1,f2,first_soc,front
104.015,21.0483,100,0
time
44.52
soc
67
f1,f2,first_soc,front
107.369,17.2156,100,0
time
43.16
soc
76
f1,f2,first_soc,front
104.843,20.103,100,0
time
43.16
soc
71
f1,f2,first_soc,front
110.252,13.9172,100,0
time
45.88
soc
77
f1,f2,first_soc,front
112.538,11.7921,100,0
time
45.88,96.1474
soc
76,43
f1,f2,first_soc,front
106.182,18.5715,100,0
time
41.8
soc
76
f1,f2,first_soc,front
105.53,19.3158,100,0
time
44.52
soc
70
f1,f2,first_soc,front
106.035,18.7383,100,0
time
44.52
soc
71
f1,f2,first_soc,front
106.54,18.1609,100,0
time
44.52
soc
72
f1,f2,first_soc,front
106.687,17.994,100,0
time
41.8
soc
77
f1,f2,first_soc,front
107.697,16.839,100,0
time
41.8
soc
79
f1,f2,first_soc,front
107.55,17.0059,100,0
time
44.52
soc
74
f1,f2,first_soc,front
108.055,16.4284,100,0
time
44.52
soc
75
f1,f2,first_soc,front
105.025,19.8933,100,0
time
44.52
soc
69
f1,f2,first_soc,front
107.192,17.4165,100,0
time
41.8
soc
78
f1,f2,first_soc,front
106.212,18.5372,100,0
time
45.88
soc
69
f1,f2,first_soc,front
106.358,18.3705,100,0
time
43.16
soc
74
f1,f2,first_soc,front
105.707,19.1147,100,0
time
45.88
soc
68
f1,f2,first_soc,front
108.737,15.6497,100,0
time
45.88
soc
74
f1,f2,first_soc,front
106.864,17.793,100,0
time
43.16
soc
75
f1,f2,first_soc,front
107.874,16.6381,100,0
time
43.16
soc
77
f1,f2,first_soc,front
107.222,17.3822,100,0
time
45.88
soc
71
f1,f2,first_soc,front
109.242,15.0722,100,0
time
45.88
soc
75
f1,f2,first_soc,front
108.232,16.2272,100,0
time
45.88
soc
73
f1,f2,first_soc,front
112.391,11.9595,100,0
time
45.88,95.8371
soc
70,38
f1,f2,first_soc,front
112.765,11.563,100,0
time
45.88,76.4868
soc
64,67
f1,f2,first_soc,front
112.26,12.1097,100,0
time
45.88,75.4767
soc
62,66
f1,f2,first_soc,front
112.618,11.7025,100,0
time
37.72,77.626
soc
75,62
f1,f2,first_soc,front
107.369,17.2156,100,0
time
43.16
soc
76
f1,f2,first_soc,front
104.843,20.103,100,0
time
43.16
soc
71
f1,f2,first_soc,front
105.348,19.5255,100,0
time
43.16
soc
72
f1,f2,first_soc,front
110.252,13.9172,100,0
time
45.88
soc
77
f1,f2,first_soc,front
104.52,20.4708,100,0
time
44.52
soc
68
f1,f2,first_soc,front
104.697,20.2697,100,0
time
45.88
soc
66
f1,f2,first_soc,front
108.737,15.6497,100,0
time
45.88
soc
74
f1,f2,first_soc,front
108.202,16.2616,100,0
time
41.8
soc
80
f1,f2,first_soc,front
109.389,14.9056,100,0
time
43.16
soc
80
f1,f2,first_soc,front
108.379,16.0606,100,0
time
43.16
soc
78
f1,f2,first_soc,front
105.853,18.948,100,0
time
43.16
soc
73
f1,f2,first_soc,front
105.348,19.5255,100,0
time
43.16
soc
72
f1,f2,first_soc,front
108.202,16.2616,100,0
time
41.8
soc
80
f1,f2,first_soc,front
106.717,17.9597,100,0
time
45.88
soc
70
f1,f2,first_soc,front
107.727,16.8047,100,0
time
45.88
soc
72
f1,f2,first_soc,front
104.697,20.2697,100,0
time
45.88
soc
66
f1,f2,first_soc,front
110.757,13.3397,100,0
time
45.88
soc
78
f1,f2,first_soc,front
108.737,15.6497,100,0
time
45.88
soc
74
f1,f2,first_soc,front
109.747,14.4947,100,0
time
45.88
soc
76
f1,f2,first_soc,front
112.391,11.9595,100,0
time
45.88,95.8371
soc
70,38
f1,f2,first_soc,front
104.162,20.8815,100,0
time
41.8
soc
72
f1,f2,first_soc,front
105.677,19.149,100,0
time
41.8
soc
75
f1,f2,first_soc,front
104.015,21.0483,100,0
time
44.52
soc
67
f1,f2,first_soc,front
105.172,19.7265,100,0
time
41.8
soc
74
f1,f2,first_soc,front
107.045,17.5834,100,0
time
44.52
soc
73
f1,f2,first_soc,front
104.697,20.2697,100,0
time
45.88
soc
66
f1,f2,first_soc,front
107.727,16.8047,100,0
time
45.88
soc
72
f1,f2,first_soc,front
105.348,19.5255,100,0
time
43.16
soc
72
f1,f2,first_soc,front
105.202,19.6922,100,0
time
45.88
soc
67
f1,f2,first_soc,front
106.717,17.9597,100,0
time
45.88
soc
70
f1,f2,first_soc,front
108.884,15.4831,100,0
time
43.16
soc
79
f1,f2,first_soc,front
105.853,18.948,100,0
time
43.16
soc
73
f1,f2,first_soc,front
109.389,14.9056,100,0
time
43.16
soc
80
f1,f2,first_soc,front
108.379,16.0606,100,0
time
43.16
soc
78
f1,f2,first_soc,front
105.202,19.6922,100,0
time
45.88
soc
67
f1,f2,first_soc,front
105.348,19.5255,100,0
time
43.16
soc
72
f1,f2,first_soc,front
104.843,20.103,100,0
time
43.16
soc
71
f1,f2,first_soc,front
104.697,20.2697,100,0
time
45.88
soc
66
f1,f2,first_soc,front
107.369,17.2156,100,0
time
43.16
soc
76
f1,f2,first_soc,front
108.884,15.4831,100,0
time
43.16
soc
79
f1,f2,first_soc,front
105.677,19.149,100,0
time
41.8
soc
75
f1,f2,first_soc,front
104.162,20.8815,100,0
time
41.8
soc
72
f1,f2,first_soc,front
105.172,19.7265,100,0
time
41.8
soc
74
f1,f2,first_soc,front
107.045,17.5834,100,0
time
44.52
soc
73
f1,f2,first_soc,front
112.618,11.7025,100,0
time
37.72,77.626
soc
75,62
f1,f2,first_soc,front
112.553,11.7747,100,0
time
45.88,73.067
soc
68,76
f1,f2,first_soc,front
112.391,11.9595,100,0
time
45.88,95.8371
soc
70,38
f1,f2,first_soc,front
111.263,12.7622,100,0
time
45.88
soc
79
f1,f2,first_soc,front
110.757,13.3397,100,0
time
45.88
soc
78
f1,f2,first_soc,front
112.618,11.7025,100,0
time
37.72,78.131
soc
76,62
f1,f2,first_soc,front
106.212,18.5372,100,0
time
45.88
soc
69
f1,f2,first_soc,front
107.192,17.4165,100,0
time
41.8
soc
78
f1,f2,first_soc,front
106.182,18.5715,100,0
time
41.8
soc
76
f1,f2,first_soc,front
107.222,17.3822,100,0
time
45.88
soc
71
f1,f2,first_soc,front
108.232,16.2272,100,0
time
45.88
soc
73
f1,f2,first_soc,front
105.677,19.149,100,0
time
41.8
soc
75
f1,f2,first_soc,front
107.697,16.839,100,0
time
41.8
soc
79
f1,f2,first_soc,front
105.707,19.1147,100,0
time
45.88
soc
68
f1,f2,first_soc,front
106.687,17.994,100,0
time
41.8
soc
77
f1,f2,first_soc,front
105.172,19.7265,100,0
time
41.8
soc
74
f1,f2,first_soc,front
105.202,19.6922,100,0
time
45.88
soc
67
f1,f2,first_soc,front
112.538,11.7921,100,0
time
45.88,96.1474
soc
76,43
f1,f2,first_soc,front
112.553,11.7747,100,0
time
45.88,73.067
soc
68,76
f1,f2,first_soc,front
105.202,19.6922,100,0
time
45.88
soc
67
f1,f2,first_soc,front
106.717,17.9597,100,0
time
45.88
soc
70
f1,f2,first_soc,front
105.172,19.7265,100,0
time
41.8
soc
74
f1,f2,first_soc,front
107.727,16.8047,100,0
time
45.88
soc
72
f1,f2,first_soc,front
111.263,12.7622,100,0
time
45.88
soc
79
f1,f2,first_soc,front
111.768,12.1847,100,0
time
45.88
soc
80
f1,f2,first_soc,front
105.202,19.6922,100,0
time
45.88
soc
67
f1,f2,first_soc,front
105.202,19.6922,100,0
time
45.88
soc
67
f1,f2,first_soc,front
105.202,19.6922,100,0
time
45.88
soc
67
f1,f2,first_soc,front
104.843,20.103,100,0
time
43.16
soc
71
f1,f2,first_soc,front
105.202,19.6922,100,0
time
45.88
soc
67
f1,f2,first_soc,front
105.202,19.6922,100,0
time
45.88
soc
67
f1,f2,first_soc,front
105.202,19.6922,100,0
time
45.88
soc
67
f1,f2,first_soc,front
105.202,19.6922,100,0
time
45.88
soc
67
f1,f2,first_soc,front
105.202,19.6922,100,0
time
45.88
soc
67
f1,f2,first_soc,front
105.202,19.6922,100,0
time
45.88
soc
67
f1,f2,first_soc,front
105.202,19.6922,100,0
time
45.88
soc
67
f1,f2,first_soc,front
105.202,19.6922,100,0
time
45.88
soc
67
f1,f2,first_soc,front
105.202,19.6922,100,0
time
45.88
soc
67
f1,f2,first_soc,front
105.202,19.6922,100,0
time
45.88
soc
67
f1,f2,first_soc,front
105.202,19.6922,100,0
time
45.88
soc
67
f1,f2,first_soc,front
105.202,19.6922,100,0
time
45.88
soc
67
f1,f2,first_soc,front
105.202,19.6922,100,0
time
45.88
soc
67
f1,f2,first_soc,front
105.202,19.6922,100,0
time
45.88
soc
67
f1,f2,first_soc,front
105.202,19.6922,100,0
time
45.88
soc
67
f1,f2,first_soc,front
105.202,19.6922,100,0
time
45.88
soc
67
f1,f2,first_soc,front
105.202,19.6922,100,0
time
45.88
soc
67
f1,f2,first_soc,front
105.202,19.6922,100,0
time
45.88
soc
67
f1,f2,first_soc,front
105.202,19.6922,100,0
time
45.88
soc
67
f1,f2,first_soc,front
105.202,19.6922,100,0
time
45.88
soc
67
f1,f2,first_soc,front
105.202,19.6922,100,0
time
45.88
soc
67
f1,f2,first_soc,front
104.015,21.0483,100,0
time
44.52
soc
67
f1,f2,first_soc,front
104.52,20.4708,100,0
time
44.52
soc
68
f1,f2,first_soc,front
104.162,20.8815,100,0
time
41.8
soc
72
f1,f2,first_soc,front
104.162,20.8815,100,0
time
41.8
soc
72
f1,f2,first_soc,front
104.162,20.8815,100,0
time
41.8
soc
72
f1,f2,first_soc,front
104.162,20.8815,100,0
time
41.8
soc
72
f1,f2,first_soc,front
104.162,20.8815,100,0
time
41.8
soc
72
f1,f2,first_soc,front
104.162,20.8815,100,0
time
41.8
soc
72
f1,f2,first_soc,front
104.162,20.8815,100,0
time
41.8
soc
72
f1,f2,first_soc,front
104.162,20.8815,100,0
time
41.8
soc
72
f1,f2,first_soc,front
104.162,20.8815,100,0
time
41.8
soc
72
f1,f2,first_soc,front
104.015,21.0483,100,0
time
44.52
soc
67
f1,f2,first_soc,front
104.015,21.0483,100,0
time
44.52
soc
67
f1,f2,first_soc,front
104.015,21.0483,100,0
time
44.52
soc
67
f1,f2,first_soc,front
104.015,21.0483,100,0
time
44.52
soc
67
f1,f2,first_soc,front
104.015,21.0483,100,0
time
44.52
soc
67
f1,f2,first_soc,front
104.52,20.4708,100,0
time
44.52
soc
68
f1,f2,first_soc,front
104.015,21.0483,100,0
time
44.52
soc
67
f1,f2,first_soc,front
104.015,21.0483,100,0
time
44.52
soc
67
f1,f2,first_soc,front
104.015,21.0483,100,0
time
44.52
soc
67
f1,f2,first_soc,front
104.015,21.0483,100,0
time
44.52
soc
67
f1,f2,first_soc,front
104.015,21.0483,100,0
time
44.52
soc
67
f1,f2,first_soc,front
104.015,21.0483,100,0
time
44.52
soc
67
f1,f2,first_soc,front
104.015,21.0483,100,0
time
44.52
soc
67
f1,f2,first_soc,front
104.015,21.0483,100,0
time
44.52
soc
67
f1,f2,first_soc,front
104.015,21.0483,100,0
time
44.52
soc
67
f1,f2,first_soc,front
104.015,21.0483,100,0
time
44.52
soc
67
f1,f2,first_soc,front
112.765,11.563,100,0
time
45.88,75.9817
soc
63,67
f1,f2,first_soc,front
103.656,21.459,100,0
time
41.8
soc
71
第91世代
f1,f2,first_soc,front
103.656,21.459,100,0
time
41.8
soc
71
f1,f2,first_soc,front
103.656,21.459,100,0
time
41.8
soc
71
f1,f2,first_soc,front
113.735,11.5601,100,0
time
44.52,96.3205
soc
76,43
f1,f2,first_soc,front
112.765,11.563,100,0
time
45.88,76.4868
soc
64,67
f1,f2,first_soc,front
111.263,12.7622,100,0
time
45.88
soc
79
f1,f2,first_soc,front
111.768,12.1847,100,0
time
45.88
soc
80
f1,f2,first_soc,front
113.735,11.5601,100,0
time
44.52,96.3205
soc
76,43
f1,f2,first_soc,front
110.581,13.5409,100,0
time
44.52
soc
80
f1,f2,first_soc,front
110.076,14.1184,100,0
time
44.52
soc
79
f1,f2,first_soc,front
110.757,13.3397,100,0
time
45.88
soc
78
f1,f2,first_soc,front
104.52,20.4708,100,0
time
44.52
soc
68
f1,f2,first_soc,front
111.755,12.6872,100,0
time
45.88,74.9716
soc
61,65
f1,f2,first_soc,front
112.26,12.1097,100,0
time
45.88,75.4767
soc
62,66
f1,f2,first_soc,front
111.25,13.2647,100,0
time
45.88,75.4767
soc
62,64
f1,f2,first_soc,front
109.747,14.4947,100,0
time
45.88
soc
76
f1,f2,first_soc,front
109.747,14.4947,100,0
time
45.88
soc
76
f1,f2,first_soc,front
110.252,13.9172,100,0
time
45.88
soc
77
f1,f2,first_soc,front
111.25,13.2647,100,0
time
45.88,75.4767
soc
62,64
f1,f2,first_soc,front
111.755,12.6872,100,0
time
45.88,74.9716
soc
61,65
f1,f2,first_soc,front
104.162,20.8815,100,0
time
41.8
soc
72
f1,f2,first_soc,front
104.015,21.0483,100,0
time
44.52
soc
67
f1,f2,first_soc,front
109.389,14.9056,100,0
time
43.16
soc
80
f1,f2,first_soc,front
109.066,15.2734,100,0
time
44.52
soc
77
f1,f2,first_soc,front
108.379,16.0606,100,0
time
43.16
soc
78
f1,f2,first_soc,front
108.055,16.4284,100,0
time
44.52
soc
75
f1,f2,first_soc,front
107.55,17.0059,100,0
time
44.52
soc
74
f1,f2,first_soc,front
106.864,17.793,100,0
time
43.16
soc
75
f1,f2,first_soc,front
104.843,20.103,100,0
time
43.16
soc
71
f1,f2,first_soc,front
105.348,19.5255,100,0
time
43.16
soc
72
f1,f2,first_soc,front
106.54,18.1609,100,0
time
44.52
soc
72
f1,f2,first_soc,front
105.853,18.948,100,0
time
43.16
soc
73
f1,f2,first_soc,front
106.035,18.7383,100,0
time
44.52
soc
71
f1,f2,first_soc,front
109.571,14.6959,100,0
time
44.52
soc
78
f1,f2,first_soc,front
110.252,13.9172,100,0
time
45.88
soc
77
f1,f2,first_soc,front
108.737,15.6497,100,0
time
45.88
soc
74
f1,f2,first_soc,front
110.581,13.5409,100,0
time
44.52
soc
80
f1,f2,first_soc,front
110.076,14.1184,100,0
time
44.52
soc
79
f1,f2,first_soc,front
109.066,15.2734,100,0
time
44.52
soc
77
f1,f2,first_soc,front
108.561,15.8509,100,0
time
44.52
soc
76
f1,f2,first_soc,front
105.53,19.3158,100,0
time
44.52
soc
70
f1,f2,first_soc,front
107.045,17.5834,100,0
time
44.52
soc
73
f1,f2,first_soc,front
105.025,19.8933,100,0
time
44.52
soc
69
f1,f2,first_soc,front
107.874,16.6381,100,0
time
43.16
soc
77
f1,f2,first_soc,front
103.656,21.459,100,0
time
41.8
soc
71
f1,f2,first_soc,front
104.015,21.0483,100,0
time
44.52
soc
67
f1,f2,first_soc,front
104.162,20.8815,100,0
time
41.8
soc
72
f1,f2,first_soc,front
104.52,20.4708,100,0
time
44.52
soc
68
f1,f2,first_soc,front
105.53,19.3158,100,0
time
44.52
soc
70
f1,f2,first_soc,front
105.025,19.8933,100,0
time
44.52
soc
69
f1,f2,first_soc,front
108.884,15.4831,100,0
time
43.16
soc
79
f1,f2,first_soc,front
107.874,16.6381,100,0
time
43.16
soc
77
f1,f2,first_soc,front
107.369,17.2156,100,0
time
43.16
soc
76
f1,f2,first_soc,front
106.358,18.3705,100,0
time
43.16
soc
74
f1,f2,first_soc,front
109.242,15.0722,100,0
time
45.88
soc
75
f1,f2,first_soc,front
107.55,17.0059,100,0
time
44.52
soc
74
f1,f2,first_soc,front
106.54,18.1609,100,0
time
44.52
soc
72
f1,f2,first_soc,front
106.687,17.994,100,0
time
41.8
soc
77
f1,f2,first_soc,front
105.677,19.149,100,0
time
41.8
soc
75
f1,f2,first_soc,front
106.035,18.7383,100,0
time
44.52
soc
71
f1,f2,first_soc,front
108.202,16.2616,100,0
time
41.8
soc
80
f1,f2,first_soc,front
108.055,16.4284,100,0
time
44.52
soc
75
f1,f2,first_soc,front
107.192,17.4165,100,0
time
41.8
soc
78
f1,f2,first_soc,front
104.843,20.103,100,0
time
43.16
soc
71
f1,f2,first_soc,front
105.348,19.5255,100,0
time
43.16
soc
72
f1,f2,first_soc,front
106.212,18.5372,100,0
time
45.88
soc
69
f1,f2,first_soc,front
105.853,18.948,100,0
time
43.16
soc
73
f1,f2,first_soc,front
107.727,16.8047,100,0
time
45.88
soc
72
f1,f2,first_soc,front
108.737,15.6497,100,0
time
45.88
soc
74
f1,f2,first_soc,front
106.864,17.793,100,0
time
43.16
soc
75
f1,f2,first_soc,front
106.717,17.9597,100,0
time
45.88
soc
70
f1,f2,first_soc,front
107.222,17.3822,100,0
time
45.88
soc
71
f1,f2,first_soc,front
109.389,14.9056,100,0
time
43.16
soc
80
f1,f2,first_soc,front
108.379,16.0606,100,0
time
43.16
soc
78
f1,f2,first_soc,front
112.391,11.9595,100,0
time
45.88,95.8371
soc
70,38
f1,f2,first_soc,front
112.618,11.7025,100,0
time
37.72,77.626
soc
75,62
f1,f2,first_soc,front
112.26,12.1097,100,0
time
45.88,75.4767
soc
62,66
f1,f2,first_soc,front
107.369,17.2156,100,0
time
43.16
soc
76
f1,f2,first_soc,front
108.884,15.4831,100,0
time
43.16
soc
79
f1,f2,first_soc,front
108.561,15.8509,100,0
time
44.52
soc
76
f1,f2,first_soc,front
106.358,18.3705,100,0
time
43.16
soc
74
f1,f2,first_soc,front
104.697,20.2697,100,0
time
45.88
soc
66
f1,f2,first_soc,front
104.52,20.4708,100,0
time
44.52
soc
68
f1,f2,first_soc,front
109.571,14.6959,100,0
time
44.52
soc
78
f1,f2,first_soc,front
107.697,16.839,100,0
time
41.8
soc
79
f1,f2,first_soc,front
106.182,18.5715,100,0
time
41.8
soc
76
f1,f2,first_soc,front
105.172,19.7265,100,0
time
41.8
soc
74
f1,f2,first_soc,front
105.707,19.1147,100,0
time
45.88
soc
68
f1,f2,first_soc,front
108.561,15.8509,100,0
time
44.52
soc
76
f1,f2,first_soc,front
107.045,17.5834,100,0
time
44.52
soc
73
f1,f2,first_soc,front
109.571,14.6959,100,0
time
44.52
soc
78
f1,f2,first_soc,front
105.707,19.1147,100,0
time
45.88
soc
68
f1,f2,first_soc,front
107.697,16.839,100,0
time
41.8
soc
79
f1,f2,first_soc,front
110.757,13.3397,100,0
time
45.88
soc
78
f1,f2,first_soc,front
109.242,15.0722,100,0
time
45.88
soc
75
f1,f2,first_soc,front
104.697,20.2697,100,0
time
45.88
soc
66
f1,f2,first_soc,front
110.252,13.9172,100,0
time
45.88
soc
77
f1,f2,first_soc,front
112.391,11.9595,100,0
time
45.88,95.8371
soc
70,38
f1,f2,first_soc,front
112.538,11.7921,100,0
time
45.88,96.1474
soc
76,43
f1,f2,first_soc,front
104.162,20.8815,100,0
time
41.8
soc
72
f1,f2,first_soc,front
104.015,21.0483,100,0
time
44.52
soc
67
f1,f2,first_soc,front
107.045,17.5834,100,0
time
44.52
soc
73
f1,f2,first_soc,front
104.697,20.2697,100,0
time
45.88
soc
66
f1,f2,first_soc,front
105.202,19.6922,100,0
time
45.88
soc
67
f1,f2,first_soc,front
108.232,16.2272,100,0
time
45.88
soc
73
f1,f2,first_soc,front
109.242,15.0722,100,0
time
45.88
soc
75
f1,f2,first_soc,front
112.538,11.7921,100,0
time
45.88,96.1474
soc
76,43
f1,f2,first_soc,front
105.202,19.6922,100,0
time
45.88
soc
67
f1,f2,first_soc,front
106.358,18.3705,100,0
time
43.16
soc
74
f1,f2,first_soc,front
112.765,11.563,100,0
time
45.88,75.9817
soc
63,67
f1,f2,first_soc,front
104.697,20.2697,100,0
time
45.88
soc
66
f1,f2,first_soc,front
108.232,16.2272,100,0
time
45.88
soc
73
f1,f2,first_soc,front
107.369,17.2156,100,0
time
43.16
soc
76
f1,f2,first_soc,front
105.172,19.7265,100,0
time
41.8
soc
74
f1,f2,first_soc,front
106.182,18.5715,100,0
time
41.8
soc
76
f1,f2,first_soc,front
108.884,15.4831,100,0
time
43.16
soc
79
f1,f2,first_soc,front
104.015,21.0483,100,0
time
44.52
soc
67
f1,f2,first_soc,front
104.162,20.8815,100,0
time
41.8
soc
72
f1,f2,first_soc,front
112.553,11.7747,100,0
time
45.88,73.067
soc
68,76
f1,f2,first_soc,front
112.618,11.7025,100,0
time
37.72,77.626
soc
75,62
f1,f2,first_soc,front
112.391,11.9595,100,0
time
45.88,95.8371
soc
70,38
f1,f2,first_soc,front
111.263,12.7622,100,0
time
45.88
soc
79
f1,f2,first_soc,front
110.757,13.3397,100,0
time
45.88
soc
78
f1,f2,first_soc,front
111.768,12.1847,100,0
time
45.88
soc
80
f1,f2,first_soc,front
106.212,18.5372,100,0
time
45.88
soc
69
f1,f2,first_soc,front
107.192,17.4165,100,0
time
41.8
soc
78
f1,f2,first_soc,front
107.222,17.3822,100,0
time
45.88
soc
71
f1,f2,first_soc,front
108.202,16.2616,100,0
time
41.8
soc
80
f1,f2,first_soc,front
105.677,19.149,100,0
time
41.8
soc
75
f1,f2,first_soc,front
107.727,16.8047,100,0
time
45.88
soc
72
f1,f2,first_soc,front
106.717,17.9597,100,0
time
45.88
soc
70
f1,f2,first_soc,front
106.687,17.994,100,0
time
41.8
soc
77
f1,f2,first_soc,front
106.182,18.5715,100,0
time
41.8
soc
76
f1,f2,first_soc,front
108.232,16.2272,100,0
time
45.88
soc
73
f1,f2,first_soc,front
105.172,19.7265,100,0
time
41.8
soc
74
f1,f2,first_soc,front
105.202,19.6922,100,0
time
45.88
soc
67
f1,f2,first_soc,front
112.553,11.7747,100,0
time
45.88,73.067
soc
68,76
f1,f2,first_soc,front
112.538,11.7921,100,0
time
45.88,96.1474
soc
76,43
f1,f2,first_soc,front
105.202,19.6922,100,0
time
45.88
soc
67
f1,f2,first_soc,front
108.232,16.2272,100,0
time
45.88
soc
73
f1,f2,first_soc,front
111.263,12.7622,100,0
time
45.88
soc
79
f1,f2,first_soc,front
111.768,12.1847,100,0
time
45.88
soc
80
f1,f2,first_soc,front
112.765,11.563,100,0
time
45.88,76.4868
soc
64,67
f1,f2,first_soc,front
105.202,19.6922,100,0
time
45.88
soc
67
f1,f2,first_soc,front
105.202,19.6922,100,0
time
45.88
soc
67
f1,f2,first_soc,front
105.202,19.6922,100,0
time
45.88
soc
67
f1,f2,first_soc,front
105.202,19.6922,100,0
time
45.88
soc
67
f1,f2,first_soc,front
105.202,19.6922,100,0
time
45.88
soc
67
f1,f2,first_soc,front
105.202,19.6922,100,0
time
45.88
soc
67
f1,f2,first_soc,front
105.202,19.6922,100,0
time
45.88
soc
67
f1,f2,first_soc,front
105.202,19.6922,100,0
time
45.88
soc
67
f1,f2,first_soc,front
105.202,19.6922,100,0
time
45.88
soc
67
f1,f2,first_soc,front
105.202,19.6922,100,0
time
45.88
soc
67
f1,f2,first_soc,front
113.735,11.5601,100,0
time
44.52,96.3205
soc
76,43
f1,f2,first_soc,front
105.202,19.6922,100,0
time
45.88
soc
67
f1,f2,first_soc,front
105.202,19.6922,100,0
time
45.88
soc
67
f1,f2,first_soc,front
105.202,19.6922,100,0
time
45.88
soc
67
f1,f2,first_soc,front
105.202,19.6922,100,0
time
45.88
soc
67
f1,f2,first_soc,front
105.202,19.6922,100,0
time
45.88
soc
67
f1,f2,first_soc,front
105.202,19.6922,100,0
time
45.88
soc
67
f1,f2,first_soc,front
105.202,19.6922,100,0
time
45.88
soc
67
f1,f2,first_soc,front
105.202,19.6922,100,0
time
45.88
soc
67
f1,f2,first_soc,front
105.202,19.6922,100,0
time
45.88
soc
67
f1,f2,first_soc,front
105.202,19.6922,100,0
time
45.88
soc
67
f1,f2,first_soc,front
105.202,19.6922,100,0
time
45.88
soc
67
f1,f2,first_soc,front
105.202,19.6922,100,0
time
45.88
soc
67
f1,f2,first_soc,front
105.202,19.6922,100,0
time
45.88
soc
67
f1,f2,first_soc,front
105.202,19.6922,100,0
time
45.88
soc
67
f1,f2,first_soc,front
105.202,19.6922,100,0
time
45.88
soc
67
f1,f2,first_soc,front
105.202,19.6922,100,0
time
45.88
soc
67
f1,f2,first_soc,front
105.202,19.6922,100,0
time
45.88
soc
67
f1,f2,first_soc,front
105.202,19.6922,100,0
time
45.88
soc
67
f1,f2,first_soc,front
105.202,19.6922,100,0
time
45.88
soc
67
f1,f2,first_soc,front
105.202,19.6922,100,0
time
45.88
soc
67
f1,f2,first_soc,front
104.015,21.0483,100,0
time
44.52
soc
67
f1,f2,first_soc,front
104.162,20.8815,100,0
time
41.8
soc
72
f1,f2,first_soc,front
104.162,20.8815,100,0
time
41.8
soc
72
f1,f2,first_soc,front
104.162,20.8815,100,0
time
41.8
soc
72
f1,f2,first_soc,front
104.162,20.8815,100,0
time
41.8
soc
72
f1,f2,first_soc,front
104.162,20.8815,100,0
time
41.8
soc
72
f1,f2,first_soc,front
104.162,20.8815,100,0
time
41.8
soc
72
f1,f2,first_soc,front
104.162,20.8815,100,0
time
41.8
soc
72
f1,f2,first_soc,front
104.015,21.0483,100,0
time
44.52
soc
67
f1,f2,first_soc,front
104.015,21.0483,100,0
time
44.52
soc
67
f1,f2,first_soc,front
104.015,21.0483,100,0
time
44.52
soc
67
f1,f2,first_soc,front
104.015,21.0483,100,0
time
44.52
soc
67
f1,f2,first_soc,front
104.015,21.0483,100,0
time
44.52
soc
67
f1,f2,first_soc,front
104.015,21.0483,100,0
time
44.52
soc
67
f1,f2,first_soc,front
104.015,21.0483,100,0
time
44.52
soc
67
f1,f2,first_soc,front
104.015,21.0483,100,0
time
44.52
soc
67
f1,f2,first_soc,front
104.162,20.8815,100,0
time
41.8
soc
72
f1,f2,first_soc,front
104.015,21.0483,100,0
time
44.52
soc
67
f1,f2,first_soc,front
104.015,21.0483,100,0
time
44.52
soc
67
f1,f2,first_soc,front
104.015,21.0483,100,0
time
44.52
soc
67
f1,f2,first_soc,front
104.015,21.0483,100,0
time
44.52
soc
67
f1,f2,first_soc,front
104.015,21.0483,100,0
time
44.52
soc
67
f1,f2,first_soc,front
104.015,21.0483,100,0
time
44.52
soc
67
f1,f2,first_soc,front
104.015,21.0483,100,0
time
44.52
soc
67
f1,f2,first_soc,front
113.735,11.5601,100,0
time
44.52,96.3205
soc
76,43
f1,f2,first_soc,front
113.735,11.5601,100,0
time
44.52,96.3205
soc
76,43
f1,f2,first_soc,front
103.656,21.459,100,0
time
41.8
soc
71
第92世代
f1,f2,first_soc,front
103.656,21.459,100,0
time
41.8
soc
71
f1,f2,first_soc,front
103.656,21.459,100,0
time
41.8
soc
71
f1,f2,first_soc,front
113.735,11.5601,100,0
time
44.52,96.3205
soc
76,43
f1,f2,first_soc,front
112.765,11.563,100,0
time
45.88,75.9817
soc
63,67
f1,f2,first_soc,front
113.735,11.5601,100,0
time
44.52,96.3205
soc
76,43
f1,f2,first_soc,front
110.076,14.1184,100,0
time
44.52
soc
79
f1,f2,first_soc,front
110.581,13.5409,100,0
time
44.52
soc
80
f1,f2,first_soc,front
110.757,13.3397,100,0
time
45.88
soc
78
f1,f2,first_soc,front
104.52,20.4708,100,0
time
44.52
soc
68
f1,f2,first_soc,front
111.755,12.6872,100,0
time
45.88,74.9716
soc
61,65
f1,f2,first_soc,front
111.25,13.2647,100,0
time
45.88,75.4767
soc
62,64
f1,f2,first_soc,front
111.768,12.1847,100,0
time
45.88
soc
80
f1,f2,first_soc,front
110.252,13.9172,100,0
time
45.88
soc
77
f1,f2,first_soc,front
109.747,14.4947,100,0
time
45.88
soc
76
f1,f2,first_soc,front
111.25,13.2647,100,0
time
45.88,75.4767
soc
62,64
f1,f2,first_soc,front
111.755,12.6872,100,0
time
45.88,74.9716
soc
61,65
f1,f2,first_soc,front
111.768,12.1847,100,0
time
45.88
soc
80
f1,f2,first_soc,front
111.263,12.7622,100,0
time
45.88
soc
79
f1,f2,first_soc,front
111.263,12.7622,100,0
time
45.88
soc
79
f1,f2,first_soc,front
112.26,12.1097,100,0
time
45.88,75.4767
soc
62,66
f1,f2,first_soc,front
104.162,20.8815,100,0
time
41.8
soc
72
f1,f2,first_soc,front
104.015,21.0483,100,0
time
44.52
soc
67
f1,f2,first_soc,front
109.571,14.6959,100,0
time
44.52
soc
78
f1,f2,first_soc,front
107.874,16.6381,100,0
time
43.16
soc
77
f1,f2,first_soc,front
107.369,17.2156,100,0
time
43.16
soc
76
f1,f2,first_soc,front
108.884,15.4831,100,0
time
43.16
soc
79
f1,f2,first_soc,front
107.045,17.5834,100,0
time
44.52
soc
73
f1,f2,first_soc,front
108.379,16.0606,100,0
time
43.16
soc
78
f1,f2,first_soc,front
106.035,18.7383,100,0
time
44.52
soc
71
f1,f2,first_soc,front
106.54,18.1609,100,0
time
44.52
soc
72
f1,f2,first_soc,front
106.358,18.3705,100,0
time
43.16
soc
74
f1,f2,first_soc,front
105.025,19.8933,100,0
time
44.52
soc
69
f1,f2,first_soc,front
105.853,18.948,100,0
time
43.16
soc
73
f1,f2,first_soc,front
105.53,19.3158,100,0
time
44.52
soc
70
f1,f2,first_soc,front
109.066,15.2734,100,0
time
44.52
soc
77
f1,f2,first_soc,front
109.066,15.2734,100,0
time
44.52
soc
77
f1,f2,first_soc,front
109.747,14.4947,100,0
time
45.88
soc
76
f1,f2,first_soc,front
110.581,13.5409,100,0
time
44.52
soc
80
f1,f2,first_soc,front
108.561,15.8509,100,0
time
44.52
soc
76
f1,f2,first_soc,front
109.571,14.6959,100,0
time
44.52
soc
78
f1,f2,first_soc,front
110.076,14.1184,100,0
time
44.52
soc
79
f1,f2,first_soc,front
108.737,15.6497,100,0
time
45.88
soc
74
f1,f2,first_soc,front
109.242,15.0722,100,0
time
45.88
soc
75
f1,f2,first_soc,front
109.389,14.9056,100,0
time
43.16
soc
80
f1,f2,first_soc,front
107.55,17.0059,100,0
time
44.52
soc
74
f1,f2,first_soc,front
104.52,20.4708,100,0
time
44.52
soc
68
f1,f2,first_soc,front
104.015,21.0483,100,0
time
44.52
soc
67
f1,f2,first_soc,front
103.656,21.459,100,0
time
41.8
soc
71
f1,f2,first_soc,front
104.162,20.8815,100,0
time
41.8
soc
72
f1,f2,first_soc,front
107.55,17.0059,100,0
time
44.52
soc
74
f1,f2,first_soc,front
108.055,16.4284,100,0
time
44.52
soc
75
f1,f2,first_soc,front
106.864,17.793,100,0
time
43.16
soc
75
f1,f2,first_soc,front
105.348,19.5255,100,0
time
43.16
soc
72
f1,f2,first_soc,front
104.843,20.103,100,0
time
43.16
soc
71
f1,f2,first_soc,front
104.697,20.2697,100,0
time
45.88
soc
66
f1,f2,first_soc,front
110.252,13.9172,100,0
time
45.88
soc
77
f1,f2,first_soc,front
112.391,11.9595,100,0
time
45.88,95.8371
soc
70,38
f1,f2,first_soc,front
106.54,18.1609,100,0
time
44.52
soc
72
f1,f2,first_soc,front
105.53,19.3158,100,0
time
44.52
soc
70
f1,f2,first_soc,front
105.677,19.149,100,0
time
41.8
soc
75
f1,f2,first_soc,front
107.697,16.839,100,0
time
41.8
soc
79
f1,f2,first_soc,front
106.035,18.7383,100,0
time
44.52
soc
71
f1,f2,first_soc,front
105.172,19.7265,100,0
time
41.8
soc
74
f1,f2,first_soc,front
105.025,19.8933,100,0
time
44.52
soc
69
f1,f2,first_soc,front
108.202,16.2616,100,0
time
41.8
soc
80
f1,f2,first_soc,front
107.045,17.5834,100,0
time
44.52
soc
73
f1,f2,first_soc,front
106.358,18.3705,100,0
time
43.16
soc
74
f1,f2,first_soc,front
105.853,18.948,100,0
time
43.16
soc
73
f1,f2,first_soc,front
107.727,16.8047,100,0
time
45.88
soc
72
f1,f2,first_soc,front
108.884,15.4831,100,0
time
43.16
soc
79
f1,f2,first_soc,front
108.737,15.6497,100,0
time
45.88
soc
74
f1,f2,first_soc,front
107.874,16.6381,100,0
time
43.16
soc
77
f1,f2,first_soc,front
106.717,17.9597,100,0
time
45.88
soc
70
f1,f2,first_soc,front
109.242,15.0722,100,0
time
45.88
soc
75
f1,f2,first_soc,front
107.222,17.3822,100,0
time
45.88
soc
71
f1,f2,first_soc,front
107.369,17.2156,100,0
time
43.16
soc
76
f1,f2,first_soc,front
108.379,16.0606,100,0
time
43.16
soc
78
f1,f2,first_soc,front
112.618,11.7025,100,0
time
37.72,77.626
soc
75,62
f1,f2,first_soc,front
112.391,11.9595,100,0
time
45.88,95.8371
soc
70,38
f1,f2,first_soc,front
108.561,15.8509,100,0
time
44.52
soc
76
f1,f2,first_soc,front
106.864,17.793,100,0
time
43.16
soc
75
f1,f2,first_soc,front
104.843,20.103,100,0
time
43.16
soc
71
f1,f2,first_soc,front
108.055,16.4284,100,0
time
44.52
soc
75
f1,f2,first_soc,front
105.348,19.5255,100,0
time
43.16
soc
72
f1,f2,first_soc,front
112.26,12.1097,100,0
time
45.88,75.4767
soc
62,66
f1,f2,first_soc,front
104.52,20.4708,100,0
time
44.52
soc
68
f1,f2,first_soc,front
110.252,13.9172,100,0
time
45.88
soc
77
f1,f2,first_soc,front
106.182,18.5715,100,0
time
41.8
soc
76
f1,f2,first_soc,front
107.192,17.4165,100,0
time
41.8
soc
78
f1,f2,first_soc,front
106.212,18.5372,100,0
time
45.88
soc
69
f1,f2,first_soc,front
112.538,11.7921,100,0
time
45.88,96.1474
soc
76,43
f1,f2,first_soc,front
109.389,14.9056,100,0
time
43.16
soc
80
f1,f2,first_soc,front
108.561,15.8509,100,0
time
44.52
soc
76
f1,f2,first_soc,front
105.707,19.1147,100,0
time
45.88
soc
68
f1,f2,first_soc,front
108.232,16.2272,100,0
time
45.88
soc
73
f1,f2,first_soc,front
106.182,18.5715,100,0
time
41.8
soc
76
f1,f2,first_soc,front
107.192,17.4165,100,0
time
41.8
soc
78
f1,f2,first_soc,front
106.687,17.994,100,0
time
41.8
soc
77
f1,f2,first_soc,front
109.747,14.4947,100,0
time
45.88
soc
76
f1,f2,first_soc,front
110.757,13.3397,100,0
time
45.88
soc
78
f1,f2,first_soc,front
104.697,20.2697,100,0
time
45.88
soc
66
f1,f2,first_soc,front
104.162,20.8815,100,0
time
41.8
soc
72
f1,f2,first_soc,front
106.687,17.994,100,0
time
41.8
soc
77
f1,f2,first_soc,front
104.015,21.0483,100,0
time
44.52
soc
67
f1,f2,first_soc,front
104.697,20.2697,100,0
time
45.88
soc
66
f1,f2,first_soc,front
105.202,19.6922,100,0
time
45.88
soc
67
f1,f2,first_soc,front
109.389,14.9056,100,0
time
43.16
soc
80
f1,f2,first_soc,front
105.707,19.1147,100,0
time
45.88
soc
68
f1,f2,first_soc,front
108.232,16.2272,100,0
time
45.88
soc
73
f1,f2,first_soc,front
112.26,12.1097,100,0
time
45.88,75.4767
soc
62,66
f1,f2,first_soc,front
112.538,11.7921,100,0
time
45.88,96.1474
soc
76,43
f1,f2,first_soc,front
104.843,20.103,100,0
time
43.16
soc
71
f1,f2,first_soc,front
105.348,19.5255,100,0
time
43.16
soc
72
f1,f2,first_soc,front
112.765,11.563,100,0
time
45.88,76.4868
soc
64,67
f1,f2,first_soc,front
105.202,19.6922,100,0
time
45.88
soc
67
f1,f2,first_soc,front
106.212,18.5372,100,0
time
45.88
soc
69
f1,f2,first_soc,front
104.162,20.8815,100,0
time
41.8
soc
72
f1,f2,first_soc,front
104.015,21.0483,100,0
time
44.52
soc
67
f1,f2,first_soc,front
106.864,17.793,100,0
time
43.16
soc
75
f1,f2,first_soc,front
108.055,16.4284,100,0
time
44.52
soc
75
f1,f2,first_soc,front
112.553,11.7747,100,0
time
45.88,73.067
soc
68,76
f1,f2,first_soc,front
112.618,11.7025,100,0
time
37.72,77.626
soc
75,62
f1,f2,first_soc,front
111.263,12.7622,100,0
time
45.88
soc
79
f1,f2,first_soc,front
110.757,13.3397,100,0
time
45.88
soc
78
f1,f2,first_soc,front
108.202,16.2616,100,0
time
41.8
soc
80
f1,f2,first_soc,front
107.222,17.3822,100,0
time
45.88
soc
71
f1,f2,first_soc,front
105.677,19.149,100,0
time
41.8
soc
75
f1,f2,first_soc,front
106.717,17.9597,100,0
time
45.88
soc
70
f1,f2,first_soc,front
105.172,19.7265,100,0
time
41.8
soc
74
f1,f2,first_soc,front
107.727,16.8047,100,0
time
45.88
soc
72
f1,f2,first_soc,front
107.697,16.839,100,0
time
41.8
soc
79
f1,f2,first_soc,front
106.212,18.5372,100,0
time
45.88
soc
69
f1,f2,first_soc,front
105.202,19.6922,100,0
time
45.88
soc
67
f1,f2,first_soc,front
112.553,11.7747,100,0
time
45.88,73.067
soc
68,76
f1,f2,first_soc,front
105.707,19.1147,100,0
time
45.88
soc
68
f1,f2,first_soc,front
108.232,16.2272,100,0
time
45.88
soc
73
f1,f2,first_soc,front
106.687,17.994,100,0
time
41.8
soc
77
f1,f2,first_soc,front
105.202,19.6922,100,0
time
45.88
soc
67
f1,f2,first_soc,front
112.538,11.7921,100,0
time
45.88,96.1474
soc
76,43
f1,f2,first_soc,front
111.263,12.7622,100,0
time
45.88
soc
79
f1,f2,first_soc,front
112.765,11.563,100,0
time
45.88,76.4868
soc
64,67
f1,f2,first_soc,front
112.538,11.7921,100,0
time
45.88,96.1474
soc
76,43
f1,f2,first_soc,front
112.538,11.7921,100,0
time
45.88,96.1474
soc
76,43
f1,f2,first_soc,front
112.538,11.7921,100,0
time
45.88,96.1474
soc
76,43
f1,f2,first_soc,front
104.697,20.2697,100,0
time
45.88
soc
66
f1,f2,first_soc,front
112.538,11.7921,100,0
time
45.88,96.1474
soc
76,43
f1,f2,first_soc,front
104.843,20.103,100,0
time
43.16
soc
71
f1,f2,first_soc,front
104.843,20.103,100,0
time
43.16
soc
71
f1,f2,first_soc,front
112.538,11.7921,100,0
time
45.88,96.1474
soc
76,43
f1,f2,first_soc,front
104.697,20.2697,100,0
time
45.88
soc
66
f1,f2,first_soc,front
104.697,20.2697,100,0
time
45.88
soc
66
f1,f2,first_soc,front
104.697,20.2697,100,0
time
45.88
soc
66
f1,f2,first_soc,front
104.697,20.2697,100,0
time
45.88
soc
66
f1,f2,first_soc,front
105.202,19.6922,100,0
time
45.88
soc
67
f1,f2,first_soc,front
105.202,19.6922,100,0
time
45.88
soc
67
f1,f2,first_soc,front
105.202,19.6922,100,0
time
45.88
soc
67
f1,f2,first_soc,front
105.202,19.6922,100,0
time
45.88
soc
67
f1,f2,first_soc,front
105.202,19.6922,100,0
time
45.88
soc
67
f1,f2,first_soc,front
105.202,19.6922,100,0
time
45.88
soc
67
f1,f2,first_soc,front
105.202,19.6922,100,0
time
45.88
soc
67
f1,f2,first_soc,front
105.202,19.6922,100,0
time
45.88
soc
67
f1,f2,first_soc,front
105.202,19.6922,100,0
time
45.88
soc
67
f1,f2,first_soc,front
105.202,19.6922,100,0
time
45.88
soc
67
f1,f2,first_soc,front
105.202,19.6922,100,0
time
45.88
soc
67
f1,f2,first_soc,front
105.202,19.6922,100,0
time
45.88
soc
67
f1,f2,first_soc,front
105.202,19.6922,100,0
time
45.88
soc
67
f1,f2,first_soc,front
105.202,19.6922,100,0
time
45.88
soc
67
f1,f2,first_soc,front
105.202,19.6922,100,0
time
45.88
soc
67
f1,f2,first_soc,front
105.172,19.7265,100,0
time
41.8
soc
74
f1,f2,first_soc,front
105.202,19.6922,100,0
time
45.88
soc
67
f1,f2,first_soc,front
105.202,19.6922,100,0
time
45.88
soc
67
f1,f2,first_soc,front
105.202,19.6922,100,0
time
45.88
soc
67
f1,f2,first_soc,front
105.202,19.6922,100,0
time
45.88
soc
67
f1,f2,first_soc,front
105.202,19.6922,100,0
time
45.88
soc
67
f1,f2,first_soc,front
105.202,19.6922,100,0
time
45.88
soc
67
f1,f2,first_soc,front
105.202,19.6922,100,0
time
45.88
soc
67
f1,f2,first_soc,front
105.202,19.6922,100,0
time
45.88
soc
67
f1,f2,first_soc,front
105.202,19.6922,100,0
time
45.88
soc
67
f1,f2,first_soc,front
105.202,19.6922,100,0
time
45.88
soc
67
f1,f2,first_soc,front
105.202,19.6922,100,0
time
45.88
soc
67
f1,f2,first_soc,front
105.172,19.7265,100,0
time
41.8
soc
74
f1,f2,first_soc,front
105.172,19.7265,100,0
time
41.8
soc
74
f1,f2,first_soc,front
104.015,21.0483,100,0
time
44.52
soc
67
f1,f2,first_soc,front
104.015,21.0483,100,0
time
44.52
soc
67
f1,f2,first_soc,front
104.015,21.0483,100,0
time
44.52
soc
67
f1,f2,first_soc,front
104.015,21.0483,100,0
time
44.52
soc
67
f1,f2,first_soc,front
104.015,21.0483,100,0
time
44.52
soc
67
f1,f2,first_soc,front
104.015,21.0483,100,0
time
44.52
soc
67
f1,f2,first_soc,front
104.015,21.0483,100,0
time
44.52
soc
67
f1,f2,first_soc,front
113.735,11.5601,100,0
time
44.52,96.3205
soc
76,43
f1,f2,first_soc,front
104.015,21.0483,100,0
time
44.52
soc
67
f1,f2,first_soc,front
104.015,21.0483,100,0
time
44.52
soc
67
f1,f2,first_soc,front
104.015,21.0483,100,0
time
44.52
soc
67
f1,f2,first_soc,front
104.015,21.0483,100,0
time
44.52
soc
67
f1,f2,first_soc,front
104.015,21.0483,100,0
time
44.52
soc
67
f1,f2,first_soc,front
104.015,21.0483,100,0
time
44.52
soc
67
f1,f2,first_soc,front
104.015,21.0483,100,0
time
44.52
soc
67
f1,f2,first_soc,front
104.015,21.0483,100,0
time
44.52
soc
67
f1,f2,first_soc,front
104.015,21.0483,100,0
time
44.52
soc
67
f1,f2,first_soc,front
104.015,21.0483,100,0
time
44.52
soc
67
第93世代
f1,f2,first_soc,front
103.656,21.459,100,0
time
41.8
soc
71
f1,f2,first_soc,front
103.656,21.459,100,0
time
41.8
soc
71
f1,f2,first_soc,front
113.735,11.5601,100,0
time
44.52,96.3205
soc
76,43
f1,f2,first_soc,front
111.263,12.7622,100,0
time
45.88
soc
79
f1,f2,first_soc,front
112.765,11.563,100,0
time
45.88,75.9817
soc
63,67
f1,f2,first_soc,front
113.735,11.5601,100,0
time
44.52,96.3205
soc
76,43
f1,f2,first_soc,front
110.076,14.1184,100,0
time
44.52
soc
79
f1,f2,first_soc,front
110.581,13.5409,100,0
time
44.52
soc
80
f1,f2,first_soc,front
104.52,20.4708,100,0
time
44.52
soc
68
f1,f2,first_soc,front
111.755,12.6872,100,0
time
45.88,74.9716
soc
61,65
f1,f2,first_soc,front
111.768,12.1847,100,0
time
45.88
soc
80
f1,f2,first_soc,front
111.25,13.2647,100,0
time
45.88,75.4767
soc
62,64
f1,f2,first_soc,front
109.747,14.4947,100,0
time
45.88
soc
76
f1,f2,first_soc,front
110.252,13.9172,100,0
time
45.88
soc
77
f1,f2,first_soc,front
111.25,13.2647,100,0
time
45.88,75.4767
soc
62,64
f1,f2,first_soc,front
111.768,12.1847,100,0
time
45.88
soc
80
f1,f2,first_soc,front
111.755,12.6872,100,0
time
45.88,74.9716
soc
61,65
f1,f2,first_soc,front
112.26,12.1097,100,0
time
45.88,75.4767
soc
62,66
f1,f2,first_soc,front
110.757,13.3397,100,0
time
45.88
soc
78
f1,f2,first_soc,front
104.162,20.8815,100,0
time
41.8
soc
72
f1,f2,first_soc,front
104.015,21.0483,100,0
time
44.52
soc
67
f1,f2,first_soc,front
109.571,14.6959,100,0
time
44.52
soc
78
f1,f2,first_soc,front
108.379,16.0606,100,0
time
43.16
soc
78
f1,f2,first_soc,front
108.055,16.4284,100,0
time
44.52
soc
75
f1,f2,first_soc,front
107.55,17.0059,100,0
time
44.52
soc
74
f1,f2,first_soc,front
106.864,17.793,100,0
time
43.16
soc
75
f1,f2,first_soc,front
108.884,15.4831,100,0
time
43.16
soc
79
f1,f2,first_soc,front
105.853,18.948,100,0
time
43.16
soc
73
f1,f2,first_soc,front
105.025,19.8933,100,0
time
44.52
soc
69
f1,f2,first_soc,front
106.358,18.3705,100,0
time
43.16
soc
74
f1,f2,first_soc,front
106.54,18.1609,100,0
time
44.52
soc
72
f1,f2,first_soc,front
105.53,19.3158,100,0
time
44.52
soc
70
f1,f2,first_soc,front
108.561,15.8509,100,0
time
44.52
soc
76
f1,f2,first_soc,front
109.066,15.2734,100,0
time
44.52
soc
77
f1,f2,first_soc,front
108.561,15.8509,100,0
time
44.52
soc
76
f1,f2,first_soc,front
110.252,13.9172,100,0
time
45.88
soc
77
f1,f2,first_soc,front
110.581,13.5409,100,0
time
44.52
soc
80
f1,f2,first_soc,front
110.076,14.1184,100,0
time
44.52
soc
79
f1,f2,first_soc,front
109.571,14.6959,100,0
time
44.52
soc
78
f1,f2,first_soc,front
109.242,15.0722,100,0
time
45.88
soc
75
f1,f2,first_soc,front
107.045,17.5834,100,0
time
44.52
soc
73
f1,f2,first_soc,front
106.035,18.7383,100,0
time
44.52
soc
71
f1,f2,first_soc,front
107.874,16.6381,100,0
time
43.16
soc
77
f1,f2,first_soc,front
107.369,17.2156,100,0
time
43.16
soc
76
f1,f2,first_soc,front
104.015,21.0483,100,0
time
44.52
soc
67
f1,f2,first_soc,front
104.52,20.4708,100,0
time
44.52
soc
68
f1,f2,first_soc,front
103.656,21.459,100,0
time
41.8
soc
71
f1,f2,first_soc,front
104.162,20.8815,100,0
time
41.8
soc
72
f1,f2,first_soc,front
107.874,16.6381,100,0
time
43.16
soc
77
f1,f2,first_soc,front
107.369,17.2156,100,0
time
43.16
soc
76
f1,f2,first_soc,front
109.389,14.9056,100,0
time
43.16
soc
80
f1,f2,first_soc,front
104.843,20.103,100,0
time
43.16
soc
71
f1,f2,first_soc,front
105.348,19.5255,100,0
time
43.16
soc
72
f1,f2,first_soc,front
108.737,15.6497,100,0
time
45.88
soc
74
f1,f2,first_soc,front
109.747,14.4947,100,0
time
45.88
soc
76
f1,f2,first_soc,front
112.391,11.9595,100,0
time
45.88,95.8371
soc
70,38
f1,f2,first_soc,front
106.54,18.1609,100,0
time
44.52
soc
72
f1,f2,first_soc,front
105.53,19.3158,100,0
time
44.52
soc
70
f1,f2,first_soc,front
107.697,16.839,100,0
time
41.8
soc
79
f1,f2,first_soc,front
105.677,19.149,100,0
time
41.8
soc
75
f1,f2,first_soc,front
106.687,17.994,100,0
time
41.8
soc
77
f1,f2,first_soc,front
107.55,17.0059,100,0
time
44.52
soc
74
f1,f2,first_soc,front
106.182,18.5715,100,0
time
41.8
soc
76
f1,f2,first_soc,front
105.025,19.8933,100,0
time
44.52
soc
69
f1,f2,first_soc,front
108.202,16.2616,100,0
time
41.8
soc
80
f1,f2,first_soc,front
108.055,16.4284,100,0
time
44.52
soc
75
f1,f2,first_soc,front
107.192,17.4165,100,0
time
41.8
soc
78
f1,f2,first_soc,front
106.358,18.3705,100,0
time
43.16
soc
74
f1,f2,first_soc,front
105.853,18.948,100,0
time
43.16
soc
73
f1,f2,first_soc,front
106.864,17.793,100,0
time
43.16
soc
75
f1,f2,first_soc,front
108.884,15.4831,100,0
time
43.16
soc
79
f1,f2,first_soc,front
107.727,16.8047,100,0
time
45.88
soc
72
f1,f2,first_soc,front
109.242,15.0722,100,0
time
45.88
soc
75
f1,f2,first_soc,front
108.379,16.0606,100,0
time
43.16
soc
78
f1,f2,first_soc,front
107.222,17.3822,100,0
time
45.88
soc
71
f1,f2,first_soc,front
112.618,11.7025,100,0
time
37.72,77.626
soc
75,62
f1,f2,first_soc,front
112.391,11.9595,100,0
time
45.88,95.8371
soc
70,38
f1,f2,first_soc,front
110.757,13.3397,100,0
time
45.88
soc
78
f1,f2,first_soc,front
109.389,14.9056,100,0
time
43.16
soc
80
f1,f2,first_soc,front
104.843,20.103,100,0
time
43.16
soc
71
f1,f2,first_soc,front
105.348,19.5255,100,0
time
43.16
soc
72
f1,f2,first_soc,front
109.066,15.2734,100,0
time
44.52
soc
77
f1,f2,first_soc,front
104.697,20.2697,100,0
time
45.88
soc
66
f1,f2,first_soc,front
108.737,15.6497,100,0
time
45.88
soc
74
f1,f2,first_soc,front
110.757,13.3397,100,0
time
45.88
soc
78
f1,f2,first_soc,front
109.747,14.4947,100,0
time
45.88
soc
76
f1,f2,first_soc,front
104.52,20.4708,100,0
time
44.52
soc
68
f1,f2,first_soc,front
105.707,19.1147,100,0
time
45.88
soc
68
f1,f2,first_soc,front
112.538,11.7921,100,0
time
45.88,96.1474
soc
76,43
f1,f2,first_soc,front
107.045,17.5834,100,0
time
44.52
soc
73
f1,f2,first_soc,front
106.035,18.7383,100,0
time
44.52
soc
71
f1,f2,first_soc,front
104.697,20.2697,100,0
time
45.88
soc
66
f1,f2,first_soc,front
109.066,15.2734,100,0
time
44.52
soc
77
f1,f2,first_soc,front
110.252,13.9172,100,0
time
45.88
soc
77
f1,f2,first_soc,front
104.162,20.8815,100,0
time
41.8
soc
72
f1,f2,first_soc,front
104.015,21.0483,100,0
time
44.52
soc
67
f1,f2,first_soc,front
106.035,18.7383,100,0
time
44.52
soc
71
f1,f2,first_soc,front
107.045,17.5834,100,0
time
44.52
soc
73
f1,f2,first_soc,front
105.172,19.7265,100,0
time
41.8
soc
74
f1,f2,first_soc,front
106.717,17.9597,100,0
time
45.88
soc
70
f1,f2,first_soc,front
104.697,20.2697,100,0
time
45.88
soc
66
f1,f2,first_soc,front
105.202,19.6922,100,0
time
45.88
soc
67
f1,f2,first_soc,front
108.232,16.2272,100,0
time
45.88
soc
73
f1,f2,first_soc,front
106.212,18.5372,100,0
time
45.88
soc
69
f1,f2,first_soc,front
112.26,12.1097,100,0
time
45.88,75.4767
soc
62,66
f1,f2,first_soc,front
112.538,11.7921,100,0
time
45.88,96.1474
soc
76,43
f1,f2,first_soc,front
105.707,19.1147,100,0
time
45.88
soc
68
f1,f2,first_soc,front
104.843,20.103,100,0
time
43.16
soc
71
f1,f2,first_soc,front
106.212,18.5372,100,0
time
45.88
soc
69
f1,f2,first_soc,front
104.697,20.2697,100,0
time
45.88
soc
66
f1,f2,first_soc,front
112.765,11.563,100,0
time
45.88,75.9817
soc
63,67
f1,f2,first_soc,front
105.348,19.5255,100,0
time
43.16
soc
72
f1,f2,first_soc,front
105.202,19.6922,100,0
time
45.88
soc
67
f1,f2,first_soc,front
108.232,16.2272,100,0
time
45.88
soc
73
f1,f2,first_soc,front
104.015,21.0483,100,0
time
44.52
soc
67
f1,f2,first_soc,front
106.717,17.9597,100,0
time
45.88
soc
70
f1,f2,first_soc,front
109.389,14.9056,100,0
time
43.16
soc
80
f1,f2,first_soc,front
108.737,15.6497,100,0
time
45.88
soc
74
f1,f2,first_soc,front
105.172,19.7265,100,0
time
41.8
soc
74
f1,f2,first_soc,front
104.162,20.8815,100,0
time
41.8
soc
72
f1,f2,first_soc,front
112.765,11.563,100,0
time
45.88,76.4868
soc
64,67
f1,f2,first_soc,front
112.618,11.7025,100,0
time
37.72,77.626
soc
75,62
f1,f2,first_soc,front
112.26,12.1097,100,0
time
45.88,75.4767
soc
62,66
f1,f2,first_soc,front
112.553,11.7747,100,0
time
45.88,73.067
soc
68,76
f1,f2,first_soc,front
111.263,12.7622,100,0
time
45.88
soc
79
f1,f2,first_soc,front
112.26,12.1097,100,0
time
45.88,75.4767
soc
62,66
f1,f2,first_soc,front
112.553,11.7747,100,0
time
45.88,73.067
soc
68,76
f1,f2,first_soc,front
107.222,17.3822,100,0
time
45.88
soc
71
f1,f2,first_soc,front
107.192,17.4165,100,0
time
41.8
soc
78
f1,f2,first_soc,front
108.202,16.2616,100,0
time
41.8
soc
80
f1,f2,first_soc,front
106.182,18.5715,100,0
time
41.8
soc
76
f1,f2,first_soc,front
107.727,16.8047,100,0
time
45.88
soc
72
f1,f2,first_soc,front
107.697,16.839,100,0
time
41.8
soc
79
f1,f2,first_soc,front
106.687,17.994,100,0
time
41.8
soc
77
f1,f2,first_soc,front
105.677,19.149,100,0
time
41.8
soc
75
f1,f2,first_soc,front
106.717,17.9597,100,0
time
45.88
soc
70
f1,f2,first_soc,front
108.232,16.2272,100,0
time
45.88
soc
73
f1,f2,first_soc,front
106.212,18.5372,100,0
time
45.88
soc
69
f1,f2,first_soc,front
105.707,19.1147,100,0
time
45.88
soc
68
f1,f2,first_soc,front
105.202,19.6922,100,0
time
45.88
soc
67
f1,f2,first_soc,front
105.172,19.7265,100,0
time
41.8
soc
74
f1,f2,first_soc,front
105.172,19.7265,100,0
time
41.8
soc
74
f1,f2,first_soc,front
105.202,19.6922,100,0
time
45.88
soc
67
f1,f2,first_soc,front
108.232,16.2272,100,0
time
45.88
soc
73
f1,f2,first_soc,front
106.212,18.5372,100,0
time
45.88
soc
69
f1,f2,first_soc,front
112.538,11.7921,100,0
time
45.88,96.1474
soc
76,43
f1,f2,first_soc,front
112.553,11.7747,100,0
time
45.88,73.067
soc
68,76
f1,f2,first_soc,front
111.263,12.7622,100,0
time
45.88
soc
79
f1,f2,first_soc,front
112.391,11.9595,100,0
time
45.88,95.8371
soc
70,38
f1,f2,first_soc,front
112.391,11.9595,100,0
time
45.88,95.8371
soc
70,38
f1,f2,first_soc,front
112.538,11.7921,100,0
time
45.88,96.1474
soc
76,43
f1,f2,first_soc,front
105.025,19.8933,100,0
time
44.52
soc
69
f1,f2,first_soc,front
104.843,20.103,100,0
time
43.16
soc
71
f1,f2,first_soc,front
104.843,20.103,100,0
time
43.16
soc
71
f1,f2,first_soc,front
112.391,11.9595,100,0
time
45.88,96.3421
soc
71,38
f1,f2,first_soc,front
104.843,20.103,100,0
time
43.16
soc
71
f1,f2,first_soc,front
104.843,20.103,100,0
time
43.16
soc
71
f1,f2,first_soc,front
105.172,19.7265,100,0
time
41.8
soc
74
f1,f2,first_soc,front
104.843,20.103,100,0
time
43.16
soc
71
f1,f2,first_soc,front
112.538,11.7921,100,0
time
45.88,96.1474
soc
76,43
f1,f2,first_soc,front
112.538,11.7921,100,0
time
45.88,96.1474
soc
76,43
f1,f2,first_soc,front
104.697,20.2697,100,0
time
45.88
soc
66
f1,f2,first_soc,front
104.697,20.2697,100,0
time
45.88
soc
66
f1,f2,first_soc,front
104.697,20.2697,100,0
time
45.88
soc
66
f1,f2,first_soc,front
104.697,20.2697,100,0
time
45.88
soc
66
f1,f2,first_soc,front
104.697,20.2697,100,0
time
45.88
soc
66
f1,f2,first_soc,front
112.538,11.7921,100,0
time
45.88,96.1474
soc
76,43
f1,f2,first_soc,front
104.697,20.2697,100,0
time
45.88
soc
66
f1,f2,first_soc,front
105.202,19.6922,100,0
time
45.88
soc
67
f1,f2,first_soc,front
105.202,19.6922,100,0
time
45.88
soc
67
f1,f2,first_soc,front
105.202,19.6922,100,0
time
45.88
soc
67
f1,f2,first_soc,front
105.202,19.6922,100,0
time
45.88
soc
67
f1,f2,first_soc,front
105.202,19.6922,100,0
time
45.88
soc
67
f1,f2,first_soc,front
105.202,19.6922,100,0
time
45.88
soc
67
f1,f2,first_soc,front
105.202,19.6922,100,0
time
45.88
soc
67
f1,f2,first_soc,front
105.202,19.6922,100,0
time
45.88
soc
67
f1,f2,first_soc,front
105.202,19.6922,100,0
time
45.88
soc
67
f1,f2,first_soc,front
105.202,19.6922,100,0
time
45.88
soc
67
f1,f2,first_soc,front
105.202,19.6922,100,0
time
45.88
soc
67
f1,f2,first_soc,front
105.202,19.6922,100,0
time
45.88
soc
67
f1,f2,first_soc,front
105.202,19.6922,100,0
time
45.88
soc
67
f1,f2,first_soc,front
112.26,12.1097,100,0
time
45.88,75.4767
soc
62,66
f1,f2,first_soc,front
105.202,19.6922,100,0
time
45.88
soc
67
f1,f2,first_soc,front
105.202,19.6922,100,0
time
45.88
soc
67
f1,f2,first_soc,front
105.202,19.6922,100,0
time
45.88
soc
67
f1,f2,first_soc,front
105.202,19.6922,100,0
time
45.88
soc
67
f1,f2,first_soc,front
105.202,19.6922,100,0
time
45.88
soc
67
f1,f2,first_soc,front
111.755,12.6872,100,0
time
45.88,74.9716
soc
61,65
f1,f2,first_soc,front
105.172,19.7265,100,0
time
41.8
soc
74
f1,f2,first_soc,front
105.172,19.7265,100,0
time
41.8
soc
74
f1,f2,first_soc,front
104.697,20.2697,100,0
time
45.88
soc
66
f1,f2,first_soc,front
105.172,19.7265,100,0
time
41.8
soc
74
f1,f2,first_soc,front
105.172,19.7265,100,0
time
41.8
soc
74
f1,f2,first_soc,front
104.015,21.0483,100,0
time
44.52
soc
67
f1,f2,first_soc,front
104.015,21.0483,100,0
time
44.52
soc
67
f1,f2,first_soc,front
104.015,21.0483,100,0
time
44.52
soc
67
f1,f2,first_soc,front
104.015,21.0483,100,0
time
44.52
soc
67
f1,f2,first_soc,front
113.735,11.5601,100,0
time
44.52,96.3205
soc
76,43
f1,f2,first_soc,front
104.015,21.0483,100,0
time
44.52
soc
67
f1,f2,first_soc,front
104.015,21.0483,100,0
time
44.52
soc
67
第94世代
f1,f2,first_soc,front
103.656,21.459,100,0
time
41.8
soc
71
f1,f2,first_soc,front
113.735,11.5601,100,0
time
44.52,96.3205
soc
76,43
f1,f2,first_soc,front
103.656,21.459,100,0
time
41.8
soc
71
f1,f2,first_soc,front
111.263,12.7622,100,0
time
45.88
soc
79
f1,f2,first_soc,front
111.768,12.1847,100,0
time
45.88
soc
80
f1,f2,first_soc,front
113.735,11.5601,100,0
time
44.52,96.3205
soc
76,43
f1,f2,first_soc,front
112.765,11.563,100,0
time
45.88,76.4868
soc
64,67
f1,f2,first_soc,front
104.162,20.8815,100,0
time
41.8
soc
72
f1,f2,first_soc,front
110.076,14.1184,100,0
time
44.52
soc
79
f1,f2,first_soc,front
110.581,13.5409,100,0
time
44.52
soc
80
f1,f2,first_soc,front
111.755,12.6872,100,0
time
45.88,74.9716
soc
61,65
f1,f2,first_soc,front
112.26,12.1097,100,0
time
45.88,75.4767
soc
62,66
f1,f2,first_soc,front
111.25,13.2647,100,0
time
45.88,75.4767
soc
62,64
f1,f2,first_soc,front
104.015,21.0483,100,0
time
44.52
soc
67
f1,f2,first_soc,front
104.52,20.4708,100,0
time
44.52
soc
68
f1,f2,first_soc,front
110.252,13.9172,100,0
time
45.88
soc
77
f1,f2,first_soc,front
109.747,14.4947,100,0
time
45.88
soc
76
f1,f2,first_soc,front
111.25,13.2647,100,0
time
45.88,75.4767
soc
62,64
f1,f2,first_soc,front
111.755,12.6872,100,0
time
45.88,74.9716
soc
61,65
f1,f2,first_soc,front
110.757,13.3397,100,0
time
45.88
soc
78
f1,f2,first_soc,front
109.571,14.6959,100,0
time
44.52
soc
78
f1,f2,first_soc,front
109.066,15.2734,100,0
time
44.52
soc
77
f1,f2,first_soc,front
107.045,17.5834,100,0
time
44.52
soc
73
f1,f2,first_soc,front
106.864,17.793,100,0
time
43.16
soc
75
f1,f2,first_soc,front
107.55,17.0059,100,0
time
44.52
soc
74
f1,f2,first_soc,front
107.874,16.6381,100,0
time
43.16
soc
77
f1,f2,first_soc,front
108.055,16.4284,100,0
time
44.52
soc
75
f1,f2,first_soc,front
108.379,16.0606,100,0
time
43.16
soc
78
f1,f2,first_soc,front
106.54,18.1609,100,0
time
44.52
soc
72
f1,f2,first_soc,front
105.53,19.3158,100,0
time
44.52
soc
70
f1,f2,first_soc,front
106.358,18.3705,100,0
time
43.16
soc
74
f1,f2,first_soc,front
105.853,18.948,100,0
time
43.16
soc
73
f1,f2,first_soc,front
109.747,14.4947,100,0
time
45.88
soc
76
f1,f2,first_soc,front
110.252,13.9172,100,0
time
45.88
soc
77
f1,f2,first_soc,front
110.076,14.1184,100,0
time
44.52
soc
79
f1,f2,first_soc,front
109.571,14.6959,100,0
time
44.52
soc
78
f1,f2,first_soc,front
110.581,13.5409,100,0
time
44.52
soc
80
f1,f2,first_soc,front
104.667,20.304,100,0
time
41.8
soc
73
f1,f2,first_soc,front
109.066,15.2734,100,0
time
44.52
soc
77
f1,f2,first_soc,front
109.242,15.0722,100,0
time
45.88
soc
75
f1,f2,first_soc,front
105.348,19.5255,100,0
time
43.16
soc
72
f1,f2,first_soc,front
109.389,14.9056,100,0
time
43.16
soc
80
f1,f2,first_soc,front
105.025,19.8933,100,0
time
44.52
soc
69
f1,f2,first_soc,front
106.035,18.7383,100,0
time
44.52
soc
71
f1,f2,first_soc,front
103.656,21.459,100,0
time
41.8
soc
71
f1,f2,first_soc,front
104.015,21.0483,100,0
time
44.52
soc
67
f1,f2,first_soc,front
104.52,20.4708,100,0
time
44.52
soc
68
f1,f2,first_soc,front
108.884,15.4831,100,0
time
43.16
soc
79
f1,f2,first_soc,front
107.369,17.2156,100,0
time
43.16
soc
76
f1,f2,first_soc,front
109.389,14.9056,100,0
time
43.16
soc
80
f1,f2,first_soc,front
104.843,20.103,100,0
time
43.16
soc
71
f1,f2,first_soc,front
108.737,15.6497,100,0
time
45.88
soc
74
f1,f2,first_soc,front
107.697,16.839,100,0
time
41.8
soc
79
f1,f2,first_soc,front
106.687,17.994,100,0
time
41.8
soc
77
f1,f2,first_soc,front
106.182,18.5715,100,0
time
41.8
soc
76
f1,f2,first_soc,front
106.54,18.1609,100,0
time
44.52
soc
72
f1,f2,first_soc,front
107.55,17.0059,100,0
time
44.52
soc
74
f1,f2,first_soc,front
105.53,19.3158,100,0
time
44.52
soc
70
f1,f2,first_soc,front
105.677,19.149,100,0
time
41.8
soc
75
f1,f2,first_soc,front
108.055,16.4284,100,0
time
44.52
soc
75
f1,f2,first_soc,front
108.202,16.2616,100,0
time
41.8
soc
80
f1,f2,first_soc,front
107.192,17.4165,100,0
time
41.8
soc
78
f1,f2,first_soc,front
106.358,18.3705,100,0
time
43.16
soc
74
f1,f2,first_soc,front
105.853,18.948,100,0
time
43.16
soc
73
f1,f2,first_soc,front
107.874,16.6381,100,0
time
43.16
soc
77
f1,f2,first_soc,front
106.864,17.793,100,0
time
43.16
soc
75
f1,f2,first_soc,front
106.717,17.9597,100,0
time
45.88
soc
70
f1,f2,first_soc,front
107.222,17.3822,100,0
time
45.88
soc
71
f1,f2,first_soc,front
109.242,15.0722,100,0
time
45.88
soc
75
f1,f2,first_soc,front
108.379,16.0606,100,0
time
43.16
soc
78
f1,f2,first_soc,front
112.391,11.9595,100,0
time
45.88,95.8371
soc
70,38
f1,f2,first_soc,front
112.391,11.9595,100,0
time
45.88,96.3421
soc
71,38
f1,f2,first_soc,front
112.618,11.7025,100,0
time
37.72,77.626
soc
75,62
f1,f2,first_soc,front
112.765,11.563,100,0
time
45.88,75.9817
soc
63,67
f1,f2,first_soc,front
112.26,12.1097,100,0
time
45.88,75.4767
soc
62,66
f1,f2,first_soc,front
108.561,15.8509,100,0
time
44.52
soc
76
f1,f2,first_soc,front
104.843,20.103,100,0
time
43.16
soc
71
f1,f2,first_soc,front
108.884,15.4831,100,0
time
43.16
soc
79
f1,f2,first_soc,front
107.369,17.2156,100,0
time
43.16
soc
76
f1,f2,first_soc,front
108.561,15.8509,100,0
time
44.52
soc
76
f1,f2,first_soc,front
110.757,13.3397,100,0
time
45.88
soc
78
f1,f2,first_soc,front
105.707,19.1147,100,0
time
45.88
soc
68
f1,f2,first_soc,front
112.538,11.7921,100,0
time
45.88,96.1474
soc
76,43
f1,f2,first_soc,front
108.561,15.8509,100,0
time
44.52
soc
76
f1,f2,first_soc,front
105.025,19.8933,100,0
time
44.52
soc
69
f1,f2,first_soc,front
106.035,18.7383,100,0
time
44.52
soc
71
f1,f2,first_soc,front
105.348,19.5255,100,0
time
43.16
soc
72
f1,f2,first_soc,front
108.232,16.2272,100,0
time
45.88
soc
73
f1,f2,first_soc,front
108.561,15.8509,100,0
time
44.52
soc
76
f1,f2,first_soc,front
108.737,15.6497,100,0
time
45.88
soc
74
f1,f2,first_soc,front
110.757,13.3397,100,0
time
45.88
soc
78
f1,f2,first_soc,front
109.747,14.4947,100,0
time
45.88
soc
76
f1,f2,first_soc,front
110.252,13.9172,100,0
time
45.88
soc
77
f1,f2,first_soc,front
106.035,18.7383,100,0
time
44.52
soc
71
f1,f2,first_soc,front
104.015,21.0483,100,0
time
44.52
soc
67
f1,f2,first_soc,front
104.162,20.8815,100,0
time
41.8
soc
72
f1,f2,first_soc,front
105.172,19.7265,100,0
time
41.8
soc
74
f1,f2,first_soc,front
105.025,19.8933,100,0
time
44.52
soc
69
f1,f2,first_soc,front
104.52,20.4708,100,0
time
44.52
soc
68
f1,f2,first_soc,front
107.045,17.5834,100,0
time
44.52
soc
73
f1,f2,first_soc,front
108.737,15.6497,100,0
time
45.88
soc
74
f1,f2,first_soc,front
107.727,16.8047,100,0
time
45.88
soc
72
f1,f2,first_soc,front
105.202,19.6922,100,0
time
45.88
soc
67
f1,f2,first_soc,front
105.348,19.5255,100,0
time
43.16
soc
72
f1,f2,first_soc,front
104.697,20.2697,100,0
time
45.88
soc
66
f1,f2,first_soc,front
106.212,18.5372,100,0
time
45.88
soc
69
f1,f2,first_soc,front
108.232,16.2272,100,0
time
45.88
soc
73
f1,f2,first_soc,front
112.538,11.7921,100,0
time
45.88,96.1474
soc
76,43
f1,f2,first_soc,front
104.697,20.2697,100,0
time
45.88
soc
66
f1,f2,first_soc,front
105.707,19.1147,100,0
time
45.88
soc
68
f1,f2,first_soc,front
105.202,19.6922,100,0
time
45.88
soc
67
f1,f2,first_soc,front
104.843,20.103,100,0
time
43.16
soc
71
f1,f2,first_soc,front
106.212,18.5372,100,0
time
45.88
soc
69
f1,f2,first_soc,front
105.172,19.7265,100,0
time
41.8
soc
74
f1,f2,first_soc,front
107.045,17.5834,100,0
time
44.52
soc
73
f1,f2,first_soc,front
107.369,17.2156,100,0
time
43.16
soc
76
f1,f2,first_soc,front
104.162,20.8815,100,0
time
41.8
soc
72
f1,f2,first_soc,front
107.727,16.8047,100,0
time
45.88
soc
72
f1,f2,first_soc,front
108.884,15.4831,100,0
time
43.16
soc
79
f1,f2,first_soc,front
112.553,11.7747,100,0
time
45.88,73.067
soc
68,76
f1,f2,first_soc,front
111.263,12.7622,100,0
time
45.88
soc
79
f1,f2,first_soc,front
110.757,13.3397,100,0
time
45.88
soc
78
f1,f2,first_soc,front
111.768,12.1847,100,0
time
45.88
soc
80
f1,f2,first_soc,front
112.618,11.7025,100,0
time
37.72,77.626
soc
75,62
f1,f2,first_soc,front
112.618,11.7025,100,0
time
37.72,77.626
soc
75,62
f1,f2,first_soc,front
106.182,18.5715,100,0
time
41.8
soc
76
f1,f2,first_soc,front
108.202,16.2616,100,0
time
41.8
soc
80
f1,f2,first_soc,front
107.192,17.4165,100,0
time
41.8
soc
78
f1,f2,first_soc,front
107.222,17.3822,100,0
time
45.88
soc
71
f1,f2,first_soc,front
107.697,16.839,100,0
time
41.8
soc
79
f1,f2,first_soc,front
106.717,17.9597,100,0
time
45.88
soc
70
f1,f2,first_soc,front
106.687,17.994,100,0
time
41.8
soc
77
f1,f2,first_soc,front
105.172,19.7265,100,0
time
41.8
soc
74
f1,f2,first_soc,front
105.677,19.149,100,0
time
41.8
soc
75
f1,f2,first_soc,front
104.697,20.2697,100,0
time
45.88
soc
66
f1,f2,first_soc,front
106.212,18.5372,100,0
time
45.88
soc
69
f1,f2,first_soc,front
107.727,16.8047,100,0
time
45.88
soc
72
f1,f2,first_soc,front
105.202,19.6922,100,0
time
45.88
soc
67
f1,f2,first_soc,front
105.707,19.1147,100,0
time
45.88
soc
68
f1,f2,first_soc,front
112.553,11.7747,100,0
time
45.88,73.067
soc
68,76
f1,f2,first_soc,front
106.212,18.5372,100,0
time
45.88
soc
69
f1,f2,first_soc,front
105.202,19.6922,100,0
time
45.88
soc
67
f1,f2,first_soc,front
108.232,16.2272,100,0
time
45.88
soc
73
f1,f2,first_soc,front
104.697,20.2697,100,0
time
45.88
soc
66
f1,f2,first_soc,front
107.727,16.8047,100,0
time
45.88
soc
72
f1,f2,first_soc,front
112.538,11.7921,100,0
time
45.88,96.1474
soc
76,43
f1,f2,first_soc,front
111.263,12.7622,100,0
time
45.88
soc
79
f1,f2,first_soc,front
111.768,12.1847,100,0
time
45.88
soc
80
f1,f2,first_soc,front
107.045,17.5834,100,0
time
44.52
soc
73
f1,f2,first_soc,front
104.162,20.8815,100,0
time
41.8
soc
72
f1,f2,first_soc,front
105.202,19.6922,100,0
time
45.88
soc
67
f1,f2,first_soc,front
104.015,21.0483,100,0
time
44.52
soc
67
f1,f2,first_soc,front
105.202,19.6922,100,0
time
45.88
soc
67
f1,f2,first_soc,front
105.202,19.6922,100,0
time
45.88
soc
67
f1,f2,first_soc,front
104.162,20.8815,100,0
time
41.8
soc
72
f1,f2,first_soc,front
105.202,19.6922,100,0
time
45.88
soc
67
f1,f2,first_soc,front
105.202,19.6922,100,0
time
45.88
soc
67
f1,f2,first_soc,front
104.162,20.8815,100,0
time
41.8
soc
72
f1,f2,first_soc,front
104.162,20.8815,100,0
time
41.8
soc
72
f1,f2,first_soc,front
105.202,19.6922,100,0
time
45.88
soc
67
f1,f2,first_soc,front
105.202,19.6922,100,0
time
45.88
soc
67
f1,f2,first_soc,front
104.843,20.103,100,0
time
43.16
soc
71
f1,f2,first_soc,front
104.015,21.0483,100,0
time
44.52
soc
67
f1,f2,first_soc,front
104.015,21.0483,100,0
time
44.52
soc
67
f1,f2,first_soc,front
105.202,19.6922,100,0
time
45.88
soc
67
f1,f2,first_soc,front
105.202,19.6922,100,0
time
45.88
soc
67
f1,f2,first_soc,front
105.202,19.6922,100,0
time
45.88
soc
67
f1,f2,first_soc,front
104.015,21.0483,100,0
time
44.52
soc
67
f1,f2,first_soc,front
105.202,19.6922,100,0
time
45.88
soc
67
f1,f2,first_soc,front
105.202,19.6922,100,0
time
45.88
soc
67
f1,f2,first_soc,front
104.015,21.0483,100,0
time
44.52
soc
67
f1,f2,first_soc,front
104.015,21.0483,100,0
time
44.52
soc
67
f1,f2,first_soc,front
105.202,19.6922,100,0
time
45.88
soc
67
f1,f2,first_soc,front
105.202,19.6922,100,0
time
45.88
soc
67
f1,f2,first_soc,front
105.202,19.6922,100,0
time
45.88
soc
67
f1,f2,first_soc,front
105.202,19.6922,100,0
time
45.88
soc
67
f1,f2,first_soc,front
105.202,19.6922,100,0
time
45.88
soc
67
f1,f2,first_soc,front
104.015,21.0483,100,0
time
44.52
soc
67
f1,f2,first_soc,front
104.015,21.0483,100,0
time
44.52
soc
67
f1,f2,first_soc,front
105.202,19.6922,100,0
time
45.88
soc
67
f1,f2,first_soc,front
105.202,19.6922,100,0
time
45.88
soc
67
f1,f2,first_soc,front
105.202,19.6922,100,0
time
45.88
soc
67
f1,f2,first_soc,front
105.202,19.6922,100,0
time
45.88
soc
67
f1,f2,first_soc,front
104.697,20.2697,100,0
time
45.88
soc
66
f1,f2,first_soc,front
104.697,20.2697,100,0
time
45.88
soc
66
f1,f2,first_soc,front
104.697,20.2697,100,0
time
45.88
soc
66
f1,f2,first_soc,front
104.697,20.2697,100,0
time
45.88
soc
66
f1,f2,first_soc,front
104.697,20.2697,100,0
time
45.88
soc
66
f1,f2,first_soc,front
104.697,20.2697,100,0
time
45.88
soc
66
f1,f2,first_soc,front
105.025,19.8933,100,0
time
44.52
soc
69
f1,f2,first_soc,front
104.697,20.2697,100,0
time
45.88
soc
66
f1,f2,first_soc,front
105.025,19.8933,100,0
time
44.52
soc
69
f1,f2,first_soc,front
105.025,19.8933,100,0
time
44.52
soc
69
f1,f2,first_soc,front
104.697,20.2697,100,0
time
45.88
soc
66
f1,f2,first_soc,front
104.697,20.2697,100,0
time
45.88
soc
66
f1,f2,first_soc,front
105.025,19.8933,100,0
time
44.52
soc
69
f1,f2,first_soc,front
104.697,20.2697,100,0
time
45.88
soc
66
f1,f2,first_soc,front
104.697,20.2697,100,0
time
45.88
soc
66
f1,f2,first_soc,front
104.843,20.103,100,0
time
43.16
soc
71
f1,f2,first_soc,front
104.843,20.103,100,0
time
43.16
soc
71
第95世代
f1,f2,first_soc,front
103.656,21.459,100,0
time
41.8
soc
71
f1,f2,first_soc,front
113.735,11.5601,100,0
time
44.52,96.3205
soc
76,43
f1,f2,first_soc,front
103.656,21.459,100,0
time
41.8
soc
71
f1,f2,first_soc,front
111.263,12.7622,100,0
time
45.88
soc
79
f1,f2,first_soc,front
113.735,11.5601,100,0
time
44.52,96.3205
soc
76,43
f1,f2,first_soc,front
112.765,11.563,100,0
time
45.88,75.9817
soc
63,67
f1,f2,first_soc,front
110.581,13.5409,100,0
time
44.52
soc
80
f1,f2,first_soc,front
110.252,13.9172,100,0
time
45.88
soc
77
f1,f2,first_soc,front
109.747,14.4947,100,0
time
45.88
soc
76
f1,f2,first_soc,front
110.076,14.1184,100,0
time
44.52
soc
79
f1,f2,first_soc,front
110.757,13.3397,100,0
time
45.88
soc
78
f1,f2,first_soc,front
111.768,12.1847,100,0
time
45.88
soc
80
f1,f2,first_soc,front
111.25,13.2647,100,0
time
45.88,75.4767
soc
62,64
f1,f2,first_soc,front
104.015,21.0483,100,0
time
44.52
soc
67
f1,f2,first_soc,front
111.25,13.2647,100,0
time
45.88,75.4767
soc
62,64
f1,f2,first_soc,front
111.768,12.1847,100,0
time
45.88
soc
80
f1,f2,first_soc,front
111.755,12.6872,100,0
time
45.88,74.9716
soc
61,65
f1,f2,first_soc,front
112.26,12.1097,100,0
time
45.88,75.4767
soc
62,66
f1,f2,first_soc,front
111.755,12.6872,100,0
time
45.88,74.9716
soc
61,65
f1,f2,first_soc,front
104.52,20.4708,100,0
time
44.52
soc
68
f1,f2,first_soc,front
104.162,20.8815,100,0
time
41.8
soc
72
f1,f2,first_soc,front
109.571,14.6959,100,0
time
44.52
soc
78
f1,f2,first_soc,front
108.561,15.8509,100,0
time
44.52
soc
76
f1,f2,first_soc,front
106.864,17.793,100,0
time
43.16
soc
75
f1,f2,first_soc,front
107.045,17.5834,100,0
time
44.52
soc
73
f1,f2,first_soc,front
108.884,15.4831,100,0
time
43.16
soc
79
f1,f2,first_soc,front
108.055,16.4284,100,0
time
44.52
soc
75
f1,f2,first_soc,front
107.55,17.0059,100,0
time
44.52
soc
74
f1,f2,first_soc,front
108.379,16.0606,100,0
time
43.16
soc
78
f1,f2,first_soc,front
106.035,18.7383,100,0
time
44.52
soc
71
f1,f2,first_soc,front
106.54,18.1609,100,0
time
44.52
soc
72
f1,f2,first_soc,front
105.53,19.3158,100,0
time
44.52
soc
70
f1,f2,first_soc,front
104.843,20.103,100,0
time
43.16
soc
71
f1,f2,first_soc,front
109.066,15.2734,100,0
time
44.52
soc
77
f1,f2,first_soc,front
110.581,13.5409,100,0
time
44.52
soc
80
f1,f2,first_soc,front
104.667,20.304,100,0
time
41.8
soc
73
f1,f2,first_soc,front
110.252,13.9172,100,0
time
45.88
soc
77
f1,f2,first_soc,front
110.076,14.1184,100,0
time
44.52
soc
79
f1,f2,first_soc,front
109.747,14.4947,100,0
time
45.88
soc
76
f1,f2,first_soc,front
109.571,14.6959,100,0
time
44.52
soc
78
f1,f2,first_soc,front
108.561,15.8509,100,0
time
44.52
soc
76
f1,f2,first_soc,front
109.242,15.0722,100,0
time
45.88
soc
75
f1,f2,first_soc,front
105.348,19.5255,100,0
time
43.16
soc
72
f1,f2,first_soc,front
105.025,19.8933,100,0
time
44.52
soc
69
f1,f2,first_soc,front
103.656,21.459,100,0
time
41.8
soc
71
f1,f2,first_soc,front
104.015,21.0483,100,0
time
44.52
soc
67
f1,f2,first_soc,front
104.52,20.4708,100,0
time
44.52
soc
68
f1,f2,first_soc,front
104.162,20.8815,100,0
time
41.8
soc
72
f1,f2,first_soc,front
107.874,16.6381,100,0
time
43.16
soc
77
f1,f2,first_soc,front
109.389,14.9056,100,0
time
43.16
soc
80
f1,f2,first_soc,front
107.369,17.2156,100,0
time
43.16
soc
76
f1,f2,first_soc,front
105.853,18.948,100,0
time
43.16
soc
73
f1,f2,first_soc,front
106.358,18.3705,100,0
time
43.16
soc
74
f1,f2,first_soc,front
112.391,11.9595,100,0
time
45.88,95.8371
soc
70,38
f1,f2,first_soc,front
107.55,17.0059,100,0
time
44.52
soc
74
f1,f2,first_soc,front
105.53,19.3158,100,0
time
44.52
soc
70
f1,f2,first_soc,front
106.182,18.5715,100,0
time
41.8
soc
76
f1,f2,first_soc,front
106.035,18.7383,100,0
time
44.52
soc
71
f1,f2,first_soc,front
106.54,18.1609,100,0
time
44.52
soc
72
f1,f2,first_soc,front
106.687,17.994,100,0
time
41.8
soc
77
f1,f2,first_soc,front
104.52,20.4708,100,0
time
44.52
soc
68
f1,f2,first_soc,front
105.172,19.7265,100,0
time
41.8
soc
74
f1,f2,first_soc,front
108.055,16.4284,100,0
time
44.52
soc
75
f1,f2,first_soc,front
108.202,16.2616,100,0
time
41.8
soc
80
f1,f2,first_soc,front
107.192,17.4165,100,0
time
41.8
soc
78
f1,f2,first_soc,front
104.843,20.103,100,0
time
43.16
soc
71
f1,f2,first_soc,front
105.707,19.1147,100,0
time
45.88
soc
68
f1,f2,first_soc,front
106.717,17.9597,100,0
time
45.88
soc
70
f1,f2,first_soc,front
106.864,17.793,100,0
time
43.16
soc
75
f1,f2,first_soc,front
108.884,15.4831,100,0
time
43.16
soc
79
f1,f2,first_soc,front
107.727,16.8047,100,0
time
45.88
soc
72
f1,f2,first_soc,front
109.242,15.0722,100,0
time
45.88
soc
75
f1,f2,first_soc,front
107.222,17.3822,100,0
time
45.88
soc
71
f1,f2,first_soc,front
112.765,11.563,100,0
time
45.88,75.9817
soc
63,67
f1,f2,first_soc,front
112.391,11.9595,100,0
time
45.88,96.3421
soc
71,38
f1,f2,first_soc,front
112.618,11.7025,100,0
time
37.72,77.626
soc
75,62
f1,f2,first_soc,front
109.389,14.9056,100,0
time
43.16
soc
80
f1,f2,first_soc,front
107.369,17.2156,100,0
time
43.16
soc
76
f1,f2,first_soc,front
107.874,16.6381,100,0
time
43.16
soc
77
f1,f2,first_soc,front
106.358,18.3705,100,0
time
43.16
soc
74
f1,f2,first_soc,front
105.853,18.948,100,0
time
43.16
soc
73
f1,f2,first_soc,front
112.26,12.1097,100,0
time
45.88,75.4767
soc
62,66
f1,f2,first_soc,front
109.066,15.2734,100,0
time
44.52
soc
77
f1,f2,first_soc,front
108.737,15.6497,100,0
time
45.88
soc
74
f1,f2,first_soc,front
105.677,19.149,100,0
time
41.8
soc
75
f1,f2,first_soc,front
109.066,15.2734,100,0
time
44.52
soc
77
f1,f2,first_soc,front
105.348,19.5255,100,0
time
43.16
soc
72
f1,f2,first_soc,front
105.025,19.8933,100,0
time
44.52
soc
69
f1,f2,first_soc,front
106.212,18.5372,100,0
time
45.88
soc
69
f1,f2,first_soc,front
108.737,15.6497,100,0
time
45.88
soc
74
f1,f2,first_soc,front
110.757,13.3397,100,0
time
45.88
soc
78
f1,f2,first_soc,front
112.538,11.7921,100,0
time
45.88,96.1474
soc
76,43
f1,f2,first_soc,front
104.162,20.8815,100,0
time
41.8
soc
72
f1,f2,first_soc,front
104.015,21.0483,100,0
time
44.52
soc
67
f1,f2,first_soc,front
107.697,16.839,100,0
time
41.8
soc
79
f1,f2,first_soc,front
107.045,17.5834,100,0
time
44.52
soc
73
f1,f2,first_soc,front
105.025,19.8933,100,0
time
44.52
soc
69
f1,f2,first_soc,front
104.697,20.2697,100,0
time
45.88
soc
66
f1,f2,first_soc,front
108.737,15.6497,100,0
time
45.88
soc
74
f1,f2,first_soc,front
105.348,19.5255,100,0
time
43.16
soc
72
f1,f2,first_soc,front
105.202,19.6922,100,0
time
45.88
soc
67
f1,f2,first_soc,front
106.212,18.5372,100,0
time
45.88
soc
69
f1,f2,first_soc,front
108.232,16.2272,100,0
time
45.88
soc
73
f1,f2,first_soc,front
108.379,16.0606,100,0
time
43.16
soc
78
f1,f2,first_soc,front
112.26,12.1097,100,0
time
45.88,75.4767
soc
62,66
f1,f2,first_soc,front
112.538,11.7921,100,0
time
45.88,96.1474
soc
76,43
f1,f2,first_soc,front
106.358,18.3705,100,0
time
43.16
soc
74
f1,f2,first_soc,front
104.697,20.2697,100,0
time
45.88
soc
66
f1,f2,first_soc,front
105.853,18.948,100,0
time
43.16
soc
73
f1,f2,first_soc,front
105.202,19.6922,100,0
time
45.88
soc
67
f1,f2,first_soc,front
107.369,17.2156,100,0
time
43.16
soc
76
f1,f2,first_soc,front
108.232,16.2272,100,0
time
45.88
soc
73
f1,f2,first_soc,front
107.874,16.6381,100,0
time
43.16
soc
77
f1,f2,first_soc,front
104.162,20.8815,100,0
time
41.8
soc
72
f1,f2,first_soc,front
107.697,16.839,100,0
time
41.8
soc
79
f1,f2,first_soc,front
108.379,16.0606,100,0
time
43.16
soc
78
f1,f2,first_soc,front
105.677,19.149,100,0
time
41.8
soc
75
f1,f2,first_soc,front
107.045,17.5834,100,0
time
44.52
soc
73
f1,f2,first_soc,front
109.389,14.9056,100,0
time
43.16
soc
80
f1,f2,first_soc,front
108.737,15.6497,100,0
time
45.88
soc
74
f1,f2,first_soc,front
112.618,11.7025,100,0
time
37.72,77.626
soc
75,62
f1,f2,first_soc,front
112.553,11.7747,100,0
time
45.88,73.067
soc
68,76
f1,f2,first_soc,front
111.755,12.6872,100,0
time
45.88,75.4767
soc
62,65
f1,f2,first_soc,front
111.263,12.7622,100,0
time
45.88
soc
79
f1,f2,first_soc,front
110.757,13.3397,100,0
time
45.88
soc
78
f1,f2,first_soc,front
112.618,11.7025,100,0
time
37.72,77.626
soc
75,62
f1,f2,first_soc,front
106.182,18.5715,100,0
time
41.8
soc
76
f1,f2,first_soc,front
107.222,17.3822,100,0
time
45.88
soc
71
f1,f2,first_soc,front
107.192,17.4165,100,0
time
41.8
soc
78
f1,f2,first_soc,front
108.202,16.2616,100,0
time
41.8
soc
80
f1,f2,first_soc,front
107.727,16.8047,100,0
time
45.88
soc
72
f1,f2,first_soc,front
105.172,19.7265,100,0
time
41.8
soc
74
f1,f2,first_soc,front
106.717,17.9597,100,0
time
45.88
soc
70
f1,f2,first_soc,front
106.687,17.994,100,0
time
41.8
soc
77
f1,f2,first_soc,front
105.707,19.1147,100,0
time
45.88
soc
68
f1,f2,first_soc,front
104.697,20.2697,100,0
time
45.88
soc
66
f1,f2,first_soc,front
108.232,16.2272,100,0
time
45.88
soc
73
f1,f2,first_soc,front
105.202,19.6922,100,0
time
45.88
soc
67
f1,f2,first_soc,front
105.677,19.149,100,0
time
41.8
soc
75
f1,f2,first_soc,front
107.697,16.839,100,0
time
41.8
soc
79
f1,f2,first_soc,front
112.553,11.7747,100,0
time
45.88,73.067
soc
68,76
f1,f2,first_soc,front
106.212,18.5372,100,0
time
45.88
soc
69
f1,f2,first_soc,front
104.697,20.2697,100,0
time
45.88
soc
66
f1,f2,first_soc,front
107.697,16.839,100,0
time
41.8
soc
79
f1,f2,first_soc,front
105.202,19.6922,100,0
time
45.88
soc
67
f1,f2,first_soc,front
108.232,16.2272,100,0
time
45.88
soc
73
f1,f2,first_soc,front
112.538,11.7921,100,0
time
45.88,96.1474
soc
76,43
f1,f2,first_soc,front
112.538,11.7921,100,0
time
45.88,96.1474
soc
76,43
f1,f2,first_soc,front
111.263,12.7622,100,0
time
45.88
soc
79
f1,f2,first_soc,front
103.656,21.459,100,0
time
41.8
soc
71
f1,f2,first_soc,front
105.202,19.6922,100,0
time
45.88
soc
67
f1,f2,first_soc,front
104.162,20.8815,100,0
time
41.8
soc
72
f1,f2,first_soc,front
105.202,19.6922,100,0
time
45.88
soc
67
f1,f2,first_soc,front
104.015,21.0483,100,0
time
44.52
soc
67
f1,f2,first_soc,front
105.202,19.6922,100,0
time
45.88
soc
67
f1,f2,first_soc,front
107.045,17.5834,100,0
time
44.52
soc
73
f1,f2,first_soc,front
105.202,19.6922,100,0
time
45.88
soc
67
f1,f2,first_soc,front
105.202,19.6922,100,0
time
45.88
soc
67
f1,f2,first_soc,front
104.015,21.0483,100,0
time
44.52
soc
67
f1,f2,first_soc,front
105.202,19.6922,100,0
time
45.88
soc
67
f1,f2,first_soc,front
105.202,19.6922,100,0
time
45.88
soc
67
f1,f2,first_soc,front
104.015,21.0483,100,0
time
44.52
soc
67
f1,f2,first_soc,front
105.202,19.6922,100,0
time
45.88
soc
67
f1,f2,first_soc,front
105.202,19.6922,100,0
time
45.88
soc
67
f1,f2,first_soc,front
103.656,21.459,100,0
time
41.8
soc
71
f1,f2,first_soc,front
104.015,21.0483,100,0
time
44.52
soc
67
f1,f2,first_soc,front
104.015,21.0483,100,0
time
44.52
soc
67
f1,f2,first_soc,front
105.202,19.6922,100,0
time
45.88
soc
67
f1,f2,first_soc,front
105.202,19.6922,100,0
time
45.88
soc
67
f1,f2,first_soc,front
105.202,19.6922,100,0
time
45.88
soc
67
f1,f2,first_soc,front
105.202,19.6922,100,0
time
45.88
soc
67
f1,f2,first_soc,front
105.202,19.6922,100,0
time
45.88
soc
67
f1,f2,first_soc,front
104.015,21.0483,100,0
time
44.52
soc
67
f1,f2,first_soc,front
105.202,19.6922,100,0
time
45.88
soc
67
f1,f2,first_soc,front
105.202,19.6922,100,0
time
45.88
soc
67
f1,f2,first_soc,front
105.202,19.6922,100,0
time
45.88
soc
67
f1,f2,first_soc,front
105.202,19.6922,100,0
time
45.88
soc
67
f1,f2,first_soc,front
105.202,19.6922,100,0
time
45.88
soc
67
f1,f2,first_soc,front
104.015,21.0483,100,0
time
44.52
soc
67
f1,f2,first_soc,front
104.015,21.0483,100,0
time
44.52
soc
67
f1,f2,first_soc,front
105.202,19.6922,100,0
time
45.88
soc
67
f1,f2,first_soc,front
105.202,19.6922,100,0
time
45.88
soc
67
f1,f2,first_soc,front
104.015,21.0483,100,0
time
44.52
soc
67
f1,f2,first_soc,front
105.202,19.6922,100,0
time
45.88
soc
67
f1,f2,first_soc,front
104.843,20.103,100,0
time
43.16
soc
71
f1,f2,first_soc,front
105.025,19.8933,100,0
time
44.52
soc
69
f1,f2,first_soc,front
105.025,19.8933,100,0
time
44.52
soc
69
f1,f2,first_soc,front
105.025,19.8933,100,0
time
44.52
soc
69
f1,f2,first_soc,front
104.697,20.2697,100,0
time
45.88
soc
66
f1,f2,first_soc,front
104.697,20.2697,100,0
time
45.88
soc
66
f1,f2,first_soc,front
104.843,20.103,100,0
time
43.16
soc
71
f1,f2,first_soc,front
104.843,20.103,100,0
time
43.16
soc
71
f1,f2,first_soc,front
104.843,20.103,100,0
time
43.16
soc
71
f1,f2,first_soc,front
104.843,20.103,100,0
time
43.16
soc
71
f1,f2,first_soc,front
104.697,20.2697,100,0
time
45.88
soc
66
f1,f2,first_soc,front
104.697,20.2697,100,0
time
45.88
soc
66
f1,f2,first_soc,front
104.843,20.103,100,0
time
43.16
soc
71
f1,f2,first_soc,front
104.52,20.4708,100,0
time
44.52
soc
68
f1,f2,first_soc,front
104.843,20.103,100,0
time
43.16
soc
71
f1,f2,first_soc,front
104.697,20.2697,100,0
time
45.88
soc
66
第96世代
f1,f2,first_soc,front
113.735,11.5601,100,0
time
44.52,96.3205
soc
76,43
f1,f2,first_soc,front
103.656,21.459,100,0
time
41.8
soc
71
f1,f2,first_soc,front
103.656,21.459,100,0
time
41.8
soc
71
f1,f2,first_soc,front
111.263,12.7622,100,0
time
45.88
soc
79
f1,f2,first_soc,front
111.755,12.6872,100,0
time
45.88,75.9817
soc
63,65
f1,f2,first_soc,front
113.735,11.5601,100,0
time
44.52,96.3205
soc
76,43
f1,f2,first_soc,front
112.765,11.563,100,0
time
45.88,75.9817
soc
63,67
f1,f2,first_soc,front
110.076,14.1184,100,0
time
44.52
soc
79
f1,f2,first_soc,front
110.581,13.5409,100,0
time
44.52
soc
80
f1,f2,first_soc,front
109.747,14.4947,100,0
time
45.88
soc
76
f1,f2,first_soc,front
111.768,12.1847,100,0
time
45.88
soc
80
f1,f2,first_soc,front
111.25,13.2647,100,0
time
45.88,75.4767
soc
62,64
f1,f2,first_soc,front
110.252,13.9172,100,0
time
45.88
soc
77
f1,f2,first_soc,front
104.162,20.8815,100,0
time
41.8
soc
72
f1,f2,first_soc,front
104.52,20.4708,100,0
time
44.52
soc
68
f1,f2,first_soc,front
111.25,13.2647,100,0
time
45.88,75.4767
soc
62,64
f1,f2,first_soc,front
111.768,12.1847,100,0
time
45.88
soc
80
f1,f2,first_soc,front
110.757,13.3397,100,0
time
45.88
soc
78
f1,f2,first_soc,front
112.26,12.1097,100,0
time
45.88,75.4767
soc
62,66
f1,f2,first_soc,front
104.52,20.4708,100,0
time
44.52
soc
68
f1,f2,first_soc,front
104.162,20.8815,100,0
time
41.8
soc
72
f1,f2,first_soc,front
104.015,21.0483,100,0
time
44.52
soc
67
f1,f2,first_soc,front
107.55,17.0059,100,0
time
44.52
soc
74
f1,f2,first_soc,front
108.055,16.4284,100,0
time
44.52
soc
75
f1,f2,first_soc,front
106.864,17.793,100,0
time
43.16
soc
75
f1,f2,first_soc,front
109.066,15.2734,100,0
time
44.52
soc
77
f1,f2,first_soc,front
108.561,15.8509,100,0
time
44.52
soc
76
f1,f2,first_soc,front
106.035,18.7383,100,0
time
44.52
soc
71
f1,f2,first_soc,front
106.54,18.1609,100,0
time
44.52
soc
72
f1,f2,first_soc,front
105.348,19.5255,100,0
time
43.16
soc
72
f1,f2,first_soc,front
109.571,14.6959,100,0
time
44.52
soc
78
f1,f2,first_soc,front
110.252,13.9172,100,0
time
45.88
soc
77
f1,f2,first_soc,front
110.581,13.5409,100,0
time
44.52
soc
80
f1,f2,first_soc,front
110.076,14.1184,100,0
time
44.52
soc
79
f1,f2,first_soc,front
108.561,15.8509,100,0
time
44.52
soc
76
f1,f2,first_soc,front
109.747,14.4947,100,0
time
45.88
soc
76
f1,f2,first_soc,front
109.242,15.0722,100,0
time
45.88
soc
75
f1,f2,first_soc,front
109.066,15.2734,100,0
time
44.52
soc
77
f1,f2,first_soc,front
106.358,18.3705,100,0
time
43.16
soc
74
f1,f2,first_soc,front
109.389,14.9056,100,0
time
43.16
soc
80
f1,f2,first_soc,front
107.045,17.5834,100,0
time
44.52
soc
73
f1,f2,first_soc,front
105.025,19.8933,100,0
time
44.52
soc
69
f1,f2,first_soc,front
103.656,21.459,100,0
time
41.8
soc
71
f1,f2,first_soc,front
104.015,21.0483,100,0
time
44.52
soc
67
f1,f2,first_soc,front
105.53,19.3158,100,0
time
44.52
soc
70
f1,f2,first_soc,front
108.884,15.4831,100,0
time
43.16
soc
79
f1,f2,first_soc,front
109.389,14.9056,100,0
time
43.16
soc
80
f1,f2,first_soc,front
104.843,20.103,100,0
time
43.16
soc
71
f1,f2,first_soc,front
105.853,18.948,100,0
time
43.16
soc
73
f1,f2,first_soc,front
106.358,18.3705,100,0
time
43.16
soc
74
f1,f2,first_soc,front
108.737,15.6497,100,0
time
45.88
soc
74
f1,f2,first_soc,front
112.538,11.7921,100,0
time
45.88,96.1474
soc
76,43
f1,f2,first_soc,front
112.391,11.9595,100,0
time
45.88,95.8371
soc
70,38
f1,f2,first_soc,front
107.55,17.0059,100,0
time
44.52
soc
74
f1,f2,first_soc,front
106.035,18.7383,100,0
time
44.52
soc
71
f1,f2,first_soc,front
106.182,18.5715,100,0
time
41.8
soc
76
f1,f2,first_soc,front
104.015,21.0483,100,0
time
44.52
soc
67
f1,f2,first_soc,front
105.677,19.149,100,0
time
41.8
soc
75
f1,f2,first_soc,front
106.687,17.994,100,0
time
41.8
soc
77
f1,f2,first_soc,front
106.54,18.1609,100,0
time
44.52
soc
72
f1,f2,first_soc,front
107.192,17.4165,100,0
time
41.8
soc
78
f1,f2,first_soc,front
105.172,19.7265,100,0
time
41.8
soc
74
f1,f2,first_soc,front
108.055,16.4284,100,0
time
44.52
soc
75
f1,f2,first_soc,front
104.667,20.304,100,0
time
41.8
soc
73
f1,f2,first_soc,front
108.202,16.2616,100,0
time
41.8
soc
80
f1,f2,first_soc,front
105.348,19.5255,100,0
time
43.16
soc
72
f1,f2,first_soc,front
105.707,19.1147,100,0
time
45.88
soc
68
f1,f2,first_soc,front
106.717,17.9597,100,0
time
45.88
soc
70
f1,f2,first_soc,front
106.864,17.793,100,0
time
43.16
soc
75
f1,f2,first_soc,front
107.727,16.8047,100,0
time
45.88
soc
72
f1,f2,first_soc,front
109.242,15.0722,100,0
time
45.88
soc
75
f1,f2,first_soc,front
107.369,17.2156,100,0
time
43.16
soc
76
f1,f2,first_soc,front
107.222,17.3822,100,0
time
45.88
soc
71
f1,f2,first_soc,front
112.618,11.7025,100,0
time
37.72,77.626
soc
75,62
f1,f2,first_soc,front
112.765,11.563,100,0
time
45.88,75.9817
soc
63,67
f1,f2,first_soc,front
109.571,14.6959,100,0
time
44.52
soc
78
f1,f2,first_soc,front
108.884,15.4831,100,0
time
43.16
soc
79
f1,f2,first_soc,front
105.853,18.948,100,0
time
43.16
soc
73
f1,f2,first_soc,front
107.369,17.2156,100,0
time
43.16
soc
76
f1,f2,first_soc,front
107.874,16.6381,100,0
time
43.16
soc
77
f1,f2,first_soc,front
105.53,19.3158,100,0
time
44.52
soc
70
f1,f2,first_soc,front
104.843,20.103,100,0
time
43.16
soc
71
f1,f2,first_soc,front
108.379,16.0606,100,0
time
43.16
soc
78
f1,f2,first_soc,front
112.26,12.1097,100,0
time
45.88,75.4767
soc
62,66
f1,f2,first_soc,front
110.757,13.3397,100,0
time
45.88
soc
78
f1,f2,first_soc,front
107.697,16.839,100,0
time
41.8
soc
79
f1,f2,first_soc,front
108.232,16.2272,100,0
time
45.88
soc
73
f1,f2,first_soc,front
107.045,17.5834,100,0
time
44.52
soc
73
f1,f2,first_soc,front
107.369,17.2156,100,0
time
43.16
soc
76
f1,f2,first_soc,front
107.874,16.6381,100,0
time
43.16
soc
77
f1,f2,first_soc,front
108.379,16.0606,100,0
time
43.16
soc
78
f1,f2,first_soc,front
105.025,19.8933,100,0
time
44.52
soc
69
f1,f2,first_soc,front
108.232,16.2272,100,0
time
45.88
soc
73
f1,f2,first_soc,front
107.697,16.839,100,0
time
41.8
soc
79
f1,f2,first_soc,front
110.252,13.9172,100,0
time
45.88
soc
77
f1,f2,first_soc,front
108.737,15.6497,100,0
time
45.88
soc
74
f1,f2,first_soc,front
110.757,13.3397,100,0
time
45.88
soc
78
f1,f2,first_soc,front
109.571,14.6959,100,0
time
44.52
soc
78
f1,f2,first_soc,front
105.025,19.8933,100,0
time
44.52
soc
69
f1,f2,first_soc,front
107.045,17.5834,100,0
time
44.52
soc
73
f1,f2,first_soc,front
107.874,16.6381,100,0
time
43.16
soc
77
f1,f2,first_soc,front
104.697,20.2697,100,0
time
45.88
soc
66
f1,f2,first_soc,front
108.737,15.6497,100,0
time
45.88
soc
74
f1,f2,first_soc,front
105.202,19.6922,100,0
time
45.88
soc
67
f1,f2,first_soc,front
106.212,18.5372,100,0
time
45.88
soc
69
f1,f2,first_soc,front
108.379,16.0606,100,0
time
43.16
soc
78
f1,f2,first_soc,front
112.391,11.9595,100,0
time
45.88,95.8371
soc
70,38
f1,f2,first_soc,front
112.26,12.1097,100,0
time
45.88,75.4767
soc
62,66
f1,f2,first_soc,front
106.212,18.5372,100,0
time
45.88
soc
69
f1,f2,first_soc,front
105.202,19.6922,100,0
time
45.88
soc
67
f1,f2,first_soc,front
104.843,20.103,100,0
time
43.16
soc
71
f1,f2,first_soc,front
104.697,20.2697,100,0
time
45.88
soc
66
f1,f2,first_soc,front
105.853,18.948,100,0
time
43.16
soc
73
f1,f2,first_soc,front
108.379,16.0606,100,0
time
43.16
soc
78
f1,f2,first_soc,front
104.162,20.8815,100,0
time
41.8
soc
72
f1,f2,first_soc,front
105.53,19.3158,100,0
time
44.52
soc
70
f1,f2,first_soc,front
104.52,20.4708,100,0
time
44.52
soc
68
f1,f2,first_soc,front
108.884,15.4831,100,0
time
43.16
soc
79
f1,f2,first_soc,front
107.874,16.6381,100,0
time
43.16
soc
77
f1,f2,first_soc,front
112.618,11.7025,100,0
time
37.72,77.626
soc
75,62
f1,f2,first_soc,front
112.391,11.9595,100,0
time
45.88,96.3421
soc
71,38
f1,f2,first_soc,front
111.263,12.7622,100,0
time
45.88
soc
79
f1,f2,first_soc,front
112.553,11.7747,100,0
time
45.88,73.067
soc
68,76
f1,f2,first_soc,front
112.553,11.7747,100,0
time
45.88,73.067
soc
68,76
f1,f2,first_soc,front
111.755,12.6872,100,0
time
45.88,74.9716
soc
61,65
f1,f2,first_soc,front
110.757,13.3397,100,0
time
45.88
soc
78
f1,f2,first_soc,front
108.202,16.2616,100,0
time
41.8
soc
80
f1,f2,first_soc,front
104.667,20.304,100,0
time
41.8
soc
73
f1,f2,first_soc,front
106.182,18.5715,100,0
time
41.8
soc
76
f1,f2,first_soc,front
107.222,17.3822,100,0
time
45.88
soc
71
f1,f2,first_soc,front
107.192,17.4165,100,0
time
41.8
soc
78
f1,f2,first_soc,front
107.727,16.8047,100,0
time
45.88
soc
72
f1,f2,first_soc,front
105.677,19.149,100,0
time
41.8
soc
75
f1,f2,first_soc,front
105.707,19.1147,100,0
time
45.88
soc
68
f1,f2,first_soc,front
106.687,17.994,100,0
time
41.8
soc
77
f1,f2,first_soc,front
105.172,19.7265,100,0
time
41.8
soc
74
f1,f2,first_soc,front
104.697,20.2697,100,0
time
45.88
soc
66
f1,f2,first_soc,front
106.212,18.5372,100,0
time
45.88
soc
69
f1,f2,first_soc,front
106.717,17.9597,100,0
time
45.88
soc
70
f1,f2,first_soc,front
105.202,19.6922,100,0
time
45.88
soc
67
f1,f2,first_soc,front
112.538,11.7921,100,0
time
45.88,96.1474
soc
76,43
f1,f2,first_soc,front
106.717,17.9597,100,0
time
45.88
soc
70
f1,f2,first_soc,front
106.212,18.5372,100,0
time
45.88
soc
69
f1,f2,first_soc,front
104.697,20.2697,100,0
time
45.88
soc
66
f1,f2,first_soc,front
105.202,19.6922,100,0
time
45.88
soc
67
f1,f2,first_soc,front
111.755,12.6872,100,0
time
45.88,74.9716
soc
61,65
f1,f2,first_soc,front
105.202,19.6922,100,0
time
45.88
soc
67
f1,f2,first_soc,front
105.025,19.8933,100,0
time
44.52
soc
69
f1,f2,first_soc,front
105.025,19.8933,100,0
time
44.52
soc
69
f1,f2,first_soc,front
105.202,19.6922,100,0
time
45.88
soc
67
f1,f2,first_soc,front
105.202,19.6922,100,0
time
45.88
soc
67
f1,f2,first_soc,front
105.202,19.6922,100,0
time
45.88
soc
67
f1,f2,first_soc,front
105.025,19.8933,100,0
time
44.52
soc
69
f1,f2,first_soc,front
105.202,19.6922,100,0
time
45.88
soc
67
f1,f2,first_soc,front
111.768,12.1847,100,0
time
45.88
soc
80
f1,f2,first_soc,front
105.025,19.8933,100,0
time
44.52
soc
69
f1,f2,first_soc,front
105.025,19.8933,100,0
time
44.52
soc
69
f1,f2,first_soc,front
105.025,19.8933,100,0
time
44.52
soc
69
f1,f2,first_soc,front
111.768,12.1847,100,0
time
45.88
soc
80
f1,f2,first_soc,front
105.202,19.6922,100,0
time
45.88
soc
67
f1,f2,first_soc,front
105.025,19.8933,100,0
time
44.52
soc
69
f1,f2,first_soc,front
112.618,11.7025,100,0
time
37.72,77.626
soc
75,62
f1,f2,first_soc,front
105.202,19.6922,100,0
time
45.88
soc
67
f1,f2,first_soc,front
105.202,19.6922,100,0
time
45.88
soc
67
f1,f2,first_soc,front
105.202,19.6922,100,0
time
45.88
soc
67
f1,f2,first_soc,front
105.202,19.6922,100,0
time
45.88
soc
67
f1,f2,first_soc,front
105.202,19.6922,100,0
time
45.88
soc
67
f1,f2,first_soc,front
105.202,19.6922,100,0
time
45.88
soc
67
f1,f2,first_soc,front
105.202,19.6922,100,0
time
45.88
soc
67
f1,f2,first_soc,front
105.202,19.6922,100,0
time
45.88
soc
67
f1,f2,first_soc,front
105.202,19.6922,100,0
time
45.88
soc
67
f1,f2,first_soc,front
105.202,19.6922,100,0
time
45.88
soc
67
f1,f2,first_soc,front
105.202,19.6922,100,0
time
45.88
soc
67
f1,f2,first_soc,front
105.202,19.6922,100,0
time
45.88
soc
67
f1,f2,first_soc,front
105.202,19.6922,100,0
time
45.88
soc
67
f1,f2,first_soc,front
105.202,19.6922,100,0
time
45.88
soc
67
f1,f2,first_soc,front
105.202,19.6922,100,0
time
45.88
soc
67
f1,f2,first_soc,front
105.202,19.6922,100,0
time
45.88
soc
67
f1,f2,first_soc,front
111.755,12.6872,100,0
time
45.88,74.9716
soc
61,65
f1,f2,first_soc,front
105.202,19.6922,100,0
time
45.88
soc
67
f1,f2,first_soc,front
105.202,19.6922,100,0
time
45.88
soc
67
f1,f2,first_soc,front
104.843,20.103,100,0
time
43.16
soc
71
f1,f2,first_soc,front
105.202,19.6922,100,0
time
45.88
soc
67
f1,f2,first_soc,front
105.202,19.6922,100,0
time
45.88
soc
67
f1,f2,first_soc,front
105.202,19.6922,100,0
time
45.88
soc
67
f1,f2,first_soc,front
105.202,19.6922,100,0
time
45.88
soc
67
f1,f2,first_soc,front
104.015,21.0483,100,0
time
44.52
soc
67
f1,f2,first_soc,front
112.538,11.7921,100,0
time
45.88,96.1474
soc
76,43
f1,f2,first_soc,front
112.538,11.7921,100,0
time
45.88,96.1474
soc
76,43
f1,f2,first_soc,front
112.538,11.7921,100,0
time
45.88,96.1474
soc
76,43
f1,f2,first_soc,front
104.162,20.8815,100,0
time
41.8
soc
72
f1,f2,first_soc,front
104.162,20.8815,100,0
time
41.8
soc
72
f1,f2,first_soc,front
104.162,20.8815,100,0
time
41.8
soc
72
f1,f2,first_soc,front
112.538,11.7921,100,0
time
45.88,96.1474
soc
76,43
f1,f2,first_soc,front
112.538,11.7921,100,0
time
45.88,96.1474
soc
76,43
f1,f2,first_soc,front
104.015,21.0483,100,0
time
44.52
soc
67
f1,f2,first_soc,front
104.015,21.0483,100,0
time
44.52
soc
67
f1,f2,first_soc,front
104.015,21.0483,100,0
time
44.52
soc
67
f1,f2,first_soc,front
104.015,21.0483,100,0
time
44.52
soc
67
f1,f2,first_soc,front
104.015,21.0483,100,0
time
44.52
soc
67
第97世代
f1,f2,first_soc,front
103.656,21.459,100,0
time
41.8
soc
71
f1,f2,first_soc,front
103.656,21.459,100,0
time
41.8
soc
71
f1,f2,first_soc,front
113.735,11.5601,100,0
time
44.52,96.3205
soc
76,43
f1,f2,first_soc,front
113.735,11.5601,100,0
time
44.52,96.3205
soc
76,43
f1,f2,first_soc,front
112.765,11.563,100,0
time
45.88,75.9817
soc
63,67
f1,f2,first_soc,front
104.52,20.4708,100,0
time
44.52
soc
68
f1,f2,first_soc,front
110.581,13.5409,100,0
time
44.52
soc
80
f1,f2,first_soc,front
110.076,14.1184,100,0
time
44.52
soc
79
f1,f2,first_soc,front
109.747,14.4947,100,0
time
45.88
soc
76
f1,f2,first_soc,front
111.263,12.7622,100,0
time
45.88
soc
79
f1,f2,first_soc,front
111.768,12.1847,100,0
time
45.88
soc
80
f1,f2,first_soc,front
104.015,21.0483,100,0
time
44.52
soc
67
f1,f2,first_soc,front
110.252,13.9172,100,0
time
45.88
soc
77
f1,f2,first_soc,front
111.263,12.7622,100,0
time
45.88
soc
79
f1,f2,first_soc,front
111.768,12.1847,100,0
time
45.88
soc
80
f1,f2,first_soc,front
111.755,12.6872,100,0
time
45.88,75.9817
soc
63,65
f1,f2,first_soc,front
111.25,13.2647,100,0
time
45.88,75.4767
soc
62,64
f1,f2,first_soc,front
112.26,12.1097,100,0
time
45.88,75.4767
soc
62,66
f1,f2,first_soc,front
110.757,13.3397,100,0
time
45.88
soc
78
f1,f2,first_soc,front
111.25,13.2647,100,0
time
45.88,75.9817
soc
63,64
f1,f2,first_soc,front
111.755,12.6872,100,0
time
45.88,75.9817
soc
63,65
f1,f2,first_soc,front
104.162,20.8815,100,0
time
41.8
soc
72
f1,f2,first_soc,front
109.389,14.9056,100,0
time
43.16
soc
80
f1,f2,first_soc,front
108.561,15.8509,100,0
time
44.52
soc
76
f1,f2,first_soc,front
108.379,16.0606,100,0
time
43.16
soc
78
f1,f2,first_soc,front
108.055,16.4284,100,0
time
44.52
soc
75
f1,f2,first_soc,front
109.066,15.2734,100,0
time
44.52
soc
77
f1,f2,first_soc,front
107.55,17.0059,100,0
time
44.52
soc
74
f1,f2,first_soc,front
106.864,17.793,100,0
time
43.16
soc
75
f1,f2,first_soc,front
107.045,17.5834,100,0
time
44.52
soc
73
f1,f2,first_soc,front
106.035,18.7383,100,0
time
44.52
soc
71
f1,f2,first_soc,front
105.53,19.3158,100,0
time
44.52
soc
70
f1,f2,first_soc,front
106.358,18.3705,100,0
time
43.16
soc
74
f1,f2,first_soc,front
106.54,18.1609,100,0
time
44.52
soc
72
f1,f2,first_soc,front
110.252,13.9172,100,0
time
45.88
soc
77
f1,f2,first_soc,front
110.076,14.1184,100,0
time
44.52
soc
79
f1,f2,first_soc,front
108.561,15.8509,100,0
time
44.52
soc
76
f1,f2,first_soc,front
109.747,14.4947,100,0
time
45.88
soc
76
f1,f2,first_soc,front
109.571,14.6959,100,0
time
44.52
soc
78
f1,f2,first_soc,front
109.066,15.2734,100,0
time
44.52
soc
77
f1,f2,first_soc,front
110.581,13.5409,100,0
time
44.52
soc
80
f1,f2,first_soc,front
105.025,19.8933,100,0
time
44.52
soc
69
f1,f2,first_soc,front
104.162,20.8815,100,0
time
41.8
soc
72
f1,f2,first_soc,front
103.656,21.459,100,0
time
41.8
soc
71
f1,f2,first_soc,front
104.015,21.0483,100,0
time
44.52
soc
67
f1,f2,first_soc,front
108.884,15.4831,100,0
time
43.16
soc
79
f1,f2,first_soc,front
107.874,16.6381,100,0
time
43.16
soc
77
f1,f2,first_soc,front
107.369,17.2156,100,0
time
43.16
soc
76
f1,f2,first_soc,front
105.348,19.5255,100,0
time
43.16
soc
72
f1,f2,first_soc,front
109.242,15.0722,100,0
time
45.88
soc
75
f1,f2,first_soc,front
108.737,15.6497,100,0
time
45.88
soc
74
f1,f2,first_soc,front
108.737,15.6497,100,0
time
45.88
soc
74
f1,f2,first_soc,front
112.391,11.9595,100,0
time
45.88,95.8371
soc
70,38
f1,f2,first_soc,front
105.53,19.3158,100,0
time
44.52
soc
70
f1,f2,first_soc,front
106.035,18.7383,100,0
time
44.52
soc
71
f1,f2,first_soc,front
107.55,17.0059,100,0
time
44.52
soc
74
f1,f2,first_soc,front
106.687,17.994,100,0
time
41.8
soc
77
f1,f2,first_soc,front
106.54,18.1609,100,0
time
44.52
soc
72
f1,f2,first_soc,front
107.192,17.4165,100,0
time
41.8
soc
78
f1,f2,first_soc,front
107.045,17.5834,100,0
time
44.52
soc
73
f1,f2,first_soc,front
104.52,20.4708,100,0
time
44.52
soc
68
f1,f2,first_soc,front
104.667,20.304,100,0
time
41.8
soc
73
f1,f2,first_soc,front
108.055,16.4284,100,0
time
44.52
soc
75
f1,f2,first_soc,front
108.202,16.2616,100,0
time
41.8
soc
80
f1,f2,first_soc,front
104.697,20.2697,100,0
time
45.88
soc
66
f1,f2,first_soc,front
105.707,19.1147,100,0
time
45.88
soc
68
f1,f2,first_soc,front
106.212,18.5372,100,0
time
45.88
soc
69
f1,f2,first_soc,front
106.864,17.793,100,0
time
43.16
soc
75
f1,f2,first_soc,front
107.727,16.8047,100,0
time
45.88
soc
72
f1,f2,first_soc,front
109.389,14.9056,100,0
time
43.16
soc
80
f1,f2,first_soc,front
108.379,16.0606,100,0
time
43.16
soc
78
f1,f2,first_soc,front
112.765,11.563,100,0
time
45.88,75.9817
soc
63,67
f1,f2,first_soc,front
112.391,11.9595,100,0
time
45.88,95.8371
soc
70,38
f1,f2,first_soc,front
110.757,13.3397,100,0
time
45.88
soc
78
f1,f2,first_soc,front
112.618,11.7025,100,0
time
37.72,77.626
soc
75,62
f1,f2,first_soc,front
109.571,14.6959,100,0
time
44.52
soc
78
f1,f2,first_soc,front
108.884,15.4831,100,0
time
43.16
soc
79
f1,f2,first_soc,front
105.853,18.948,100,0
time
43.16
soc
73
f1,f2,first_soc,front
105.348,19.5255,100,0
time
43.16
soc
72
f1,f2,first_soc,front
107.874,16.6381,100,0
time
43.16
soc
77
f1,f2,first_soc,front
107.369,17.2156,100,0
time
43.16
soc
76
f1,f2,first_soc,front
104.843,20.103,100,0
time
43.16
soc
71
f1,f2,first_soc,front
112.26,12.1097,100,0
time
45.88,75.4767
soc
62,66
f1,f2,first_soc,front
110.757,13.3397,100,0
time
45.88
soc
78
f1,f2,first_soc,front
105.677,19.149,100,0
time
41.8
soc
75
f1,f2,first_soc,front
106.182,18.5715,100,0
time
41.8
soc
76
f1,f2,first_soc,front
109.571,14.6959,100,0
time
44.52
soc
78
f1,f2,first_soc,front
104.843,20.103,100,0
time
43.16
soc
71
f1,f2,first_soc,front
105.025,19.8933,100,0
time
44.52
soc
69
f1,f2,first_soc,front
105.853,18.948,100,0
time
43.16
soc
73
f1,f2,first_soc,front
106.717,17.9597,100,0
time
45.88
soc
70
f1,f2,first_soc,front
110.252,13.9172,100,0
time
45.88
soc
77
f1,f2,first_soc,front
109.242,15.0722,100,0
time
45.88
soc
75
f1,f2,first_soc,front
112.538,11.7921,100,0
time
45.88,96.1474
soc
76,43
f1,f2,first_soc,front
104.015,21.0483,100,0
time
44.52
soc
67
f1,f2,first_soc,front
107.697,16.839,100,0
time
41.8
soc
79
f1,f2,first_soc,front
104.162,20.8815,100,0
time
41.8
soc
72
f1,f2,first_soc,front
105.172,19.7265,100,0
time
41.8
soc
74
f1,f2,first_soc,front
105.025,19.8933,100,0
time
44.52
soc
69
f1,f2,first_soc,front
104.843,20.103,100,0
time
43.16
soc
71
f1,f2,first_soc,front
105.202,19.6922,100,0
time
45.88
soc
67
f1,f2,first_soc,front
106.717,17.9597,100,0
time
45.88
soc
70
f1,f2,first_soc,front
106.358,18.3705,100,0
time
43.16
soc
74
f1,f2,first_soc,front
108.232,16.2272,100,0
time
45.88
soc
73
f1,f2,first_soc,front
105.853,18.948,100,0
time
43.16
soc
73
f1,f2,first_soc,front
107.222,17.3822,100,0
time
45.88
soc
71
f1,f2,first_soc,front
109.242,15.0722,100,0
time
45.88
soc
75
f1,f2,first_soc,front
112.26,12.1097,100,0
time
45.88,75.4767
soc
62,66
f1,f2,first_soc,front
112.538,11.7921,100,0
time
45.88,96.1474
soc
76,43
f1,f2,first_soc,front
104.843,20.103,100,0
time
43.16
soc
71
f1,f2,first_soc,front
105.202,19.6922,100,0
time
45.88
soc
67
f1,f2,first_soc,front
105.853,18.948,100,0
time
43.16
soc
73
f1,f2,first_soc,front
106.358,18.3705,100,0
time
43.16
soc
74
f1,f2,first_soc,front
105.348,19.5255,100,0
time
43.16
soc
72
f1,f2,first_soc,front
107.697,16.839,100,0
time
41.8
soc
79
f1,f2,first_soc,front
107.222,17.3822,100,0
time
45.88
soc
71
f1,f2,first_soc,front
108.884,15.4831,100,0
time
43.16
soc
79
f1,f2,first_soc,front
105.172,19.7265,100,0
time
41.8
soc
74
f1,f2,first_soc,front
104.162,20.8815,100,0
time
41.8
soc
72
f1,f2,first_soc,front
108.232,16.2272,100,0
time
45.88
soc
73
f1,f2,first_soc,front
107.874,16.6381,100,0
time
43.16
soc
77
f1,f2,first_soc,front
106.182,18.5715,100,0
time
41.8
soc
76
f1,f2,first_soc,front
107.369,17.2156,100,0
time
43.16
soc
76
f1,f2,first_soc,front
105.677,19.149,100,0
time
41.8
soc
75
f1,f2,first_soc,front
112.618,11.7025,100,0
time
37.72,77.626
soc
75,62
f1,f2,first_soc,front
112.553,11.7747,100,0
time
45.88,73.067
soc
68,76
f1,f2,first_soc,front
111.25,13.2647,100,0
time
45.88,75.4767
soc
62,64
f1,f2,first_soc,front
111.755,12.6872,100,0
time
45.88,74.9716
soc
61,65
f1,f2,first_soc,front
112.618,11.7025,100,0
time
37.72,77.626
soc
75,62
f1,f2,first_soc,front
107.192,17.4165,100,0
time
41.8
soc
78
f1,f2,first_soc,front
106.212,18.5372,100,0
time
45.88
soc
69
f1,f2,first_soc,front
104.697,20.2697,100,0
time
45.88
soc
66
f1,f2,first_soc,front
104.667,20.304,100,0
time
41.8
soc
73
f1,f2,first_soc,front
107.222,17.3822,100,0
time
45.88
soc
71
f1,f2,first_soc,front
108.202,16.2616,100,0
time
41.8
soc
80
f1,f2,first_soc,front
106.687,17.994,100,0
time
41.8
soc
77
f1,f2,first_soc,front
105.172,19.7265,100,0
time
41.8
soc
74
f1,f2,first_soc,front
105.707,19.1147,100,0
time
45.88
soc
68
f1,f2,first_soc,front
107.727,16.8047,100,0
time
45.88
soc
72
f1,f2,first_soc,front
108.232,16.2272,100,0
time
45.88
soc
73
f1,f2,first_soc,front
106.182,18.5715,100,0
time
41.8
soc
76
f1,f2,first_soc,front
105.202,19.6922,100,0
time
45.88
soc
67
f1,f2,first_soc,front
107.697,16.839,100,0
time
41.8
soc
79
f1,f2,first_soc,front
105.677,19.149,100,0
time
41.8
soc
75
f1,f2,first_soc,front
112.553,11.7747,100,0
time
45.88,73.067
soc
68,76
f1,f2,first_soc,front
108.232,16.2272,100,0
time
45.88
soc
73
f1,f2,first_soc,front
107.697,16.839,100,0
time
41.8
soc
79
f1,f2,first_soc,front
106.717,17.9597,100,0
time
45.88
soc
70
f1,f2,first_soc,front
105.202,19.6922,100,0
time
45.88
soc
67
f1,f2,first_soc,front
112.538,11.7921,100,0
time
45.88,96.1474
soc
76,43
f1,f2,first_soc,front
112.538,11.7921,100,0
time
45.88,96.1474
soc
76,43
f1,f2,first_soc,front
105.677,19.149,100,0
time
41.8
soc
75
f1,f2,first_soc,front
105.53,19.3158,100,0
time
44.52
soc
70
f1,f2,first_soc,front
105.707,19.1147,100,0
time
45.88
soc
68
f1,f2,first_soc,front
105.707,19.1147,100,0
time
45.88
soc
68
f1,f2,first_soc,front
105.677,19.149,100,0
time
41.8
soc
75
f1,f2,first_soc,front
104.015,21.0483,100,0
time
44.52
soc
67
f1,f2,first_soc,front
105.202,19.6922,100,0
time
45.88
soc
67
f1,f2,first_soc,front
105.202,19.6922,100,0
time
45.88
soc
67
f1,f2,first_soc,front
103.656,21.459,100,0
time
41.8
soc
71
f1,f2,first_soc,front
105.677,19.149,100,0
time
41.8
soc
75
f1,f2,first_soc,front
105.53,19.3158,100,0
time
44.52
soc
70
f1,f2,first_soc,front
105.202,19.6922,100,0
time
45.88
soc
67
f1,f2,first_soc,front
105.202,19.6922,100,0
time
45.88
soc
67
f1,f2,first_soc,front
105.202,19.6922,100,0
time
45.88
soc
67
f1,f2,first_soc,front
103.656,21.459,100,0
time
41.8
soc
71
f1,f2,first_soc,front
105.348,19.5255,100,0
time
43.16
soc
72
f1,f2,first_soc,front
103.656,21.459,100,0
time
41.8
soc
71
f1,f2,first_soc,front
105.202,19.6922,100,0
time
45.88
soc
67
f1,f2,first_soc,front
105.202,19.6922,100,0
time
45.88
soc
67
f1,f2,first_soc,front
105.202,19.6922,100,0
time
45.88
soc
67
f1,f2,first_soc,front
105.202,19.6922,100,0
time
45.88
soc
67
f1,f2,first_soc,front
105.202,19.6922,100,0
time
45.88
soc
67
f1,f2,first_soc,front
105.202,19.6922,100,0
time
45.88
soc
67
f1,f2,first_soc,front
104.015,21.0483,100,0
time
44.52
soc
67
f1,f2,first_soc,front
105.025,19.8933,100,0
time
44.52
soc
69
f1,f2,first_soc,front
105.025,19.8933,100,0
time
44.52
soc
69
f1,f2,first_soc,front
105.025,19.8933,100,0
time
44.52
soc
69
f1,f2,first_soc,front
105.025,19.8933,100,0
time
44.52
soc
69
f1,f2,first_soc,front
105.025,19.8933,100,0
time
44.52
soc
69
f1,f2,first_soc,front
105.025,19.8933,100,0
time
44.52
soc
69
f1,f2,first_soc,front
105.025,19.8933,100,0
time
44.52
soc
69
f1,f2,first_soc,front
105.025,19.8933,100,0
time
44.52
soc
69
f1,f2,first_soc,front
105.025,19.8933,100,0
time
44.52
soc
69
f1,f2,first_soc,front
105.025,19.8933,100,0
time
44.52
soc
69
f1,f2,first_soc,front
104.015,21.0483,100,0
time
44.52
soc
67
f1,f2,first_soc,front
104.015,21.0483,100,0
time
44.52
soc
67
f1,f2,first_soc,front
104.015,21.0483,100,0
time
44.52
soc
67
f1,f2,first_soc,front
104.843,20.103,100,0
time
43.16
soc
71
f1,f2,first_soc,front
104.843,20.103,100,0
time
43.16
soc
71
f1,f2,first_soc,front
105.025,19.8933,100,0
time
44.52
soc
69
f1,f2,first_soc,front
104.843,20.103,100,0
time
43.16
soc
71
f1,f2,first_soc,front
104.843,20.103,100,0
time
43.16
soc
71
f1,f2,first_soc,front
104.015,21.0483,100,0
time
44.52
soc
67
f1,f2,first_soc,front
104.697,20.2697,100,0
time
45.88
soc
66
f1,f2,first_soc,front
104.697,20.2697,100,0
time
45.88
soc
66
f1,f2,first_soc,front
104.162,20.8815,100,0
time
41.8
soc
72
f1,f2,first_soc,front
104.162,20.8815,100,0
time
41.8
soc
72
f1,f2,first_soc,front
104.697,20.2697,100,0
time
45.88
soc
66
f1,f2,first_soc,front
104.697,20.2697,100,0
time
45.88
soc
66
第98世代
f1,f2,first_soc,front
103.656,21.459,100,0
time
41.8
soc
71
f1,f2,first_soc,front
113.735,11.5601,100,0
time
44.52,96.3205
soc
76,43
f1,f2,first_soc,front
111.768,12.1847,100,0
time
45.88
soc
80
f1,f2,first_soc,front
113.735,11.5601,100,0
time
44.52,96.3205
soc
76,43
f1,f2,first_soc,front
112.765,11.563,100,0
time
45.88,75.9817
soc
63,67
f1,f2,first_soc,front
104.52,20.4708,100,0
time
44.52
soc
68
f1,f2,first_soc,front
109.747,14.4947,100,0
time
45.88
soc
76
f1,f2,first_soc,front
110.076,14.1184,100,0
time
44.52
soc
79
f1,f2,first_soc,front
110.581,13.5409,100,0
time
44.52
soc
80
f1,f2,first_soc,front
110.757,13.3397,100,0
time
45.88
soc
78
f1,f2,first_soc,front
111.755,12.6872,100,0
time
45.88,75.9817
soc
63,65
f1,f2,first_soc,front
111.25,13.2647,100,0
time
45.88,75.4767
soc
62,64
f1,f2,first_soc,front
112.26,12.1097,100,0
time
45.88,75.4767
soc
62,66
f1,f2,first_soc,front
104.015,21.0483,100,0
time
44.52
soc
67
f1,f2,first_soc,front
110.252,13.9172,100,0
time
45.88
soc
77
f1,f2,first_soc,front
111.25,13.2647,100,0
time
45.88,75.4767
soc
62,64
f1,f2,first_soc,front
111.755,12.6872,100,0
time
45.88,75.9817
soc
63,65
f1,f2,first_soc,front
111.263,12.7622,100,0
time
45.88
soc
79
f1,f2,first_soc,front
111.263,12.7622,100,0
time
45.88
soc
79
f1,f2,first_soc,front
103.656,21.459,100,0
time
41.8
soc
71
f1,f2,first_soc,front
104.162,20.8815,100,0
time
41.8
soc
72
f1,f2,first_soc,front
109.571,14.6959,100,0
time
44.52
soc
78
f1,f2,first_soc,front
107.369,17.2156,100,0
time
43.16
soc
76
f1,f2,first_soc,front
106.864,17.793,100,0
time
43.16
soc
75
f1,f2,first_soc,front
107.874,16.6381,100,0
time
43.16
soc
77
f1,f2,first_soc,front
108.379,16.0606,100,0
time
43.16
soc
78
f1,f2,first_soc,front
108.884,15.4831,100,0
time
43.16
soc
79
f1,f2,first_soc,front
105.853,18.948,100,0
time
43.16
soc
73
f1,f2,first_soc,front
105.348,19.5255,100,0
time
43.16
soc
72
f1,f2,first_soc,front
106.54,18.1609,100,0
time
44.52
soc
72
f1,f2,first_soc,front
108.561,15.8509,100,0
time
44.52
soc
76
f1,f2,first_soc,front
108.561,15.8509,100,0
time
44.52
soc
76
f1,f2,first_soc,front
109.571,14.6959,100,0
time
44.52
soc
78
f1,f2,first_soc,front
109.242,15.0722,100,0
time
45.88
soc
75
f1,f2,first_soc,front
110.076,14.1184,100,0
time
44.52
soc
79
f1,f2,first_soc,front
109.066,15.2734,100,0
time
44.52
soc
77
f1,f2,first_soc,front
110.581,13.5409,100,0
time
44.52
soc
80
f1,f2,first_soc,front
106.035,18.7383,100,0
time
44.52
soc
71
f1,f2,first_soc,front
105.53,19.3158,100,0
time
44.52
soc
70
f1,f2,first_soc,front
107.045,17.5834,100,0
time
44.52
soc
73
f1,f2,first_soc,front
108.055,16.4284,100,0
time
44.52
soc
75
f1,f2,first_soc,front
107.55,17.0059,100,0
time
44.52
soc
74
f1,f2,first_soc,front
103.656,21.459,100,0
time
41.8
soc
71
f1,f2,first_soc,front
104.015,21.0483,100,0
time
44.52
soc
67
f1,f2,first_soc,front
104.162,20.8815,100,0
time
41.8
soc
72
f1,f2,first_soc,front
107.045,17.5834,100,0
time
44.52
soc
73
f1,f2,first_soc,front
105.53,19.3158,100,0
time
44.52
soc
70
f1,f2,first_soc,front
109.389,14.9056,100,0
time
43.16
soc
80
f1,f2,first_soc,front
104.843,20.103,100,0
time
43.16
soc
71
f1,f2,first_soc,front
106.358,18.3705,100,0
time
43.16
soc
74
f1,f2,first_soc,front
108.737,15.6497,100,0
time
45.88
soc
74
f1,f2,first_soc,front
110.252,13.9172,100,0
time
45.88
soc
77
f1,f2,first_soc,front
112.538,11.7921,100,0
time
45.88,96.1474
soc
76,43
f1,f2,first_soc,front
107.697,16.839,100,0
time
41.8
soc
79
f1,f2,first_soc,front
106.687,17.994,100,0
time
41.8
soc
77
f1,f2,first_soc,front
106.54,18.1609,100,0
time
44.52
soc
72
f1,f2,first_soc,front
106.182,18.5715,100,0
time
41.8
soc
76
f1,f2,first_soc,front
107.192,17.4165,100,0
time
41.8
soc
78
f1,f2,first_soc,front
108.202,16.2616,100,0
time
41.8
soc
80
f1,f2,first_soc,front
104.667,20.304,100,0
time
41.8
soc
73
f1,f2,first_soc,front
104.52,20.4708,100,0
time
44.52
soc
68
f1,f2,first_soc,front
105.348,19.5255,100,0
time
43.16
soc
72
f1,f2,first_soc,front
105.853,18.948,100,0
time
43.16
soc
73
f1,f2,first_soc,front
106.212,18.5372,100,0
time
45.88
soc
69
f1,f2,first_soc,front
105.707,19.1147,100,0
time
45.88
soc
68
f1,f2,first_soc,front
107.874,16.6381,100,0
time
43.16
soc
77
f1,f2,first_soc,front
106.864,17.793,100,0
time
43.16
soc
75
f1,f2,first_soc,front
108.884,15.4831,100,0
time
43.16
soc
79
f1,f2,first_soc,front
107.369,17.2156,100,0
time
43.16
soc
76
f1,f2,first_soc,front
107.222,17.3822,100,0
time
45.88
soc
71
f1,f2,first_soc,front
109.242,15.0722,100,0
time
45.88
soc
75
f1,f2,first_soc,front
108.379,16.0606,100,0
time
43.16
soc
78
f1,f2,first_soc,front
112.391,11.9595,100,0
time
45.88,95.8371
soc
70,38
f1,f2,first_soc,front
112.618,11.7025,100,0
time
37.72,77.626
soc
75,62
f1,f2,first_soc,front
112.765,11.563,100,0
time
45.88,75.9817
soc
63,67
f1,f2,first_soc,front
112.26,12.1097,100,0
time
45.88,75.4767
soc
62,66
f1,f2,first_soc,front
109.389,14.9056,100,0
time
43.16
soc
80
f1,f2,first_soc,front
106.358,18.3705,100,0
time
43.16
soc
74
f1,f2,first_soc,front
105.025,19.8933,100,0
time
44.52
soc
69
f1,f2,first_soc,front
104.843,20.103,100,0
time
43.16
soc
71
f1,f2,first_soc,front
109.066,15.2734,100,0
time
44.52
soc
77
f1,f2,first_soc,front
110.252,13.9172,100,0
time
45.88
soc
77
f1,f2,first_soc,front
109.747,14.4947,100,0
time
45.88
soc
76
f1,f2,first_soc,front
105.677,19.149,100,0
time
41.8
soc
75
f1,f2,first_soc,front
108.055,16.4284,100,0
time
44.52
soc
75
f1,f2,first_soc,front
109.066,15.2734,100,0
time
44.52
soc
77
f1,f2,first_soc,front
107.55,17.0059,100,0
time
44.52
soc
74
f1,f2,first_soc,front
106.035,18.7383,100,0
time
44.52
soc
71
f1,f2,first_soc,front
105.025,19.8933,100,0
time
44.52
soc
69
f1,f2,first_soc,front
105.202,19.6922,100,0
time
45.88
soc
67
f1,f2,first_soc,front
106.717,17.9597,100,0
time
45.88
soc
70
f1,f2,first_soc,front
108.737,15.6497,100,0
time
45.88
soc
74
f1,f2,first_soc,front
109.747,14.4947,100,0
time
45.88
soc
76
f1,f2,first_soc,front
110.757,13.3397,100,0
time
45.88
soc
78
f1,f2,first_soc,front
112.391,11.9595,100,0
time
45.88,95.8371
soc
70,38
f1,f2,first_soc,front
107.55,17.0059,100,0
time
44.52
soc
74
f1,f2,first_soc,front
106.035,18.7383,100,0
time
44.52
soc
71
f1,f2,first_soc,front
104.015,21.0483,100,0
time
44.52
soc
67
f1,f2,first_soc,front
104.162,20.8815,100,0
time
41.8
soc
72
f1,f2,first_soc,front
105.025,19.8933,100,0
time
44.52
soc
69
f1,f2,first_soc,front
108.055,16.4284,100,0
time
44.52
soc
75
f1,f2,first_soc,front
105.172,19.7265,100,0
time
41.8
soc
74
f1,f2,first_soc,front
107.727,16.8047,100,0
time
45.88
soc
72
f1,f2,first_soc,front
105.202,19.6922,100,0
time
45.88
soc
67
f1,f2,first_soc,front
106.717,17.9597,100,0
time
45.88
soc
70
f1,f2,first_soc,front
108.737,15.6497,100,0
time
45.88
soc
74
f1,f2,first_soc,front
104.697,20.2697,100,0
time
45.88
soc
66
f1,f2,first_soc,front
108.232,16.2272,100,0
time
45.88
soc
73
f1,f2,first_soc,front
104.697,20.2697,100,0
time
45.88
soc
66
f1,f2,first_soc,front
106.358,18.3705,100,0
time
43.16
soc
74
f1,f2,first_soc,front
104.843,20.103,100,0
time
43.16
soc
71
f1,f2,first_soc,front
104.162,20.8815,100,0
time
41.8
soc
72
f1,f2,first_soc,front
105.025,19.8933,100,0
time
44.52
soc
69
f1,f2,first_soc,front
108.232,16.2272,100,0
time
45.88
soc
73
f1,f2,first_soc,front
105.172,19.7265,100,0
time
41.8
soc
74
f1,f2,first_soc,front
107.727,16.8047,100,0
time
45.88
soc
72
f1,f2,first_soc,front
109.389,14.9056,100,0
time
43.16
soc
80
f1,f2,first_soc,front
105.677,19.149,100,0
time
41.8
soc
75
f1,f2,first_soc,front
112.553,11.7747,100,0
time
45.88,73.067
soc
68,76
f1,f2,first_soc,front
112.391,11.9595,100,0
time
45.88,95.8371
soc
70,38
f1,f2,first_soc,front
111.263,12.7622,100,0
time
45.88
soc
79
f1,f2,first_soc,front
111.768,12.1847,100,0
time
45.88
soc
80
f1,f2,first_soc,front
110.757,13.3397,100,0
time
45.88
soc
78
f1,f2,first_soc,front
112.618,11.7025,100,0
time
37.72,77.626
soc
75,62
f1,f2,first_soc,front
112.618,11.7025,100,0
time
37.72,77.626
soc
75,62
f1,f2,first_soc,front
106.212,18.5372,100,0
time
45.88
soc
69
f1,f2,first_soc,front
106.182,18.5715,100,0
time
41.8
soc
76
f1,f2,first_soc,front
108.202,16.2616,100,0
time
41.8
soc
80
f1,f2,first_soc,front
107.192,17.4165,100,0
time
41.8
soc
78
f1,f2,first_soc,front
107.222,17.3822,100,0
time
45.88
soc
71
f1,f2,first_soc,front
104.667,20.304,100,0
time
41.8
soc
73
f1,f2,first_soc,front
106.687,17.994,100,0
time
41.8
soc
77
f1,f2,first_soc,front
107.697,16.839,100,0
time
41.8
soc
79
f1,f2,first_soc,front
105.172,19.7265,100,0
time
41.8
soc
74
f1,f2,first_soc,front
108.232,16.2272,100,0
time
45.88
soc
73
f1,f2,first_soc,front
104.697,20.2697,100,0
time
45.88
soc
66
f1,f2,first_soc,front
105.707,19.1147,100,0
time
45.88
soc
68
f1,f2,first_soc,front
105.677,19.149,100,0
time
41.8
soc
75
f1,f2,first_soc,front
107.727,16.8047,100,0
time
45.88
soc
72
f1,f2,first_soc,front
112.538,11.7921,100,0
time
45.88,96.1474
soc
76,43
f1,f2,first_soc,front
112.553,11.7747,100,0
time
45.88,73.067
soc
68,76
f1,f2,first_soc,front
105.707,19.1147,100,0
time
45.88
soc
68
f1,f2,first_soc,front
107.727,16.8047,100,0
time
45.88
soc
72
f1,f2,first_soc,front
105.202,19.6922,100,0
time
45.88
soc
67
f1,f2,first_soc,front
108.232,16.2272,100,0
time
45.88
soc
73
f1,f2,first_soc,front
104.697,20.2697,100,0
time
45.88
soc
66
f1,f2,first_soc,front
106.717,17.9597,100,0
time
45.88
soc
70
f1,f2,first_soc,front
111.768,12.1847,100,0
time
45.88
soc
80
f1,f2,first_soc,front
111.263,12.7622,100,0
time
45.88
soc
79
f1,f2,first_soc,front
103.656,21.459,100,0
time
41.8
soc
71
f1,f2,first_soc,front
105.348,19.5255,100,0
time
43.16
soc
72
f1,f2,first_soc,front
103.656,21.459,100,0
time
41.8
soc
71
f1,f2,first_soc,front
103.656,21.459,100,0
time
41.8
soc
71
f1,f2,first_soc,front
105.348,19.5255,100,0
time
43.16
soc
72
f1,f2,first_soc,front
104.015,21.0483,100,0
time
44.52
soc
67
f1,f2,first_soc,front
107.222,17.3822,100,0
time
45.88
soc
71
f1,f2,first_soc,front
104.015,21.0483,100,0
time
44.52
soc
67
f1,f2,first_soc,front
105.677,19.149,100,0
time
41.8
soc
75
f1,f2,first_soc,front
105.202,19.6922,100,0
time
45.88
soc
67
f1,f2,first_soc,front
105.53,19.3158,100,0
time
44.52
soc
70
f1,f2,first_soc,front
105.707,19.1147,100,0
time
45.88
soc
68
f1,f2,first_soc,front
105.53,19.3158,100,0
time
44.52
soc
70
f1,f2,first_soc,front
105.677,19.149,100,0
time
41.8
soc
75
f1,f2,first_soc,front
105.53,19.3158,100,0
time
44.52
soc
70
f1,f2,first_soc,front
103.656,21.459,100,0
time
41.8
soc
71
f1,f2,first_soc,front
105.707,19.1147,100,0
time
45.88
soc
68
f1,f2,first_soc,front
105.707,19.1147,100,0
time
45.88
soc
68
f1,f2,first_soc,front
105.677,19.149,100,0
time
41.8
soc
75
f1,f2,first_soc,front
105.707,19.1147,100,0
time
45.88
soc
68
f1,f2,first_soc,front
103.656,21.459,100,0
time
41.8
soc
71
f1,f2,first_soc,front
103.656,21.459,100,0
time
41.8
soc
71
f1,f2,first_soc,front
105.677,19.149,100,0
time
41.8
soc
75
f1,f2,first_soc,front
105.348,19.5255,100,0
time
43.16
soc
72
f1,f2,first_soc,front
105.348,19.5255,100,0
time
43.16
soc
72
f1,f2,first_soc,front
105.677,19.149,100,0
time
41.8
soc
75
f1,f2,first_soc,front
103.656,21.459,100,0
time
41.8
soc
71
f1,f2,first_soc,front
105.348,19.5255,100,0
time
43.16
soc
72
f1,f2,first_soc,front
105.348,19.5255,100,0
time
43.16
soc
72
f1,f2,first_soc,front
104.697,20.2697,100,0
time
45.88
soc
66
f1,f2,first_soc,front
105.025,19.8933,100,0
time
44.52
soc
69
f1,f2,first_soc,front
105.025,19.8933,100,0
time
44.52
soc
69
f1,f2,first_soc,front
105.025,19.8933,100,0
time
44.52
soc
69
f1,f2,first_soc,front
104.015,21.0483,100,0
time
44.52
soc
67
f1,f2,first_soc,front
104.015,21.0483,100,0
time
44.52
soc
67
f1,f2,first_soc,front
104.843,20.103,100,0
time
43.16
soc
71
f1,f2,first_soc,front
104.843,20.103,100,0
time
43.16
soc
71
f1,f2,first_soc,front
104.843,20.103,100,0
time
43.16
soc
71
f1,f2,first_soc,front
104.015,21.0483,100,0
time
44.52
soc
67
f1,f2,first_soc,front
104.843,20.103,100,0
time
43.16
soc
71
f1,f2,first_soc,front
104.843,20.103,100,0
time
43.16
soc
71
f1,f2,first_soc,front
104.843,20.103,100,0
time
43.16
soc
71
f1,f2,first_soc,front
104.843,20.103,100,0
time
43.16
soc
71
f1,f2,first_soc,front
104.843,20.103,100,0
time
43.16
soc
71
f1,f2,first_soc,front
105.025,19.8933,100,0
time
44.52
soc
69
f1,f2,first_soc,front
104.697,20.2697,100,0
time
45.88
soc
66
f1,f2,first_soc,front
104.162,20.8815,100,0
time
41.8
soc
72
f1,f2,first_soc,front
104.697,20.2697,100,0
time
45.88
soc
66
f1,f2,first_soc,front
104.697,20.2697,100,0
time
45.88
soc
66
f1,f2,first_soc,front
104.162,20.8815,100,0
time
41.8
soc
72
f1,f2,first_soc,front
104.697,20.2697,100,0
time
45.88
soc
66
第99世代
f1,f2,first_soc,front
103.656,21.459,100,0
time
41.8
soc
71
f1,f2,first_soc,front
113.735,11.5601,100,0
time
44.52,96.3205
soc
76,43
f1,f2,first_soc,front
111.768,12.1847,100,0
time
45.88
soc
80
f1,f2,first_soc,front
113.735,11.5601,100,0
time
44.52,96.3205
soc
76,43
f1,f2,first_soc,front
112.765,11.563,100,0
time
45.88,75.9817
soc
63,67
f1,f2,first_soc,front
104.52,20.4708,100,0
time
44.52
soc
68
f1,f2,first_soc,front
110.252,13.9172,100,0
time
45.88
soc
77
f1,f2,first_soc,front
110.076,14.1184,100,0
time
44.52
soc
79
f1,f2,first_soc,front
109.747,14.4947,100,0
time
45.88
soc
76
f1,f2,first_soc,front
111.755,12.6872,100,0
time
45.88,75.9817
soc
63,65
f1,f2,first_soc,front
110.757,13.3397,100,0
time
45.88
soc
78
f1,f2,first_soc,front
111.25,13.2647,100,0
time
45.88,75.9817
soc
63,64
f1,f2,first_soc,front
112.26,12.1097,100,0
time
45.88,75.4767
soc
62,66
f1,f2,first_soc,front
104.162,20.8815,100,0
time
41.8
soc
72
f1,f2,first_soc,front
111.25,13.2647,100,0
time
45.88,75.4767
soc
62,64
f1,f2,first_soc,front
111.755,12.6872,100,0
time
45.88,75.9817
soc
63,65
f1,f2,first_soc,front
111.263,12.7622,100,0
time
45.88
soc
79
f1,f2,first_soc,front
111.263,12.7622,100,0
time
45.88
soc
79
f1,f2,first_soc,front
104.015,21.0483,100,0
time
44.52
soc
67
f1,f2,first_soc,front
104.162,20.8815,100,0
time
41.8
soc
72
f1,f2,first_soc,front
103.656,21.459,100,0
time
41.8
soc
71
f1,f2,first_soc,front
109.571,14.6959,100,0
time
44.52
soc
78
f1,f2,first_soc,front
108.379,16.0606,100,0
time
43.16
soc
78
f1,f2,first_soc,front
106.864,17.793,100,0
time
43.16
soc
75
f1,f2,first_soc,front
107.045,17.5834,100,0
time
44.52
soc
73
f1,f2,first_soc,front
107.55,17.0059,100,0
time
44.52
soc
74
f1,f2,first_soc,front
108.055,16.4284,100,0
time
44.52
soc
75
f1,f2,first_soc,front
108.884,15.4831,100,0
time
43.16
soc
79
f1,f2,first_soc,front
106.035,18.7383,100,0
time
44.52
soc
71
f1,f2,first_soc,front
106.358,18.3705,100,0
time
43.16
soc
74
f1,f2,first_soc,front
105.53,19.3158,100,0
time
44.52
soc
70
f1,f2,first_soc,front
109.066,15.2734,100,0
time
44.52
soc
77
f1,f2,first_soc,front
108.561,15.8509,100,0
time
44.52
soc
76
f1,f2,first_soc,front
109.066,15.2734,100,0
time
44.52
soc
77
f1,f2,first_soc,front
110.581,13.5409,100,0
time
44.52
soc
80
f1,f2,first_soc,front
109.571,14.6959,100,0
time
44.52
soc
78
f1,f2,first_soc,front
110.757,13.3397,100,0
time
45.88
soc
78
f1,f2,first_soc,front
108.737,15.6497,100,0
time
45.88
soc
74
f1,f2,first_soc,front
110.252,13.9172,100,0
time
45.88
soc
77
f1,f2,first_soc,front
110.076,14.1184,100,0
time
44.52
soc
79
f1,f2,first_soc,front
109.242,15.0722,100,0
time
45.88
soc
75
f1,f2,first_soc,front
106.54,18.1609,100,0
time
44.52
soc
72
f1,f2,first_soc,front
104.015,21.0483,100,0
time
44.52
soc
67
f1,f2,first_soc,front
103.656,21.459,100,0
time
41.8
soc
71
f1,f2,first_soc,front
105.025,19.8933,100,0
time
44.52
soc
69
f1,f2,first_soc,front
107.874,16.6381,100,0
time
43.16
soc
77
f1,f2,first_soc,front
107.369,17.2156,100,0
time
43.16
soc
76
f1,f2,first_soc,front
109.389,14.9056,100,0
time
43.16
soc
80
f1,f2,first_soc,front
105.348,19.5255,100,0
time
43.16
soc
72
f1,f2,first_soc,front
104.843,20.103,100,0
time
43.16
soc
71
f1,f2,first_soc,front
105.853,18.948,100,0
time
43.16
soc
73
f1,f2,first_soc,front
110.581,13.5409,100,0
time
44.52
soc
80
f1,f2,first_soc,front
112.391,11.9595,100,0
time
45.88,95.8371
soc
70,38
f1,f2,first_soc,front
105.53,19.3158,100,0
time
44.52
soc
70
f1,f2,first_soc,front
106.687,17.994,100,0
time
41.8
soc
77
f1,f2,first_soc,front
106.035,18.7383,100,0
time
44.52
soc
71
f1,f2,first_soc,front
107.55,17.0059,100,0
time
44.52
soc
74
f1,f2,first_soc,front
106.182,18.5715,100,0
time
41.8
soc
76
f1,f2,first_soc,front
108.055,16.4284,100,0
time
44.52
soc
75
f1,f2,first_soc,front
104.52,20.4708,100,0
time
44.52
soc
68
f1,f2,first_soc,front
107.045,17.5834,100,0
time
44.52
soc
73
f1,f2,first_soc,front
105.172,19.7265,100,0
time
41.8
soc
74
f1,f2,first_soc,front
106.358,18.3705,100,0
time
43.16
soc
74
f1,f2,first_soc,front
108.737,15.6497,100,0
time
45.88
soc
74
f1,f2,first_soc,front
107.727,16.8047,100,0
time
45.88
soc
72
f1,f2,first_soc,front
106.864,17.793,100,0
time
43.16
soc
75
f1,f2,first_soc,front
108.884,15.4831,100,0
time
43.16
soc
79
f1,f2,first_soc,front
109.242,15.0722,100,0
time
45.88
soc
75
f1,f2,first_soc,front
108.379,16.0606,100,0
time
43.16
soc
78
f1,f2,first_soc,front
107.222,17.3822,100,0
time
45.88
soc
71
f1,f2,first_soc,front
112.765,11.563,100,0
time
45.88,75.9817
soc
63,67
f1,f2,first_soc,front
112.391,11.9595,100,0
time
45.88,95.8371
soc
70,38
f1,f2,first_soc,front
112.26,12.1097,100,0
time
45.88,75.4767
soc
62,66
f1,f2,first_soc,front
112.618,11.7025,100,0
time
37.72,77.626
soc
75,62
f1,f2,first_soc,front
109.389,14.9056,100,0
time
43.16
soc
80
f1,f2,first_soc,front
107.874,16.6381,100,0
time
43.16
soc
77
f1,f2,first_soc,front
107.369,17.2156,100,0
time
43.16
soc
76
f1,f2,first_soc,front
105.025,19.8933,100,0
time
44.52
soc
69
f1,f2,first_soc,front
105.348,19.5255,100,0
time
43.16
soc
72
f1,f2,first_soc,front
105.853,18.948,100,0
time
43.16
soc
73
f1,f2,first_soc,front
104.843,20.103,100,0
time
43.16
soc
71
f1,f2,first_soc,front
108.561,15.8509,100,0
time
44.52
soc
76
f1,f2,first_soc,front
110.581,13.5409,100,0
time
44.52
soc
80
f1,f2,first_soc,front
109.747,14.4947,100,0
time
45.88
soc
76
f1,f2,first_soc,front
107.697,16.839,100,0
time
41.8
soc
79
f1,f2,first_soc,front
108.202,16.2616,100,0
time
41.8
soc
80
f1,f2,first_soc,front
104.667,20.304,100,0
time
41.8
soc
73
f1,f2,first_soc,front
107.192,17.4165,100,0
time
41.8
soc
78
f1,f2,first_soc,front
105.202,19.6922,100,0
time
45.88
soc
67
f1,f2,first_soc,front
108.232,16.2272,100,0
time
45.88
soc
73
f1,f2,first_soc,front
106.212,18.5372,100,0
time
45.88
soc
69
f1,f2,first_soc,front
108.561,15.8509,100,0
time
44.52
soc
76
f1,f2,first_soc,front
106.54,18.1609,100,0
time
44.52
soc
72
f1,f2,first_soc,front
106.212,18.5372,100,0
time
45.88
soc
69
f1,f2,first_soc,front
105.707,19.1147,100,0
time
45.88
soc
68
f1,f2,first_soc,front
108.232,16.2272,100,0
time
45.88
soc
73
f1,f2,first_soc,front
108.202,16.2616,100,0
time
41.8
soc
80
f1,f2,first_soc,front
104.667,20.304,100,0
time
41.8
soc
73
f1,f2,first_soc,front
106.717,17.9597,100,0
time
45.88
soc
70
f1,f2,first_soc,front
110.581,13.5409,100,0
time
44.52
soc
80
f1,f2,first_soc,front
109.747,14.4947,100,0
time
45.88
soc
76
f1,f2,first_soc,front
112.538,11.7921,100,0
time
45.88,96.1474
soc
76,43
f1,f2,first_soc,front
105.677,19.149,100,0
time
41.8
soc
75
f1,f2,first_soc,front
104.015,21.0483,100,0
time
44.52
soc
67
f1,f2,first_soc,front
106.54,18.1609,100,0
time
44.52
soc
72
f1,f2,first_soc,front
106.717,17.9597,100,0
time
45.88
soc
70
f1,f2,first_soc,front
104.697,20.2697,100,0
time
45.88
soc
66
f1,f2,first_soc,front
105.707,19.1147,100,0
time
45.88
soc
68
f1,f2,first_soc,front
112.538,11.7921,100,0
time
45.88,96.1474
soc
76,43
f1,f2,first_soc,front
104.843,20.103,100,0
time
43.16
soc
71
f1,f2,first_soc,front
105.348,19.5255,100,0
time
43.16
soc
72
f1,f2,first_soc,front
105.853,18.948,100,0
time
43.16
soc
73
f1,f2,first_soc,front
104.697,20.2697,100,0
time
45.88
soc
66
f1,f2,first_soc,front
105.202,19.6922,100,0
time
45.88
soc
67
f1,f2,first_soc,front
105.677,19.149,100,0
time
41.8
soc
75
f1,f2,first_soc,front
107.192,17.4165,100,0
time
41.8
soc
78
f1,f2,first_soc,front
107.369,17.2156,100,0
time
43.16
soc
76
f1,f2,first_soc,front
109.389,14.9056,100,0
time
43.16
soc
80
f1,f2,first_soc,front
105.025,19.8933,100,0
time
44.52
soc
69
f1,f2,first_soc,front
107.874,16.6381,100,0
time
43.16
soc
77
f1,f2,first_soc,front
107.697,16.839,100,0
time
41.8
soc
79
f1,f2,first_soc,front
104.015,21.0483,100,0
time
44.52
soc
67
f1,f2,first_soc,front
104.162,20.8815,100,0
time
41.8
soc
72
f1,f2,first_soc,front
112.618,11.7025,100,0
time
37.72,77.626
soc
75,62
f1,f2,first_soc,front
112.553,11.7747,100,0
time
45.88,73.067
soc
68,76
f1,f2,first_soc,front
111.263,12.7622,100,0
time
45.88
soc
79
f1,f2,first_soc,front
111.768,12.1847,100,0
time
45.88
soc
80
f1,f2,first_soc,front
112.618,11.7025,100,0
time
37.72,77.626
soc
75,62
f1,f2,first_soc,front
107.222,17.3822,100,0
time
45.88
soc
71
f1,f2,first_soc,front
106.182,18.5715,100,0
time
41.8
soc
76
f1,f2,first_soc,front
107.727,16.8047,100,0
time
45.88
soc
72
f1,f2,first_soc,front
106.687,17.994,100,0
time
41.8
soc
77
f1,f2,first_soc,front
105.172,19.7265,100,0
time
41.8
soc
74
f1,f2,first_soc,front
104.697,20.2697,100,0
time
45.88
soc
66
f1,f2,first_soc,front
107.192,17.4165,100,0
time
41.8
soc
78
f1,f2,first_soc,front
105.677,19.149,100,0
time
41.8
soc
75
f1,f2,first_soc,front
107.697,16.839,100,0
time
41.8
soc
79
f1,f2,first_soc,front
105.202,19.6922,100,0
time
45.88
soc
67
f1,f2,first_soc,front
112.553,11.7747,100,0
time
45.88,73.067
soc
68,76
f1,f2,first_soc,front
105.707,19.1147,100,0
time
45.88
soc
68
f1,f2,first_soc,front
106.717,17.9597,100,0
time
45.88
soc
70
f1,f2,first_soc,front
105.677,19.149,100,0
time
41.8
soc
75
f1,f2,first_soc,front
104.697,20.2697,100,0
time
45.88
soc
66
f1,f2,first_soc,front
112.538,11.7921,100,0
time
45.88,96.1474
soc
76,43
f1,f2,first_soc,front
111.263,12.7622,100,0
time
45.88
soc
79
f1,f2,first_soc,front
111.768,12.1847,100,0
time
45.88
soc
80
f1,f2,first_soc,front
105.677,19.149,100,0
time
41.8
soc
75
f1,f2,first_soc,front
105.025,19.8933,100,0
time
44.52
soc
69
f1,f2,first_soc,front
105.677,19.149,100,0
time
41.8
soc
75
f1,f2,first_soc,front
105.677,19.149,100,0
time
41.8
soc
75
f1,f2,first_soc,front
103.656,21.459,100,0
time
41.8
soc
71
f1,f2,first_soc,front
105.202,19.6922,100,0
time
45.88
soc
67
f1,f2,first_soc,front
103.656,21.459,100,0
time
41.8
soc
71
f1,f2,first_soc,front
105.53,19.3158,100,0
time
44.52
soc
70
f1,f2,first_soc,front
105.53,19.3158,100,0
time
44.52
soc
70
f1,f2,first_soc,front
105.202,19.6922,100,0
time
45.88
soc
67
f1,f2,first_soc,front
105.53,19.3158,100,0
time
44.52
soc
70
f1,f2,first_soc,front
103.656,21.459,100,0
time
41.8
soc
71
f1,f2,first_soc,front
105.202,19.6922,100,0
time
45.88
soc
67
f1,f2,first_soc,front
105.348,19.5255,100,0
time
43.16
soc
72
f1,f2,first_soc,front
105.677,19.149,100,0
time
41.8
soc
75
f1,f2,first_soc,front
105.677,19.149,100,0
time
41.8
soc
75
f1,f2,first_soc,front
105.348,19.5255,100,0
time
43.16
soc
72
f1,f2,first_soc,front
103.656,21.459,100,0
time
41.8
soc
71
f1,f2,first_soc,front
105.348,19.5255,100,0
time
43.16
soc
72
f1,f2,first_soc,front
105.348,19.5255,100,0
time
43.16
soc
72
f1,f2,first_soc,front
105.677,19.149,100,0
time
41.8
soc
75
f1,f2,first_soc,front
105.677,19.149,100,0
time
41.8
soc
75
f1,f2,first_soc,front
105.348,19.5255,100,0
time
43.16
soc
72
f1,f2,first_soc,front
105.348,19.5255,100,0
time
43.16
soc
72
f1,f2,first_soc,front
105.348,19.5255,100,0
time
43.16
soc
72
f1,f2,first_soc,front
105.348,19.5255,100,0
time
43.16
soc
72
f1,f2,first_soc,front
104.015,21.0483,100,0
time
44.52
soc
67
f1,f2,first_soc,front
104.697,20.2697,100,0
time
45.88
soc
66
f1,f2,first_soc,front
103.656,21.459,100,0
time
41.8
soc
71
f1,f2,first_soc,front
104.697,20.2697,100,0
time
45.88
soc
66
f1,f2,first_soc,front
104.697,20.2697,100,0
time
45.88
soc
66
f1,f2,first_soc,front
104.697,20.2697,100,0
time
45.88
soc
66
f1,f2,first_soc,front
104.697,20.2697,100,0
time
45.88
soc
66
f1,f2,first_soc,front
104.697,20.2697,100,0
time
45.88
soc
66
f1,f2,first_soc,front
104.697,20.2697,100,0
time
45.88
soc
66
f1,f2,first_soc,front
104.697,20.2697,100,0
time
45.88
soc
66
f1,f2,first_soc,front
103.656,21.459,100,0
time
41.8
soc
71
f1,f2,first_soc,front
103.656,21.459,100,0
time
41.8
soc
71
f1,f2,first_soc,front
103.656,21.459,100,0
time
41.8
soc
71
f1,f2,first_soc,front
104.52,20.4708,100,0
time
44.52
soc
68
f1,f2,first_soc,front
104.52,20.4708,100,0
time
44.52
soc
68
f1,f2,first_soc,front
104.162,20.8815,100,0
time
41.8
soc
72
f1,f2,first_soc,front
103.656,21.459,100,0
time
41.8
soc
71
f1,f2,first_soc,front
104.015,21.0483,100,0
time
44.52
soc
67
f1,f2,first_soc,front
104.162,20.8815,100,0
time
41.8
soc
72
f1,f2,first_soc,front
104.162,20.8815,100,0
time
41.8
soc
72
f1,f2,first_soc,front
104.015,21.0483,100,0
time
44.52
soc
67
f1,f2,first_soc,front
104.162,20.8815,100,0
time
41.8
soc
72
f1,f2,first_soc,front
104.162,20.8815,100,0
time
41.8
soc
72
f1,f2,first_soc,front
104.162,20.8815,100,0
time
41.8
soc
72
f1,f2,first_soc,front
104.162,20.8815,100,0
time
41.8
soc
72
f1,f2,first_soc,front
104.015,21.0483,100,0
time
44.52
soc
67
f1,f2,first_soc,front
104.015,21.0483,100,0
time
44.52
soc
67
f1,f2,first_soc,front
104.015,21.0483,100,0
time
44.52
soc
67
第100世代
f1,f2,first_soc,front
103.656,21.459,100,0
time
41.8
soc
71
f1,f2,first_soc,front
113.735,11.5601,100,0
time
44.52,96.3205
soc
76,43
f1,f2,first_soc,front
112.765,11.563,100,0
time
45.88,75.9817
soc
63,67
f1,f2,first_soc,front
111.263,12.7622,100,0
time
45.88
soc
79
f1,f2,first_soc,front
111.25,13.2647,100,0
time
45.88,75.9817
soc
63,64
f1,f2,first_soc,front
113.735,11.5601,100,0
time
44.52,96.3205
soc
76,43
f1,f2,first_soc,front
104.162,20.8815,100,0
time
41.8
soc
72
f1,f2,first_soc,front
110.076,14.1184,100,0
time
44.52
soc
79
f1,f2,first_soc,front
109.747,14.4947,100,0
time
45.88
soc
76
f1,f2,first_soc,front
110.757,13.3397,100,0
time
45.88
soc
78
f1,f2,first_soc,front
111.768,12.1847,100,0
time
45.88
soc
80
f1,f2,first_soc,front
110.252,13.9172,100,0
time
45.88
soc
77
f1,f2,first_soc,front
110.252,13.9172,100,0
time
45.88
soc
77
f1,f2,first_soc,front
104.015,21.0483,100,0
time
44.52
soc
67
f1,f2,first_soc,front
104.52,20.4708,100,0
time
44.52
soc
68
f1,f2,first_soc,front
111.768,12.1847,100,0
time
45.88
soc
80
f1,f2,first_soc,front
111.755,12.6872,100,0
time
45.88,75.9817
soc
63,65
f1,f2,first_soc,front
111.755,12.6872,100,0
time
45.88,76.4868
soc
64,65
f1,f2,first_soc,front
112.26,12.1097,100,0
time
45.88,75.9817
soc
63,66
f1,f2,first_soc,front
103.656,21.459,100,0
time
41.8
soc
71
f1,f2,first_soc,front
104.015,21.0483,100,0
time
44.52
soc
67
f1,f2,first_soc,front
104.52,20.4708,100,0
time
44.52
soc
68
f1,f2,first_soc,front
109.389,14.9056,100,0
time
43.16
soc
80
f1,f2,first_soc,front
106.864,17.793,100,0
time
43.16
soc
75
f1,f2,first_soc,front
107.045,17.5834,100,0
time
44.52
soc
73
f1,f2,first_soc,front
107.369,17.2156,100,0
time
43.16
soc
76
f1,f2,first_soc,front
108.884,15.4831,100,0
time
43.16
soc
79
f1,f2,first_soc,front
107.55,17.0059,100,0
time
44.52
soc
74
f1,f2,first_soc,front
109.066,15.2734,100,0
time
44.52
soc
77
f1,f2,first_soc,front
108.055,16.4284,100,0
time
44.52
soc
75
f1,f2,first_soc,front
108.379,16.0606,100,0
time
43.16
soc
78
f1,f2,first_soc,front
104.843,20.103,100,0
time
43.16
soc
71
f1,f2,first_soc,front
105.025,19.8933,100,0
time
44.52
soc
69
f1,f2,first_soc,front
106.035,18.7383,100,0
time
44.52
soc
71
f1,f2,first_soc,front
106.358,18.3705,100,0
time
43.16
soc
74
f1,f2,first_soc,front
110.581,13.5409,100,0
time
44.52
soc
80
f1,f2,first_soc,front
110.076,14.1184,100,0
time
44.52
soc
79
f1,f2,first_soc,front
108.737,15.6497,100,0
time
45.88
soc
74
f1,f2,first_soc,front
108.561,15.8509,100,0
time
44.52
soc
76
f1,f2,first_soc,front
109.066,15.2734,100,0
time
44.52
soc
77
f1,f2,first_soc,front
109.571,14.6959,100,0
time
44.52
soc
78
f1,f2,first_soc,front
110.757,13.3397,100,0
time
45.88
soc
78
f1,f2,first_soc,front
109.747,14.4947,100,0
time
45.88
soc
76
f1,f2,first_soc,front
105.853,18.948,100,0
time
43.16
soc
73
f1,f2,first_soc,front
105.53,19.3158,100,0
time
44.52
soc
70
f1,f2,first_soc,front
106.54,18.1609,100,0
time
44.52
soc
72
f1,f2,first_soc,front
103.656,21.459,100,0
time
41.8
soc
71
f1,f2,first_soc,front
106.54,18.1609,100,0
time
44.52
soc
72
f1,f2,first_soc,front
105.853,18.948,100,0
time
43.16
soc
73
f1,f2,first_soc,front
109.242,15.0722,100,0
time
45.88
soc
75
f1,f2,first_soc,front
110.581,13.5409,100,0
time
44.52
soc
80
f1,f2,first_soc,front
112.538,11.7921,100,0
time
45.88,96.1474
soc
76,43
f1,f2,first_soc,front
112.391,11.9595,100,0
time
45.88,95.8371
soc
70,38
f1,f2,first_soc,front
106.035,18.7383,100,0
time
44.52
soc
71
f1,f2,first_soc,front
107.55,17.0059,100,0
time
44.52
soc
74
f1,f2,first_soc,front
106.687,17.994,100,0
time
41.8
soc
77
f1,f2,first_soc,front
108.202,16.2616,100,0
time
41.8
soc
80
f1,f2,first_soc,front
108.055,16.4284,100,0
time
44.52
soc
75
f1,f2,first_soc,front
104.667,20.304,100,0
time
41.8
soc
73
f1,f2,first_soc,front
105.025,19.8933,100,0
time
44.52
soc
69
f1,f2,first_soc,front
105.172,19.7265,100,0
time
41.8
soc
74
f1,f2,first_soc,front
107.045,17.5834,100,0
time
44.52
soc
73
f1,f2,first_soc,front
105.707,19.1147,100,0
time
45.88
soc
68
f1,f2,first_soc,front
106.212,18.5372,100,0
time
45.88
soc
69
f1,f2,first_soc,front
106.358,18.3705,100,0
time
43.16
soc
74
f1,f2,first_soc,front
106.864,17.793,100,0
time
43.16
soc
75
f1,f2,first_soc,front
108.737,15.6497,100,0
time
45.88
soc
74
f1,f2,first_soc,front
108.884,15.4831,100,0
time
43.16
soc
79
f1,f2,first_soc,front
107.727,16.8047,100,0
time
45.88
soc
72
f1,f2,first_soc,front
108.379,16.0606,100,0
time
43.16
soc
78
f1,f2,first_soc,front
109.389,14.9056,100,0
time
43.16
soc
80
f1,f2,first_soc,front
107.369,17.2156,100,0
time
43.16
soc
76
f1,f2,first_soc,front
112.618,11.7025,100,0
time
37.72,77.626
soc
75,62
f1,f2,first_soc,front
112.26,12.1097,100,0
time
45.88,75.4767
soc
62,66
f1,f2,first_soc,front
112.391,11.9595,100,0
time
45.88,95.8371
soc
70,38
f1,f2,first_soc,front
109.571,14.6959,100,0
time
44.52
soc
78
f1,f2,first_soc,front
108.561,15.8509,100,0
time
44.52
soc
76
f1,f2,first_soc,front
107.874,16.6381,100,0
time
43.16
soc
77
f1,f2,first_soc,front
105.348,19.5255,100,0
time
43.16
soc
72
f1,f2,first_soc,front
110.581,13.5409,100,0
time
44.52
soc
80
f1,f2,first_soc,front
106.182,18.5715,100,0
time
41.8
soc
76
f1,f2,first_soc,front
105.677,19.149,100,0
time
41.8
soc
75
f1,f2,first_soc,front
107.697,16.839,100,0
time
41.8
soc
79
f1,f2,first_soc,front
107.192,17.4165,100,0
time
41.8
soc
78
f1,f2,first_soc,front
108.232,16.2272,100,0
time
45.88
soc
73
f1,f2,first_soc,front
107.222,17.3822,100,0
time
45.88
soc
71
f1,f2,first_soc,front
109.571,14.6959,100,0
time
44.52
soc
78
f1,f2,first_soc,front
107.874,16.6381,100,0
time
43.16
soc
77
f1,f2,first_soc,front
108.561,15.8509,100,0
time
44.52
soc
76
f1,f2,first_soc,front
105.348,19.5255,100,0
time
43.16
soc
72
f1,f2,first_soc,front
105.53,19.3158,100,0
time
44.52
soc
70
f1,f2,first_soc,front
104.697,20.2697,100,0
time
45.88
soc
66
f1,f2,first_soc,front
108.232,16.2272,100,0
time
45.88
soc
73
f1,f2,first_soc,front
109.242,15.0722,100,0
time
45.88
soc
75
f1,f2,first_soc,front
110.581,13.5409,100,0
time
44.52
soc
80
f1,f2,first_soc,front
104.162,20.8815,100,0
time
41.8
soc
72
f1,f2,first_soc,front
105.53,19.3158,100,0
time
44.52
soc
70
f1,f2,first_soc,front
105.348,19.5255,100,0
time
43.16
soc
72
f1,f2,first_soc,front
106.717,17.9597,100,0
time
45.88
soc
70
f1,f2,first_soc,front
105.202,19.6922,100,0
time
45.88
soc
67
f1,f2,first_soc,front
107.874,16.6381,100,0
time
43.16
soc
77
f1,f2,first_soc,front
104.697,20.2697,100,0
time
45.88
soc
66
f1,f2,first_soc,front
104.843,20.103,100,0
time
43.16
soc
71
f1,f2,first_soc,front
109.242,15.0722,100,0
time
45.88
soc
75
f1,f2,first_soc,front
105.202,19.6922,100,0
time
45.88
soc
67
f1,f2,first_soc,front
105.348,19.5255,100,0
time
43.16
soc
72
f1,f2,first_soc,front
112.765,11.563,100,0
time
45.88,75.9817
soc
63,67
f1,f2,first_soc,front
104.843,20.103,100,0
time
43.16
soc
71
f1,f2,first_soc,front
107.222,17.3822,100,0
time
45.88
soc
71
f1,f2,first_soc,front
106.182,18.5715,100,0
time
41.8
soc
76
f1,f2,first_soc,front
104.015,21.0483,100,0
time
44.52
soc
67
f1,f2,first_soc,front
106.717,17.9597,100,0
time
45.88
soc
70
f1,f2,first_soc,front
105.677,19.149,100,0
time
41.8
soc
75
f1,f2,first_soc,front
107.697,16.839,100,0
time
41.8
soc
79
f1,f2,first_soc,front
107.192,17.4165,100,0
time
41.8
soc
78
f1,f2,first_soc,front
104.162,20.8815,100,0
time
41.8
soc
72
f1,f2,first_soc,front
104.52,20.4708,100,0
time
44.52
soc
68
f1,f2,first_soc,front
107.874,16.6381,100,0
time
43.16
soc
77
f1,f2,first_soc,front
112.618,11.7025,100,0
time
37.72,77.626
soc
75,62
f1,f2,first_soc,front
111.755,12.6872,100,0
time
45.88,75.9817
soc
63,65
f1,f2,first_soc,front
111.25,13.2647,100,0
time
45.88,75.9817
soc
63,64
f1,f2,first_soc,front
112.553,11.7747,100,0
time
45.88,73.067
soc
68,76
f1,f2,first_soc,front
112.553,11.7747,100,0
time
45.88,73.067
soc
68,76
f1,f2,first_soc,front
111.263,12.7622,100,0
time
45.88
soc
79
f1,f2,first_soc,front
112.26,12.1097,100,0
time
45.88,75.4767
soc
62,66
f1,f2,first_soc,front
106.212,18.5372,100,0
time
45.88
soc
69
f1,f2,first_soc,front
108.202,16.2616,100,0
time
41.8
soc
80
f1,f2,first_soc,front
104.667,20.304,100,0
time
41.8
soc
73
f1,f2,first_soc,front
105.172,19.7265,100,0
time
41.8
soc
74
f1,f2,first_soc,front
107.727,16.8047,100,0
time
45.88
soc
72
f1,f2,first_soc,front
105.707,19.1147,100,0
time
45.88
soc
68
f1,f2,first_soc,front
106.687,17.994,100,0
time
41.8
soc
77
f1,f2,first_soc,front
106.717,17.9597,100,0
time
45.88
soc
70
f1,f2,first_soc,front
107.192,17.4165,100,0
time
41.8
soc
78
f1,f2,first_soc,front
106.182,18.5715,100,0
time
41.8
soc
76
f1,f2,first_soc,front
107.222,17.3822,100,0
time
45.88
soc
71
f1,f2,first_soc,front
105.202,19.6922,100,0
time
45.88
soc
67
f1,f2,first_soc,front
105.677,19.149,100,0
time
41.8
soc
75
f1,f2,first_soc,front
107.697,16.839,100,0
time
41.8
soc
79
f1,f2,first_soc,front
112.538,11.7921,100,0
time
45.88,96.1474
soc
76,43
f1,f2,first_soc,front
104.697,20.2697,100,0
time
45.88
soc
66
f1,f2,first_soc,front
105.202,19.6922,100,0
time
45.88
soc
67
f1,f2,first_soc,front
111.263,12.7622,100,0
time
45.88
soc
79
f1,f2,first_soc,front
112.765,11.563,100,0
time
45.88,75.9817
soc
63,67
f1,f2,first_soc,front
112.538,11.7921,100,0
time
45.88,96.1474
soc
76,43
f1,f2,first_soc,front
105.025,19.8933,100,0
time
44.52
soc
69
f1,f2,first_soc,front
112.538,11.7921,100,0
time
45.88,96.1474
soc
76,43
f1,f2,first_soc,front
105.025,19.8933,100,0
time
44.52
soc
69
f1,f2,first_soc,front
105.025,19.8933,100,0
time
44.52
soc
69
f1,f2,first_soc,front
105.202,19.6922,100,0
time
45.88
soc
67
f1,f2,first_soc,front
105.025,19.8933,100,0
time
44.52
soc
69
f1,f2,first_soc,front
105.025,19.8933,100,0
time
44.52
soc
69
f1,f2,first_soc,front
112.538,11.7921,100,0
time
45.88,96.1474
soc
76,43
f1,f2,first_soc,front
112.538,11.7921,100,0
time
45.88,96.1474
soc
76,43
f1,f2,first_soc,front
104.843,20.103,100,0
time
43.16
soc
71
f1,f2,first_soc,front
104.843,20.103,100,0
time
43.16
soc
71
f1,f2,first_soc,front
112.553,11.7747,100,0
time
45.88,73.067
soc
68,76
f1,f2,first_soc,front
104.697,20.2697,100,0
time
45.88
soc
66
f1,f2,first_soc,front
104.697,20.2697,100,0
time
45.88
soc
66
f1,f2,first_soc,front
105.348,19.5255,100,0
time
43.16
soc
72
f1,f2,first_soc,front
105.348,19.5255,100,0
time
43.16
soc
72
f1,f2,first_soc,front
111.768,12.1847,100,0
time
45.88
soc
80
f1,f2,first_soc,front
105.348,19.5255,100,0
time
43.16
soc
72
f1,f2,first_soc,front
105.348,19.5255,100,0
time
43.16
soc
72
f1,f2,first_soc,front
105.348,19.5255,100,0
time
43.16
soc
72
f1,f2,first_soc,front
105.348,19.5255,100,0
time
43.16
soc
72
f1,f2,first_soc,front
105.348,19.5255,100,0
time
43.16
soc
72
f1,f2,first_soc,front
105.348,19.5255,100,0
time
43.16
soc
72
f1,f2,first_soc,front
105.348,19.5255,100,0
time
43.16
soc
72
f1,f2,first_soc,front
105.348,19.5255,100,0
time
43.16
soc
72
f1,f2,first_soc,front
105.348,19.5255,100,0
time
43.16
soc
72
f1,f2,first_soc,front
111.768,12.1847,100,0
time
45.88
soc
80
f1,f2,first_soc,front
105.348,19.5255,100,0
time
43.16
soc
72
f1,f2,first_soc,front
105.348,19.5255,100,0
time
43.16
soc
72
f1,f2,first_soc,front
105.202,19.6922,100,0
time
45.88
soc
67
f1,f2,first_soc,front
105.348,19.5255,100,0
time
43.16
soc
72
f1,f2,first_soc,front
105.348,19.5255,100,0
time
43.16
soc
72
f1,f2,first_soc,front
105.348,19.5255,100,0
time
43.16
soc
72
f1,f2,first_soc,front
105.348,19.5255,100,0
time
43.16
soc
72
f1,f2,first_soc,front
105.348,19.5255,100,0
time
43.16
soc
72
f1,f2,first_soc,front
112.26,12.1097,100,0
time
45.88,75.4767
soc
62,66
f1,f2,first_soc,front
105.202,19.6922,100,0
time
45.88
soc
67
f1,f2,first_soc,front
105.202,19.6922,100,0
time
45.88
soc
67
f1,f2,first_soc,front
105.202,19.6922,100,0
time
45.88
soc
67
f1,f2,first_soc,front
105.202,19.6922,100,0
time
45.88
soc
67
f1,f2,first_soc,front
104.697,20.2697,100,0
time
45.88
soc
66
f1,f2,first_soc,front
105.202,19.6922,100,0
time
45.88
soc
67
f1,f2,first_soc,front
105.202,19.6922,100,0
time
45.88
soc
67
f1,f2,first_soc,front
112.26,12.1097,100,0
time
45.88,75.4767
soc
62,66
f1,f2,first_soc,front
103.656,21.459,100,0
time
41.8
soc
71
f1,f2,first_soc,front
104.162,20.8815,100,0
time
41.8
soc
72
f1,f2,first_soc,front
112.765,11.563,100,0
time
45.88,75.9817
soc
63,67
f1,f2,first_soc,front
104.015,21.0483,100,0
time
44.52
soc
67
f1,f2,first_soc,front
104.015,21.0483,100,0
time
44.52
soc
67
f1,f2,first_soc,front
104.015,21.0483,100,0
time
44.52
soc
67
f1,f2,first_soc,front
104.015,21.0483,100,0
time
44.52
soc
67
f1,f2,first_soc,front
104.015,21.0483,100,0
time
44.52
soc
67
f1,f2,first_soc,front
104.015,21.0483,100,0
time
44.52
soc
67
f1,f2,first_soc,front
104.015,21.0483,100,0
time
44.52
soc
67
f1,f2,first_soc,front
113.735,11.5601,100,0
time
44.52,96.3205
soc
76,43
